CPU0
P1,1	10	47
P2,1	48	128
P3,1	129	158
P4,1	159	229
P5,1	230	267
P6,1	268	331
P7,1	332	411
P8,1	412	481
P9,1	482	551
P10,1	552	585
P11,1	586	701
P12,1	702	735
P13,1	736	843
P14,1	844	938
P15,1	939	1015
P16,1	1016	1087
P17,1	1088	1157
P18,1	1158	1226
P19,1	1227	1279
P20,1	1280	1313
P21,1	1314	1424
P22,1	1425	1494
P23,1	1495	1537
P24,1	1538	1585
P2,2	1586	1690
P25,1	1691	1810
P26,1	1811	1895
P27,1	1896	1937
P28,1	1938	1980
P29,1	1981	2047
P30,1	2048	2139
P31,1	2140	2236
P32,1	2237	2281
P33,1	2282	2347
P34,1	2348	2422
P35,1	2423	2523
P36,1	2524	2565
P37,1	2566	2630
P38,1	2631	2740
P39,1	2741	2792
P40,1	2793	2832
P41,1	2833	2893
P42,1	2894	2934
P43,1	2935	2988
P44,1	2989	3040
P45,1	3041	3156
P46,1	3157	3188
P4,2	3189	3296
P47,1	3297	3398
P48,1	3399	3475
P49,1	3476	3511
P50,1	3512	3566
P51,1	3567	3644
P52,1	3645	3675
P53,1	3676	3709
P54,1	3710	3778
P55,1	3779	3886
P56,1	3887	3961
P57,1	3962	4045
P58,1	4046	4131
P59,1	4132	4216
P60,1	4217	4261
P61,1	4262	4365
P62,1	4366	4464
P63,1	4465	4494
P64,1	4495	4589
P65,1	4590	4677
P66,1	4678	4743
P67,1	4744	4825
P68,1	4826	4867
P69,1	4868	4975
P70,1	4976	5017
P71,1	5018	5054
P72,1	5055	5127
P7,2	5128	5200
P73,1	5201	5264
P74,1	5265	5295
P75,1	5296	5338
P76,1	5339	5438
P77,1	5439	5488
P78,1	5489	5553
P79,1	5554	5634
P80,1	5635	5680
P81,1	5681	5789
P82,1	5790	5846
P83,1	5847	5886
P84,1	5887	5976
P85,1	5977	6089
P86,1	6090	6144
P87,1	6145	6201
P88,1	6202	6252
P89,1	6253	6349
P90,1	6350	6398
P91,1	6399	6453
P92,1	6454	6571
P93,1	6572	6617
P94,1	6618	6715
P95,1	6716	6816
P96,1	6817	6903
P97,1	6904	6966
P10,2	6967	7049
P98,1	7050	7169
P99,1	7170	7265
P100,1	7266	7350
P101,1	7351	7421
P102,1	7422	7490
P103,1	7491	7529
P104,1	7530	7631
P105,1	7632	7696
P106,1	7697	7809
P107,1	7810	7889
P108,1	7890	7950
P109,1	7951	8022
P110,1	8023	8129
P111,1	8130	8236
P112,1	8237	8298
P113,1	8299	8377
P114,1	8378	8465
P115,1	8466	8564
P116,1	8565	8611
P117,1	8612	8676
P118,1	8677	8780
P119,1	8781	8848
P120,1	8849	8966
P121,1	8967	9030
P122,1	9031	9086
P123,1	9087	9117
P12,2	9118	9171
P124,1	9172	9215
P125,1	9216	9322
P126,1	9323	9388
P127,1	9389	9493
P128,1	9494	9594
P129,1	9595	9668
P130,1	9669	9770
P131,1	9771	9837
P132,1	9838	9940
P133,1	9941	9975
P134,1	9976	10069
P135,1	10070	10113
P136,1	10114	10175
P137,1	10176	10285
P138,1	10286	10335
P139,1	10336	10422
P140,1	10423	10514
P141,1	10515	10555
P13,2	10556	10611
P142,1	10612	10679
P143,1	10680	10785
P144,1	10786	10844
P145,1	10845	10878
P146,1	10879	10908
P147,1	10909	10941
P148,1	10942	11060
P149,1	11061	11140
P150,1	11141	11233
P151,1	11234	11284
P152,1	11285	11402
P153,1	11403	11490
P154,1	11491	11602
P155,1	11603	11696
P156,1	11697	11802
P157,1	11803	11917
P158,1	11918	11956
P159,1	11957	12004
P160,1	12005	12113
P161,1	12114	12181
P162,1	12182	12259
P163,1	12260	12296
P164,1	12297	12395
P165,1	12396	12482
P166,1	12483	12560
P167,1	12561	12656
P15,2	12657	12693
P168,1	12694	12750
P169,1	12751	12802
P170,1	12803	12847
P171,1	12848	12954
P172,1	12955	13011
P173,1	13012	13128
P174,1	13129	13181
P175,1	13182	13246
P176,1	13247	13319
P177,1	13320	13423
P178,1	13424	13503
P179,1	13504	13578
P180,1	13579	13694
P181,1	13695	13776
P16,2	13777	13854
P182,1	13855	13909
P183,1	13910	13957
P184,1	13958	14076
P185,1	14077	14143
P186,1	14144	14210
P187,1	14211	14312
P188,1	14313	14424
P189,1	14425	14485
P190,1	14486	14518
P191,1	14519	14580
P192,1	14581	14656
P17,2	14657	14774
P193,1	14775	14878
P194,1	14879	14936
P195,1	14937	15006
P196,1	15007	15073
P197,1	15074	15119
P198,1	15120	15180
P199,1	15181	15294
P200,1	15295	15390
P18,2	15391	15427
P19,2	15428	15473
P21,2	15474	15508
P22,2	15509	15578
P23,2	15579	15653
P24,2	15654	15713
P25,2	15714	15824
P26,2	15825	15938
P28,2	15939	16026
P29,2	16027	16081
P30,2	16082	16146
P31,2	16147	16207
P32,2	16208	16266
P33,2	16267	16321
P34,2	16322	16394
P35,2	16395	16476
P36,2	16477	16592
P38,2	16593	16627
P40,2	16628	16704
P41,2	16705	16755
P43,2	16756	16859
P44,2	16860	16968
P46,2	16969	17033
P4,3	17034	17152
P48,2	17153	17247
P49,2	17248	17343
P50,2	17344	17437
P53,2	17438	17487
P54,2	17488	17557
P55,2	17558	17618
P56,2	17619	17648
P58,2	17649	17702
P60,2	17703	17817
P61,2	17818	17907
P63,2	17908	17996
P64,2	17997	18110
P65,2	18111	18171
P66,2	18172	18272
P67,2	18273	18306
P68,2	18307	18366
P69,2	18367	18459
P70,2	18460	18524
P75,2	18525	18620
P76,2	18621	18692
P77,2	18693	18739
P78,2	18740	18824
P80,2	18825	18917
P81,2	18918	19011
P83,2	19012	19079
P84,2	19080	19118
P85,2	19119	19184
P86,2	19185	19225
P88,2	19226	19334
P90,2	19335	19378
P91,2	19379	19455
P92,2	19456	19512
P95,2	19513	19562
P96,2	19563	19652
P97,2	19653	19763
P98,2	19764	19805
P99,2	19806	19906
P100,2	19907	20015
P101,2	20016	20063
P102,2	20064	20133
P103,2	20134	20164
P106,2	20165	20222
P107,2	20223	20329
P108,2	20330	20417
P109,2	20418	20520
P111,2	20521	20591
P112,2	20592	20679
P113,2	20680	20753
P115,2	20754	20822
P116,2	20823	20854
P118,2	20855	20969
P119,2	20970	21016
P120,2	21017	21096
P122,2	21097	21190
P123,2	21191	21291
P12,3	21292	21327
P124,2	21328	21406
P125,2	21407	21464
P126,2	21465	21578
P127,2	21579	21694
P129,2	21695	21748
P130,2	21749	21853
P131,2	21854	21888
P132,2	21889	21940
P133,2	21941	22059
P134,2	22060	22119
P135,2	22120	22178
P137,2	22179	22227
P138,2	22228	22286
P139,2	22287	22329
P141,2	22330	22382
P143,2	22383	22456
P144,2	22457	22508
P146,2	22509	22620
P149,2	22621	22684
P151,2	22685	22784
P152,2	22785	22856
P153,2	22857	22951
P154,2	22952	22998
P156,2	22999	23094
P158,2	23095	23126
P159,2	23127	23157
P161,2	23158	23188
P162,2	23189	23306
P15,3	23307	23364
P169,2	23365	23414
P171,2	23415	23457
P173,2	23458	23554
P176,2	23555	23663
P177,2	23664	23700
P181,2	23701	23812
P182,2	23813	23880
P183,2	23881	23945
P184,2	23946	24012
P185,2	24013	24095
P188,2	24096	24189
P189,2	24190	24246
P190,2	24247	24331
P192,2	24332	24402
P17,3	24403	24472
P194,2	24473	24507
P195,2	24508	24554
P200,2	24555	24652
P19,3	24653	24763
P24,3	24764	24809
P25,3	24810	24859
P28,3	24860	24921
P29,3	24922	24952
P30,3	24953	25004
P31,3	25005	25059
P33,3	25060	25177
P34,3	25178	25259
P38,3	25260	25379
P40,3	25380	25470
P41,3	25471	25534
P43,3	25535	25597
P46,3	25598	25651
P49,3	25652	25718
P50,3	25719	25748
P53,3	25749	25832
P58,3	25833	25867
P61,3	25868	25937
P64,3	25938	25994
P65,3	25995	26060
P66,3	26061	26146
P67,3	26147	26228
P75,3	26229	26265
P78,3	26266	26326
P80,3	26327	26370
P81,3	26371	26423
P83,3	26424	26520
P86,3	26521	26551
P91,3	26552	26592
P95,3	26593	26655
P96,3	26656	26752
P97,3	26753	26821
P99,3	26822	26860
P100,3	26861	26939
P102,3	26940	27047
P103,3	27048	27103
P107,3	27104	27219
P111,3	27220	27311
P112,3	27312	27350
P116,3	27351	27431
P120,3	27432	27477
P122,3	27478	27576
P123,3	27577	27657
P127,3	27658	27761
P131,3	27762	27826
P132,3	27827	27863
P133,3	27864	27934
P137,3	27935	27979
P139,3	27980	28064
P141,3	28065	28106
P143,3	28107	28194
P144,3	28195	28248
P146,3	28249	28314
P149,3	28315	28428
P158,3	28429	28458
P159,3	28459	28526
P161,3	28527	28625
P162,3	28626	28742
P169,3	28743	28776
P173,3	28777	28815
P177,3	28816	28866
P181,3	28867	28970
P184,3	28971	29013
P189,3	29014	29098
P194,3	29099	29136
P195,3	29137	29244
P200,3	29245	29353
