CPU0
P1,1	10	25
P2,1	26	33
P4,1	34	41
P6,1	42	49
P2,1	50	57
P4,1	58	65
P5,1	66	73
P8,1	74	81
P2,1	82	89
P1,1	90	95
P4,1	96	103
P5,1	104	111
P11,1	112	119
P8,1	120	127
P13,1	128	135
P3,1	136	141
P15,1	142	149
P16,1	150	157
P18,1	158	165
P7,1	166	173
P19,1	174	181
P20,1	182	189
P6,1	190	197
P22,1	198	205
P8,1	206	213
P24,1	214	221
P14,1	222	229
P25,1	230	237
P15,1	238	245
P16,1	246	253
P17,1	254	261
P29,1	262	269
P4,1	270	277
P30,1	278	285
P31,1	286	293
P10,1	294	301
P33,1	302	309
P34,1	310	317
P35,1	318	325
P6,1	326	333
P38,1	334	341
P22,1	342	349
P39,1	350	357
P12,1	358	365
P41,1	366	373
P42,1	374	381
P43,1	382	389
P45,1	390	397
P46,1	398	405
P25,1	406	413
P26,1	414	421
P9,1	422	429
P49,1	430	437
P27,1	438	445
P50,1	446	453
P51,1	454	461
P29,1	462	469
P18,1	470	477
P4,1	478	485
P55,1	486	493
P56,1	494	501
P19,1	502	509
P10,1	510	517
P58,1	518	525
P33,1	526	533
P60,1	534	541
P11,1	542	549
P35,1	550	557
P6,1	558	565
P37,1	566	573
P38,1	574	581
P22,1	582	589
P23,1	590	597
P8,1	598	605
P66,1	606	613
P40,1	614	621
P41,1	622	629
P42,1	630	637
P13,1	638	645
P43,1	646	653
P70,1	654	661
P14,1	662	669
P46,1	670	677
P72,1	678	685
P47,1	686	693
P15,1	694	701
P9,1	702	709
P74,1	710	717
P16,1	718	725
P76,1	726	733
P17,1	734	741
P50,1	742	749
P78,1	750	757
P79,1	758	765
P29,1	766	773
P80,1	774	781
P54,1	782	789
P4,1	790	797
P7,1	798	805
P55,1	806	813
P30,1	814	821
P86,1	822	829
P31,1	830	837
P19,1	838	845
P88,1	846	853
P89,1	854	861
P59,1	862	869
P33,1	870	877
P91,1	878	885
P34,1	886	893
P61,1	894	901
P93,1	902	909
P36,1	910	917
P6,1	918	925
P62,1	926	933
P63,1	934	941
P38,1	942	949
P97,1	950	957
P98,1	958	965
P23,1	966	973
P99,1	974	981
P8,1	982	989
P101,1	990	997
P66,1	998	1005
P104,1	1006	1013
P67,1	1014	1021
P106,1	1022	1029
P24,1	1030	1037
P68,1	1038	1045
P108,1	1046	1053
P69,1	1054	1061
P43,1	1062	1069
P110,1	1070	1077
P112,1	1078	1085
P113,1	1086	1093
P114,1	1094	1101
P71,1	1102	1109
P2,1	1110	1117
P116,1	1118	1125
P25,1	1126	1133
P47,1	1134	1141
P118,1	1142	1149
P73,1	1150	1157
P9,1	1158	1165
P120,1	1166	1173
P49,1	1174	1181
P16,1	1182	1189
P122,1	1190	1197
P27,1	1198	1205
P17,1	1206	1213
P125,1	1214	1221
P126,1	1222	1229
P28,1	1230	1237
P78,1	1238	1245
P128,1	1246	1253
P79,1	1254	1261
P130,1	1262	1269
P29,1	1270	1277
P132,1	1278	1285
P18,1	1286	1293
P54,1	1294	1301
P4,1	1302	1309
P134,1	1310	1317
P7,1	1318	1325
P136,1	1326	1333
P84,1	1334	1341
P138,1	1342	1349
P85,1	1350	1357
P139,1	1358	1365
P140,1	1366	1373
P87,1	1374	1381
P19,1	1382	1389
P10,2	1390	1397
P142,1	1398	1405
P143,1	1406	1413
P58,1	1414	1421
P59,1	1422	1429
P90,1	1430	1437
P33,1	1438	1445
P147,1	1446	1453
P34,1	1454	1461
P11,1	1462	1469
P92,1	1470	1477
P93,1	1478	1485
P150,1	1486	1493
P94,1	1494	1501
P6,1	1502	1509
P95,1	1510	1517
P153,1	1518	1525
P154,1	1526	1533
P155,1	1534	1541
P156,1	1542	1549
P21,1	1550	1557
P157,1	1558	1565
P158,1	1566	1573
P64,1	1574	1581
P23,1	1582	1589
P39,1	1590	1597
P162,1	1598	1605
P100,1	1606	1613
P65,1	1614	1621
P164,1	1622	1629
P101,1	1630	1637
P66,1	1638	1645
P12,2	1646	1653
P103,1	1654	1661
P40,1	1662	1669
P67,1	1670	1677
P170,1	1678	1685
P106,1	1686	1693
P171,1	1694	1701
P172,1	1702	1709
P68,1	1710	1717
P173,1	1718	1725
P13,1	1726	1733
P69,1	1734	1741
P109,1	1742	1749
P177,1	1750	1757
P43,1	1758	1765
P179,1	1766	1773
P180,1	1774	1781
P181,1	1782	1789
P182,1	1790	1797
P183,1	1798	1805
P184,1	1806	1813
P114,1	1814	1821
P186,1	1822	1829
P71,1	1830	1837
P187,1	1838	1845
P115,1	1846	1853
P188,1	1854	1861
P25,1	1862	1869
P117,1	1870	1877
P47,1	1878	1885
P26,1	1886	1893
P192,1	1894	1901
P73,1	1902	1909
P119,1	1910	1917
P194,1	1918	1925
P48,1	1926	1933
P74,1	1934	1941
P196,1	1942	1949
P16,1	1950	1957
P75,1	1958	1965
P122,1	1966	1973
P199,1	1974	1981
P200,1	1982	1989
P17,1	1990	1997
P125,1	1998	2005
P126,1	2006	2013
P28,1	2014	2021
P78,1	2022	2029
P128,1	2030	2037
P79,1	2038	2045
P130,1	2046	2053
P29,1	2054	2061
P132,1	2062	2069
P18,1	2070	2077
P54,1	2078	2085
P4,1	2086	2092
P134,1	2093	2100
P7,1	2101	2108
P136,1	2109	2116
P84,1	2117	2124
P138,1	2125	2132
P85,1	2133	2140
P139,1	2141	2148
P140,1	2149	2156
P87,1	2157	2164
P19,1	2165	2172
P10,2	2173	2180
P142,1	2181	2188
P143,1	2189	2196
P58,1	2197	2204
P59,1	2205	2212
P90,1	2213	2220
P33,1	2221	2228
P147,1	2229	2236
P34,1	2237	2244
P11,1	2245	2252
P92,1	2253	2260
P93,1	2261	2268
P150,1	2269	2276
P94,1	2277	2284
P152,1	2285	2292
P62,1	2293	2300
P37,1	2301	2308
P63,1	2309	2314
P155,1	2315	2322
P156,1	2323	2330
P21,1	2331	2338
P157,1	2339	2346
P158,1	2347	2354
P64,1	2355	2362
P23,1	2363	2365
P39,1	2366	2373
P162,1	2374	2381
P100,1	2382	2389
P65,1	2390	2397
P164,1	2398	2405
P101,1	2406	2413
P66,1	2414	2421
P12,2	2422	2429
P103,1	2430	2437
P40,1	2438	2445
P67,1	2446	2453
P170,1	2454	2461
P106,1	2462	2469
P171,1	2470	2477
P172,1	2478	2485
P68,1	2486	2493
P173,1	2494	2501
P13,1	2502	2509
P69,1	2510	2517
P109,1	2518	2525
P177,1	2526	2533
P43,1	2534	2541
P179,1	2542	2549
P180,1	2550	2557
P181,1	2558	2565
P182,1	2566	2573
P183,1	2574	2581
P184,1	2582	2589
P114,1	2590	2597
P186,1	2598	2605
P71,1	2606	2613
P46,2	2614	2621
P116,1	2622	2629
P72,1	2630	2637
P189,1	2638	2645
P190,1	2646	2653
P191,1	2654	2661
P118,1	2662	2669
P15,1	2670	2677
P193,1	2678	2685
P9,1	2686	2693
P195,1	2694	2701
P120,1	2702	2709
P49,1	2710	2713
P196,1	2714	2721
P16,1	2722	2729
P75,1	2730	2737
P122,1	2738	2745
P199,1	2746	2753
P123,1	2754	2761
P124,1	2762	2769
P77,1	2770	2777
P50,1	2778	2785
P78,1	2786	2793
P128,1	2794	2801
P79,1	2802	2809
P131,1	2810	2817
P53,1	2818	2819
P132,1	2820	2827
P18,1	2828	2835
P54,1	2836	2843
P82,1	2844	2851
P134,1	2852	2859
P7,1	2860	2867
P136,1	2868	2875
P84,1	2876	2883
P138,1	2884	2891
P85,1	2892	2899
P139,1	2900	2907
P140,1	2908	2915
P87,1	2916	2923
P19,1	2924	2928
P57,1	2929	2936
P88,1	2937	2944
P32,1	2945	2949
P89,1	2950	2957
P144,1	2958	2965
P145,1	2966	2973
P146,1	2974	2981
P91,1	2982	2989
P60,1	2990	2997
P148,1	2998	3005
P61,1	3006	3013
P149,1	3014	3021
P35,1	3022	3029
P36,1	3030	3031
P94,1	3032	3039
P152,1	3040	3047
P62,1	3048	3055
P37,1	3056	3063
P63,2	3064	3071
P96,1	3072	3079
P38,1	3080	3087
P97,1	3088	3095
P22,1	3096	3103
P98,1	3104	3111
P159,1	3112	3119
P160,1	3120	3127
P161,1	3128	3135
P99,1	3136	3143
P8,1	3144	3149
P163,1	3150	3157
P165,1	3158	3165
P102,1	3166	3173
P166,1	3174	3181
P167,1	3182	3189
P104,1	3190	3197
P40,2	3198	3205
P169,1	3206	3213
P105,1	3214	3221
P41,1	3222	3229
P172,1	3230	3237
P42,1	3238	3238
P68,1	3239	3246
P173,1	3247	3254
P13,1	3255	3262
P69,1	3263	3270
P109,1	3271	3278
P177,1	3279	3286
P43,1	3287	3294
P179,1	3295	3302
P180,1	3303	3310
P181,1	3311	3318
P182,1	3319	3326
P183,1	3327	3334
P184,1	3335	3342
P114,1	3343	3350
P186,1	3351	3358
P71,1	3359	3363
P46,2	3364	3371
P115,1	3372	3379
P188,1	3380	3387
P25,1	3388	3395
P117,1	3396	3403
P47,1	3404	3411
P26,1	3412	3419
P192,1	3420	3427
P73,1	3428	3435
P119,1	3436	3443
P194,1	3444	3451
P48,1	3452	3459
P49,2	3460	3467
P121,1	3468	3475
P197,1	3476	3483
P198,1	3484	3491
P76,1	3492	3499
P200,1	3500	3507
P17,1	3508	3515
P125,1	3516	3523
P126,1	3524	3531
P28,2	3532	3539
P78,1	3540	3547
P128,1	3548	3555
P79,1	3556	3563
P131,1	3564	3571
P53,2	3572	3579
P80,1	3580	3587
P133,1	3588	3595
P81,1	3596	3603
P4,2	3604	3611
P135,1	3612	3619
P83,1	3620	3627
P55,1	3628	3635
P137,1	3636	3643
P30,1	3644	3651
P86,1	3652	3659
P56,1	3660	3667
P31,1	3668	3675
P141,1	3676	3683
P57,1	3684	3691
P88,1	3692	3699
P143,1	3700	3707
P89,1	3708	3715
P144,1	3716	3723
P145,1	3724	3731
P146,1	3732	3737
P91,1	3738	3745
P60,1	3746	3750
P148,1	3751	3758
P61,1	3759	3766
P149,1	3767	3774
P35,1	3775	3782
P36,2	3783	3790
P151,1	3791	3798
P95,1	3799	3806
P153,1	3807	3814
P154,1	3815	3822
P155,1	3823	3830
P156,1	3831	3838
P21,1	3839	3846
P157,1	3847	3854
P158,1	3855	3862
P64,1	3863	3870
P23,2	3871	3878
P39,1	3879	3882
P161,1	3883	3890
P99,1	3891	3898
P65,1	3899	3906
P164,1	3907	3914
P101,1	3915	3922
P66,1	3923	3930
P12,2	3931	3938
P103,1	3939	3945
P168,1	3946	3953
P67,1	3954	3961
P170,1	3962	3969
P106,1	3970	3977
P171,1	3978	3985
P24,2	3986	3993
P173,1	3994	4001
P13,1	4002	4009
P69,1	4010	4017
P109,1	4018	4025
P177,1	4026	4033
P43,1	4034	4039
P44,1	4040	4043
P110,1	4044	4051
P111,1	4052	4059
P112,1	4060	4067
P70,1	4068	4069
P183,1	4070	4077
P184,1	4078	4085
P114,1	4086	4093
P186,1	4094	4101
P187,1	4102	4109
P2,2	4110	4117
P116,1	4118	4125
P72,1	4126	4133
P189,1	4134	4141
P190,1	4142	4149
P191,1	4150	4157
P118,1	4158	4165
P15,1	4166	4173
P193,1	4174	4181
P194,1	4182	4189
P48,1	4190	4197
P49,2	4198	4205
P121,1	4206	4213
P197,1	4214	4221
P122,1	4222	4229
P199,1	4230	4237
P123,2	4238	4245
P124,1	4246	4253
P77,1	4254	4261
P50,1	4262	4268
P127,1	4269	4276
P51,1	4277	4284
P129,1	4285	4292
P130,1	4293	4300
P29,1	4301	4308
P132,1	4309	4316
P18,1	4317	4321
P54,1	4322	4329
P82,1	4330	4337
P134,1	4338	4345
P7,2	4346	4353
P83,2	4354	4361
P84,1	4362	4369
P138,1	4370	4377
P85,1	4378	4385
P139,1	4386	4393
P140,1	4394	4401
P87,1	4402	4409
P19,2	4410	4417
P10,2	4418	4425
P142,1	4426	4433
P32,2	4434	4441
P58,1	4442	4449
P59,1	4450	4457
P146,2	4458	4465
P91,1	4466	4473
P34,1	4474	4481
P11,1	4482	4489
P92,1	4490	4497
P93,1	4498	4503
P150,1	4504	4511
P94,1	4512	4519
P152,1	4520	4527
P62,1	4528	4535
P37,1	4536	4543
P63,2	4544	4551
P96,1	4552	4559
P38,1	4560	4567
P97,1	4568	4575
P22,1	4576	4581
P98,1	4582	4589
P159,1	4590	4597
P160,1	4598	4605
P162,1	4606	4613
P100,1	4614	4621
P163,1	4622	4626
P164,1	4627	4634
P101,1	4635	4642
P66,1	4643	4650
P12,2	4651	4658
P103,2	4659	4666
P168,1	4667	4674
P67,1	4675	4682
P170,1	4683	4690
P106,1	4691	4698
P172,1	4699	4706
P68,2	4707	4714
P173,1	4715	4722
P13,1	4723	4730
P69,1	4731	4738
P109,1	4739	4746
P177,1	4747	4754
P44,2	4755	4762
P179,1	4763	4770
P180,1	4771	4778
P181,1	4779	4786
P182,1	4787	4794
P183,1	4795	4802
P184,1	4803	4810
P114,1	4811	4818
P186,1	4819	4826
P187,1	4827	4834
P2,2	4835	4842
P116,1	4843	4849
P72,1	4850	4857
P189,1	4858	4865
P190,1	4866	4866
P47,1	4867	4874
P26,1	4875	4882
P192,1	4883	4890
P73,1	4891	4898
P119,1	4899	4906
P195,1	4907	4914
P120,1	4915	4922
P196,1	4923	4930
P16,2	4931	4938
P75,2	4939	4946
P122,1	4947	4954
P199,1	4955	4962
P123,2	4963	4970
P124,1	4971	4974
P77,1	4975	4976
P126,1	4977	4984
P50,2	4985	4992
P78,1	4993	5000
P128,1	5001	5008
P79,1	5009	5016
P131,1	5017	5024
P53,2	5025	5032
P80,2	5033	5040
P133,2	5041	5048
P81,1	5049	5056
P4,2	5057	5064
P135,1	5065	5068
P136,1	5069	5076
P55,1	5077	5084
P137,1	5085	5092
P30,1	5093	5100
P86,1	5101	5107
P56,1	5108	5115
P31,1	5116	5123
P141,1	5124	5124
P19,2	5125	5132
P10,2	5133	5140
P143,1	5141	5148
P89,1	5149	5156
P144,1	5157	5164
P90,1	5165	5165
P146,2	5166	5173
P91,1	5174	5180
P34,1	5181	5188
P11,1	5189	5196
P92,1	5197	5204
P35,1	5205	5212
P36,2	5213	5220
P151,1	5221	5228
P95,1	5229	5236
P153,1	5237	5244
P63,2	5245	5252
P96,1	5253	5260
P38,1	5261	5268
P97,1	5269	5276
P22,2	5277	5284
P158,2	5285	5292
P159,1	5293	5300
P160,1	5301	5308
P162,1	5309	5316
P100,1	5317	5324
P164,1	5325	5332
P101,1	5333	5340
P66,1	5341	5348
P12,2	5349	5356
P103,2	5357	5364
P168,1	5365	5372
P67,1	5373	5380
P170,1	5381	5385
P106,1	5386	5393
P171,1	5394	5401
P24,2	5402	5409
P107,1	5410	5417
P108,1	5418	5425
P174,1	5426	5433
P175,1	5434	5441
P176,1	5442	5449
P178,1	5450	5457
P43,2	5458	5465
P110,1	5466	5473
P111,1	5474	5481
P112,1	5482	5489
P70,2	5490	5497
P113,1	5498	5505
P45,1	5506	5513
P185,1	5514	5521
P14,1	5522	5529
P46,2	5530	5537
P115,1	5538	5545
P188,1	5546	5553
P25,1	5554	5561
P190,2	5562	5569
P47,1	5570	5577
P26,1	5578	5585
P192,1	5586	5593
P73,1	5594	5601
P119,1	5602	5609
P195,1	5610	5617
P120,1	5618	5625
P196,1	5626	5633
P16,2	5634	5641
P75,2	5642	5649
P122,1	5650	5657
P199,1	5658	5665
P123,2	5666	5673
P124,2	5674	5681
P77,2	5682	5689
P28,2	5690	5697
P127,1	5698	5705
P51,1	5706	5713
P129,1	5714	5721
P130,1	5722	5729
P29,2	5730	5737
P132,1	5738	5745
P18,2	5746	5753
P54,1	5754	5758
P82,1	5759	5759
P4,2	5760	5767
P7,2	5768	5775
P136,1	5776	5783
P55,1	5784	5791
P137,1	5792	5799
P85,1	5800	5807
P86,2	5808	5815
P140,1	5816	5823
P87,1	5824	5824
P141,2	5825	5832
P57,1	5833	5840
P88,2	5841	5848
P143,1	5849	5856
P89,1	5857	5864
P144,1	5865	5872
P90,2	5873	5880
P33,2	5881	5888
P91,2	5889	5896
P148,1	5897	5904
P61,1	5905	5912
P149,1	5913	5920
P150,1	5921	5928
P94,1	5929	5936
P95,1	5937	5944
P153,1	5945	5952
P63,2	5953	5960
P96,1	5961	5968
P38,1	5969	5976
P97,1	5977	5983
P22,2	5984	5991
P158,2	5992	5999
P23,2	6000	6007
P160,1	6008	6015
P162,1	6016	6023
P100,1	6024	6031
P164,1	6032	6039
P101,1	6040	6047
P66,1	6048	6049
P166,1	6050	6057
P167,1	6058	6065
P104,1	6066	6073
P40,2	6074	6081
P169,1	6082	6085
P106,1	6086	6093
P171,1	6094	6101
P24,2	6102	6109
P107,1	6110	6117
P108,1	6118	6122
P13,1	6123	6130
P175,1	6131	6138
P176,1	6139	6146
P178,1	6147	6154
P43,2	6155	6162
P110,1	6163	6170
P111,1	6171	6178
P112,1	6179	6184
P70,2	6185	6192
P183,2	6193	6200
P45,1	6201	6208
P185,1	6209	6216
P14,1	6217	6223
P46,2	6224	6231
P115,1	6232	6239
P188,1	6240	6247
P25,1	6248	6255
P190,2	6256	6263
P47,1	6264	6271
P26,1	6272	6276
P118,1	6277	6284
P15,2	6285	6292
P119,1	6293	6300
P195,1	6301	6308
P49,2	6309	6316
P121,1	6317	6324
P75,2	6325	6332
P76,1	6333	6340
P199,1	6341	6348
P123,2	6349	6356
P124,2	6357	6364
P77,2	6365	6372
P28,2	6373	6380
P127,1	6381	6388
P51,1	6389	6394
P129,1	6395	6402
P130,1	6403	6410
P29,2	6411	6418
P132,1	6419	6426
P18,2	6427	6434
P54,2	6435	6442
P4,2	6443	6450
P7,2	6451	6458
P136,1	6459	6464
P55,1	6465	6472
P137,1	6473	6480
P30,1	6481	6488
P139,1	6489	6496
P56,1	6497	6499
P140,1	6500	6507
P141,2	6508	6515
P57,1	6516	6523
P88,2	6524	6531
P143,1	6532	6539
P89,1	6540	6547
P144,1	6548	6550
P90,2	6551	6558
P33,2	6559	6566
P91,2	6567	6574
P34,2	6575	6582
P61,1	6583	6590
P149,1	6591	6598
P150,1	6599	6606
P94,1	6607	6614
P152,1	6615	6622
P62,1	6623	6630
P154,1	6631	6638
P155,1	6639	6646
P156,1	6647	6654
P21,1	6655	6662
P97,2	6663	6670
P98,1	6671	6678
P64,1	6679	6686
P159,2	6687	6694
P161,1	6695	6702
P99,1	6703	6710
P65,1	6711	6718
P165,1	6719	6726
P102,1	6727	6731
P66,2	6732	6739
P167,1	6740	6747
P103,2	6748	6754
P168,1	6755	6755
P40,2	6756	6763
P169,2	6764	6771
P41,2	6772	6779
P172,1	6780	6780
P24,2	6781	6788
P107,1	6789	6796
P108,2	6797	6804
P69,1	6805	6812
P109,1	6813	6820
P177,1	6821	6828
P44,2	6829	6836
P179,1	6837	6844
P180,1	6845	6852
P181,1	6853	6860
P182,2	6861	6868
P113,1	6869	6876
P184,1	6877	6884
P114,1	6885	6892
P186,1	6893	6900
P46,2	6901	6908
P115,1	6909	6916
P188,1	6917	6924
P189,1	6925	6929
P117,1	6930	6930
P47,1	6931	6938
P191,1	6939	6944
P192,1	6945	6952
P193,1	6953	6960
P194,1	6961	6962
P48,2	6963	6970
P49,2	6971	6978
P16,2	6979	6986
P198,1	6987	6991
P76,1	6992	6999
P199,1	7000	7007
P123,2	7008	7015
P124,2	7016	7023
P77,2	7024	7031
P50,2	7032	7039
P78,2	7040	7047
P129,1	7048	7055
P130,1	7056	7063
P53,2	7064	7071
P80,2	7072	7079
P133,2	7080	7087
P81,1	7088	7095
P134,1	7096	7103
P135,2	7104	7111
P55,1	7112	7119
P137,1	7120	7127
P30,1	7128	7131
P85,1	7132	7139
P86,2	7140	7147
P140,1	7148	7155
P141,2	7156	7163
P57,1	7164	7167
P88,2	7168	7175
P143,1	7176	7183
P89,1	7184	7191
P59,1	7192	7196
P90,2	7197	7204
P33,2	7205	7212
P91,2	7213	7220
P34,2	7221	7228
P61,1	7229	7236
P149,1	7237	7244
P150,1	7245	7252
P94,1	7253	7260
P152,1	7261	7268
P62,1	7269	7276
P154,1	7277	7284
P155,1	7285	7292
P156,1	7293	7300
P21,1	7301	7308
P97,2	7309	7316
P98,1	7317	7324
P64,1	7325	7332
P159,2	7333	7340
P161,1	7341	7344
P99,1	7345	7352
P65,1	7353	7360
P165,1	7361	7368
P101,2	7369	7376
P166,1	7377	7384
P12,3	7385	7392
P103,3	7393	7400
P67,1	7401	7402
P169,2	7403	7410
P41,2	7411	7418
P24,2	7419	7426
P107,1	7427	7434
P108,2	7435	7442
P69,1	7443	7450
P109,2	7451	7458
P178,1	7459	7466
P43,2	7467	7474
P110,1	7475	7482
P111,1	7483	7490
P112,2	7491	7498
P70,2	7499	7506
P183,2	7507	7514
P45,1	7515	7522
P185,1	7523	7525
P187,1	7526	7533
P2,2	7534	7541
P116,2	7542	7549
P25,1	7550	7557
P190,2	7558	7565
P26,2	7566	7573
P192,1	7574	7581
P193,1	7582	7589
P194,2	7590	7597
P120,1	7598	7605
P196,1	7606	7608
P16,2	7609	7616
P76,1	7617	7624
P199,1	7625	7632
P123,2	7633	7640
P124,2	7641	7648
P126,2	7649	7656
P28,2	7657	7664
P127,1	7665	7672
P128,1	7673	7680
P131,2	7681	7688
P53,2	7689	7690
P132,1	7691	7698
P18,2	7699	7703
P54,2	7704	7711
P4,2	7712	7719
P7,2	7720	7727
P83,2	7728	7735
P84,1	7736	7743
P30,2	7744	7751
P85,1	7752	7759
P86,2	7760	7767
P140,1	7768	7775
P141,2	7776	7783
P10,2	7784	7791
P143,1	7792	7799
P89,1	7800	7807
P144,2	7808	7815
P146,2	7816	7823
P60,2	7824	7831
P148,1	7832	7839
P11,1	7840	7843
P92,1	7844	7851
P35,1	7852	7856
P36,2	7857	7864
P151,2	7865	7872
P95,1	7873	7880
P153,1	7881	7888
P63,2	7889	7896
P96,1	7897	7903
P156,1	7904	7911
P21,1	7912	7918
P97,2	7919	7926
P98,1	7927	7934
P64,1	7935	7941
P159,2	7942	7948
P161,2	7949	7956
P99,1	7957	7964
P164,1	7965	7972
P102,2	7973	7980
P66,2	7981	7988
P167,1	7989	7996
P104,1	7997	8004
P67,2	8005	8012
P169,2	8013	8020
P41,2	8021	8028
P24,2	8029	8032
P68,2	8033	8040
P173,1	8041	8048
P13,2	8049	8056
P176,1	8057	8057
P177,1	8058	8065
P44,2	8066	8073
P179,1	8074	8076
P110,1	8077	8084
P111,1	8085	8092
P112,2	8093	8100
P70,2	8101	8108
P183,2	8109	8116
P45,1	8117	8124
P185,2	8125	8132
P46,2	8133	8133
P2,2	8134	8141
P188,1	8142	8149
P25,1	8150	8157
P190,2	8158	8165
P26,2	8166	8173
P192,1	8174	8177
P193,1	8178	8185
P194,2	8186	8193
P48,2	8194	8201
P49,2	8202	8209
P75,2	8210	8217
P122,2	8218	8225
P200,1	8226	8233
P17,2	8234	8241
P125,1	8242	8249
P77,2	8250	8257
P50,2	8258	8265
P78,2	8266	8273
P128,1	8274	8281
P131,2	8282	8289
P29,2	8290	8297
P80,2	8298	8305
P54,2	8306	8313
P4,2	8314	8321
P7,2	8322	8329
P83,2	8330	8337
P84,1	8338	8339
P137,1	8340	8347
P138,2	8348	8355
P139,1	8356	8362
P56,2	8363	8370
P31,2	8371	8378
P19,3	8379	8386
P143,1	8387	8394
P58,2	8395	8402
P90,2	8403	8410
P33,2	8411	8418
P91,2	8419	8426
P34,2	8427	8434
P92,1	8435	8442
P149,2	8443	8450
P36,2	8451	8458
P151,2	8459	8466
P95,1	8467	8474
P153,1	8475	8482
P63,2	8483	8490
P96,2	8491	8498
P38,1	8499	8504
P21,2	8505	8512
P22,2	8513	8520
P158,3	8521	8528
P64,2	8529	8536
P159,3	8537	8544
P99,1	8545	8552
P100,2	8553	8560
P164,1	8561	8568
P102,2	8569	8576
P66,2	8577	8584
P12,3	8585	8592
P103,3	8593	8600
P40,2	8601	8608
P106,1	8609	8616
P171,1	8617	8624
P68,2	8625	8632
P173,1	8633	8640
P13,2	8641	8648
P176,2	8649	8656
P177,1	8657	8664
P43,2	8665	8672
P180,1	8673	8680
P181,1	8681	8682
P112,2	8683	8690
P70,2	8691	8698
P183,2	8699	8706
P45,1	8707	8714
P187,1	8715	8722
P2,2	8723	8730
P188,1	8731	8738
P25,1	8739	8746
P190,2	8747	8754
P118,1	8755	8762
P15,3	8763	8770
P119,2	8771	8778
P195,2	8779	8786
P120,1	8787	8794
P16,2	8795	8802
P76,1	8803	8806
P199,1	8807	8814
P123,2	8815	8822
P124,2	8823	8830
P126,2	8831	8838
P28,2	8839	8846
P127,1	8847	8854
P129,2	8855	8862
P130,1	8863	8870
P53,3	8871	8878
P132,1	8879	8886
P133,2	8887	8894
P81,1	8895	8902
P134,1	8903	8908
P135,2	8909	8916
P55,1	8917	8920
P84,2	8921	8928
P30,2	8929	8936
P85,1	8937	8944
P56,2	8945	8950
P31,2	8951	8958
P19,3	8959	8966
P143,1	8967	8974
P144,2	8975	8982
P33,2	8983	8990
P91,2	8991	8998
P34,2	8999	9006
P61,2	9007	9014
P149,2	9015	9022
P36,2	9023	9030
P152,1	9031	9038
P154,1	9039	9046
P63,2	9047	9054
P96,2	9055	9062
P38,2	9063	9070
P21,2	9071	9078
P22,2	9079	9086
P158,3	9087	9094
P160,1	9095	9102
P161,2	9103	9110
P162,2	9111	9118
P65,2	9119	9126
P102,2	9127	9134
P66,2	9135	9142
P12,3	9143	9146
P103,3	9147	9154
P40,2	9155	9159
P169,2	9160	9167
P41,2	9168	9170
P24,3	9171	9178
P107,2	9179	9186
P108,2	9187	9194
P69,1	9195	9198
P109,2	9199	9206
P44,2	9207	9214
P110,1	9215	9222
P111,1	9223	9230
P112,2	9231	9238
P70,2	9239	9246
P183,2	9247	9254
P45,1	9255	9258
P185,2	9259	9266
P46,3	9267	9274
P115,1	9275	9277
P116,3	9278	9285
P25,2	9286	9293
P26,2	9294	9301
P192,2	9302	9309
P193,1	9310	9317
P194,2	9318	9325
P48,2	9326	9333
P49,2	9334	9341
P75,2	9342	9349
P122,2	9350	9357
P200,1	9358	9365
P17,2	9366	9373
P125,1	9374	9381
P28,2	9382	9389
P127,1	9390	9397
P129,2	9398	9405
P130,1	9406	9411
P53,3	9412	9419
P132,1	9420	9426
P133,2	9427	9434
P81,1	9435	9439
P4,2	9440	9447
P7,2	9448	9455
P83,2	9456	9459
P84,2	9460	9467
P30,2	9468	9475
P86,3	9476	9483
P139,2	9484	9491
P141,2	9492	9496
P88,2	9497	9504
P58,2	9505	9512
P146,2	9513	9520
P60,2	9521	9528
P148,1	9529	9536
P92,1	9537	9544
P35,2	9545	9552
P36,2	9553	9560
P152,1	9561	9568
P154,1	9569	9576
P63,2	9577	9584
P156,1	9585	9592
P157,1	9593	9600
P97,2	9601	9608
P98,1	9609	9616
P64,2	9617	9624
P159,3	9625	9632
P99,2	9633	9640
P100,2	9641	9648
P164,1	9649	9651
P102,2	9652	9659
P66,2	9660	9667
P67,2	9668	9675
P169,2	9676	9683
P41,3	9684	9691
P24,3	9692	9699
P173,1	9700	9707
P13,2	9708	9715
P176,2	9716	9723
P177,1	9724	9731
P43,2	9732	9739
P111,1	9740	9742
P181,2	9743	9750
P182,2	9751	9758
P183,2	9759	9766
P185,2	9767	9774
P2,2	9775	9782
P188,1	9783	9790
P189,2	9791	9798
P190,2	9799	9806
P192,2	9807	9814
P15,3	9815	9822
P119,2	9823	9830
P195,2	9831	9838
P120,1	9839	9846
P16,2	9847	9854
P76,2	9855	9862
P199,1	9863	9870
P123,2	9871	9878
P124,2	9879	9886
P28,2	9887	9894
P127,1	9895	9895
P78,2	9896	9903
P131,2	9904	9906
P130,2	9907	9914
P29,3	9915	9922
P132,2	9923	9930
P54,2	9931	9938
P4,2	9939	9946
P7,2	9947	9947
P135,2	9948	9950
P83,3	9951	9958
P137,1	9959	9964
P138,2	9965	9972
P85,1	9973	9973
P139,2	9974	9981
P141,3	9982	9989
P88,2	9990	9997
P58,2	9998	10005
P146,2	10006	10013
P33,3	10014	10021
P148,1	10022	10029
P92,1	10030	10035
P35,2	10036	10043
P36,2	10044	10051
P152,1	10052	10059
P154,1	10060	10067
P63,2	10068	10068
P96,2	10069	10076
P157,1	10077	10084
P97,2	10085	10092
P98,1	10093	10100
P160,1	10101	10105
P99,2	10106	10113
P162,2	10114	10121
P65,2	10122	10129
P101,2	10130	10137
P103,3	10138	10145
P169,2	10146	10147
P106,1	10148	10148
P41,3	10149	10156
P107,2	10157	10164
P108,2	10165	10172
P69,2	10173	10180
P109,2	10181	10188
P177,2	10189	10196
P180,1	10197	10204
P181,2	10205	10212
P182,2	10213	10220
P183,2	10221	10228
P185,2	10229	10236
P2,2	10237	10244
P188,1	10245	10252
P189,2	10253	10260
P190,2	10261	10268
P192,2	10269	10276
P15,3	10277	10284
P194,3	10285	10292
P48,2	10293	10300
P49,2	10301	10308
P75,2	10309	10316
P122,2	10317	10324
P200,2	10325	10332
P17,2	10333	10340
P125,2	10341	10348
P50,2	10349	10356
P127,2	10357	10364
P129,2	10365	10372
P130,2	10373	10380
P29,3	10381	10388
P132,2	10389	10396
P54,2	10397	10404
P4,2	10405	10412
P55,2	10413	10420
P84,2	10421	10428
P30,2	10429	10436
P86,3	10437	10444
P31,2	10445	10452
P19,3	10453	10460
P143,2	10461	10468
P144,2	10469	10472
P146,2	10473	10480
P33,3	10481	10488
P148,1	10489	10495
P61,2	10496	10503
P35,2	10504	10511
P36,2	10512	10519
P152,1	10520	10525
P153,2	10526	10533
P156,2	10534	10541
P38,2	10542	10549
P97,2	10550	10557
P98,2	10558	10565
P99,2	10566	10573
P162,2	10574	10581
P65,2	10582	10589
P66,2	10590	10597
P67,3	10598	10605
P40,3	10606	10613
P41,3	10614	10621
P24,3	10622	10629
P173,1	10630	10634
P13,2	10635	10642
P176,2	10643	10650
P44,2	10651	10658
P43,2	10659	10666
P111,2	10667	10674
P112,2	10675	10682
P113,2	10683	10690
P185,2	10691	10698
P2,2	10699	10706
P188,2	10707	10714
P189,2	10715	10722
P190,2	10723	10730
P192,2	10731	10738
P15,3	10739	10746
P195,2	10747	10753
P120,2	10754	10761
P75,2	10762	10769
P122,2	10770	10777
P123,2	10778	10785
P124,2	10786	10792
P126,2	10793	10800
P28,3	10801	10808
P78,2	10809	10816
P131,3	10817	10824
P53,3	10825	10832
P80,2	10833	10840
P133,2	10841	10848
P81,2	10849	10856
P55,2	10857	10864
P84,2	10865	10871
P30,2	10872	10879
P86,3	10880	10886
P139,2	10887	10894
P141,3	10895	10902
P88,2	10903	10910
P58,2	10911	10916
P146,2	10917	10924
P33,3	10925	10932
P61,2	10933	10940
P35,2	10941	10948
P36,2	10949	10956
P95,2	10957	10964
P153,2	10965	10972
P156,2	10973	10980
P38,2	10981	10983
P97,2	10984	10991
P98,2	10992	10999
P99,2	11000	11007
P162,2	11008	11015
P65,2	11016	11023
P66,2	11024	11031
P169,3	11032	11039
P106,2	11040	11047
P171,2	11048	11055
P107,2	11056	11063
P173,2	11064	11071
P69,2	11072	11079
P109,2	11080	11087
P177,2	11088	11095
P111,2	11096	11103
P112,2	11104	11111
P184,2	11112	11119
P46,3	11120	11127
P188,2	11128	11135
P189,2	11136	11136
P25,2	11137	11144
P26,2	11145	11152
P118,2	11153	11160
P194,3	11161	11168
P195,3	11169	11176
P49,3	11177	11184
P76,2	11185	11192
P200,2	11193	11200
P17,2	11201	11208
P126,2	11209	11216
P127,2	11217	11224
P129,2	11225	11230
P131,3	11231	11238
P53,3	11239	11246
P132,2	11247	11254
P81,2	11255	11262
P134,2	11263	11270
P83,3	11271	11278
P30,2	11279	11286
P139,2	11287	11289
P31,2	11290	11297
P19,3	11298	11305
P143,2	11306	11313
P58,3	11314	11321
P60,2	11322	11329
P91,3	11330	11337
P92,2	11338	11345
P149,2	11346	11353
P151,2	11354	11361
P152,2	11362	11369
P154,2	11370	11377
P96,2	11378	11385
P97,2	11386	11393
P98,2	11394	11401
P99,2	11402	11409
P162,2	11410	11417
P65,2	11418	11422
P66,2	11423	11430
P169,3	11431	11438
P106,2	11439	11446
P171,2	11447	11454
P108,2	11455	11462
P69,2	11463	11470
P109,2	11471	11478
P177,2	11479	11486
P111,2	11487	11494
P112,2	11495	11502
P184,2	11503	11510
P46,3	11511	11516
P188,2	11517	11524
P116,3	11525	11532
P26,2	11533	11540
P118,2	11541	11548
P194,3	11549	11556
P195,3	11557	11564
P49,3	11565	11572
P76,2	11573	11580
P200,2	11581	11588
P17,2	11589	11596
P126,2	11597	11604
P28,3	11605	11612
P78,2	11613	11620
P130,2	11621	11628
P132,2	11629	11636
P133,2	11637	11644
P4,3	11645	11652
P55,2	11653	11660
P137,2	11661	11668
P139,3	11669	11676
P141,3	11677	11684
P88,2	11685	11692
P144,3	11693	11700
P146,2	11701	11708
P33,3	11709	11716
P91,3	11717	11724
P92,2	11725	11732
P149,2	11733	11740
P95,2	11741	11748
P153,2	11749	11756
P156,2	11757	11764
P38,3	11765	11772
P64,2	11773	11780
P159,3	11781	11788
P161,3	11789	11796
P100,2	11797	11804
P66,2	11805	11812
P67,3	11813	11820
P40,3	11821	11828
P41,3	11829	11836
P107,2	11837	11844
P173,2	11845	11852
P176,2	11853	11860
P44,2	11861	11865
P177,2	11866	11870
P43,3	11871	11878
P112,2	11879	11886
P184,2	11887	11894
P115,2	11895	11902
P189,3	11903	11910
P25,2	11911	11918
P192,2	11919	11926
P15,3	11927	11928
P194,3	11929	11934
P195,3	11935	11942
P49,3	11943	11950
P76,2	11951	11958
P200,2	11959	11966
P17,2	11967	11974
P126,2	11975	11982
P28,3	11983	11990
P78,2	11991	11995
P130,2	11996	12003
P132,2	12004	12011
P133,2	12012	12019
P4,3	12020	12027
P55,2	12028	12035
P137,2	12036	12043
P85,2	12044	12051
P31,3	12052	12059
P19,3	12060	12067
P143,2	12068	12075
P58,3	12076	12083
P33,3	12084	12091
P91,3	12092	12099
P92,2	12100	12107
P149,3	12108	12115
P95,2	12116	12117
P152,2	12118	12125
P154,2	12126	12133
P96,2	12134	12141
P97,2	12142	12149
P98,2	12150	12157
P161,3	12158	12165
P100,2	12166	12173
P66,2	12174	12181
P67,3	12182	12189
P106,2	12190	12197
P171,2	12198	12205
P173,2	12206	12213
P176,2	12214	12221
P177,3	12222	12229
P43,3	12230	12237
P112,3	12238	12245
P184,2	12246	12253
P115,2	12254	12261
P189,3	12262	12269
P25,2	12270	12277
P192,2	12278	12284
P48,2	12285	12291
P120,2	12292	12299
P75,3	12300	12307
P122,3	12308	12315
P123,3	12316	12323
P125,2	12324	12331
P50,3	12332	12339
P127,2	12340	12347
P131,3	12348	12355
P53,3	12356	12363
P133,2	12364	12370
P4,3	12371	12378
P55,2	12379	12383
P137,2	12384	12391
P85,2	12392	12399
P31,3	12400	12407
P88,2	12408	12412
P143,2	12413	12420
P58,3	12421	12428
P33,3	12429	12436
P91,3	12437	12444
P92,2	12445	12452
P149,3	12453	12460
P152,2	12461	12468
P154,2	12469	12475
P96,2	12476	12483
P97,2	12484	12491
P98,2	12492	12493
P99,2	12494	12501
P162,2	12502	12509
P65,3	12510	12517
P102,3	12518	12525
P40,3	12526	12533
P41,3	12534	12541
P173,2	12542	12549
P176,2	12550	12557
P177,3	12558	12565
P43,3	12566	12573
P112,3	12574	12581
P185,2	12582	12584
P115,2	12585	12592
P189,3	12593	12600
P26,2	12601	12608
P195,3	12609	12616
P49,3	12617	12624
P76,2	12625	12632
P200,2	12633	12640
P17,3	12641	12648
P126,2	12649	12656
P127,2	12657	12664
P131,3	12665	12672
P53,3	12673	12676
P132,3	12677	12684
P133,3	12685	12692
P4,3	12693	12700
P137,2	12701	12701
P30,3	12702	12709
P139,3	12710	12717
P19,3	12718	12725
P144,3	12726	12733
P33,3	12734	12741
P91,3	12742	12749
P92,2	12750	12757
P95,3	12758	12765
P153,2	12766	12773
P96,2	12774	12781
P97,2	12782	12788
P64,2	12789	12796
P161,3	12797	12804
P100,2	12805	12812
P66,3	12813	12820
P67,3	12821	12828
P106,2	12829	12836
P173,2	12837	12844
P176,2	12845	12852
P111,2	12853	12860
P181,2	12861	12868
P184,2	12869	12876
P188,2	12877	12884
P25,2	12885	12892
P118,2	12893	12900
P120,2	12901	12908
P75,3	12909	12913
P200,2	12914	12921
P17,3	12922	12929
P126,2	12930	12937
P78,3	12938	12945
P130,2	12946	12953
P80,3	12954	12961
P81,2	12962	12969
P83,3	12970	12977
P30,3	12978	12985
P139,3	12986	12993
P19,3	12994	13001
P144,3	13002	13007
P146,3	13008	13015
P34,3	13016	13023
P92,2	13024	13024
P149,3	13025	13032
P152,2	13033	13040
P156,2	13041	13048
P97,3	13049	13056
P99,2	13057	13064
P162,2	13065	13072
P65,3	13073	13080
P102,3	13081	13088
P40,3	13089	13096
P173,2	13097	13104
P176,2	13105	13112
P111,2	13113	13119
P181,2	13120	13127
P184,2	13128	13135
P189,3	13136	13143
P26,2	13144	13145
P118,2	13146	13153
P120,2	13154	13161
P122,3	13162	13169
P123,3	13170	13177
P126,2	13178	13185
P78,3	13186	13193
P132,3	13194	13201
P133,3	13202	13209
P4,3	13210	13217
P137,3	13218	13225
P85,2	13226	13227
P31,3	13228	13235
P143,2	13236	13243
P33,3	13244	13251
P61,2	13252	13253
P149,3	13254	13261
P152,2	13262	13269
P156,2	13270	13277
P38,3	13278	13285
P64,2	13286	13293
P161,3	13294	13301
P100,2	13302	13309
P66,3	13310	13317
P67,3	13318	13325
P107,2	13326	13328
P173,2	13329	13336
P176,2	13337	13344
P43,3	13345	13352
P181,2	13353	13360
P188,2	13361	13368
P25,2	13369	13376
P195,3	13377	13384
P49,3	13385	13387
P122,3	13388	13395
P123,3	13396	13403
P126,2	13404	13405
P127,2	13406	13413
P130,2	13414	13421
P133,3	13422	13429
P4,3	13430	13437
P137,3	13438	13445
P139,3	13446	13453
P143,2	13454	13455
P146,3	13456	13463
P61,3	13464	13471
P149,3	13472	13479
P152,2	13480	13487
P96,3	13488	13495
P97,3	13496	13503
P99,2	13504	13508
P162,2	13509	13516
P65,3	13517	13524
P102,3	13525	13532
P40,3	13533	13535
P173,2	13536	13543
P176,2	13544	13548
P43,3	13549	13556
P181,2	13557	13564
P188,2	13565	13572
P25,2	13573	13580
P195,3	13581	13588
P122,3	13589	13596
P123,3	13597	13604
P127,2	13605	13612
P130,2	13613	13620
P81,2	13621	13626
P83,3	13627	13634
P30,3	13635	13638
P139,3	13639	13646
P143,3	13647	13654
P33,3	13655	13662
P34,3	13663	13670
P95,3	13671	13678
P96,3	13679	13686
P97,3	13687	13694
P161,3	13695	13702
P100,3	13703	13710
P66,3	13711	13718
P67,3	13719	13720
P107,3	13721	13728
P177,3	13729	13731
P111,3	13732	13739
P184,3	13740	13747
P189,3	13748	13755
P118,2	13756	13763
P120,3	13764	13771
P200,2	13772	13773
P123,3	13774	13781
P127,2	13782	13789
P130,2	13790	13797
P81,3	13798	13805
P83,3	13806	13806
P137,3	13807	13814
P143,3	13815	13822
P33,3	13823	13830
P34,3	13831	13838
P95,3	13839	13846
P96,3	13847	13854
P97,3	13855	13862
P99,3	13863	13870
P100,3	13871	13878
P102,3	13879	13886
P173,2	13887	13894
P181,3	13895	13902
P188,2	13903	13908
P118,2	13909	13916
P195,3	13917	13924
P122,3	13925	13932
P123,3	13933	13940
P127,2	13941	13948
P130,2	13949	13949
P133,3	13950	13957
P4,3	13958	13965
P139,3	13966	13973
P146,3	13974	13975
P61,3	13976	13983
P149,3	13984	13991
P96,3	13992	13999
P97,3	14000	14007
P99,3	14008	14015
P100,3	14016	14023
P102,3	14024	14031
P173,2	14032	14039
P181,3	14040	14047
P189,3	14048	14052
P118,2	14053	14055
P195,3	14056	14063
P122,3	14064	14071
P123,3	14072	14072
P17,3	14073	14080
P133,3	14081	14088
P4,3	14089	14096
P143,3	14097	14104
P34,3	14105	14106
P149,3	14107	14114
P38,3	14115	14122
P64,3	14123	14130
P162,3	14131	14138
P66,3	14139	14146
P107,3	14147	14154
P181,3	14155	14162
P25,3	14163	14170
P120,3	14171	14178
P200,3	14179	14186
P127,2	14187	14190
P133,3	14191	14197
P4,3	14198	14205
P61,3	14206	14213
P96,3	14214	14221
P97,3	14222	14229
P99,3	14230	14236
P100,3	14237	14244
P102,3	14245	14252
P107,3	14253	14260
P181,3	14261	14268
P25,3	14269	14276
P122,3	14277	14284
P127,3	14285	14292
P4,3	14293	14300
P61,3	14301	14308
P96,3	14309	14316
P97,3	14317	14321
P64,3	14322	14329
P100,3	14330	14337
P102,3	14338	14345
P107,3	14346	14353
P181,3	14354	14361
P120,3	14362	14367
P200,3	14368	14375
P81,3	14376	14383
P143,3	14384	14391
P149,3	14392	14399
P38,3	14400	14407
P162,3	14408	14415
P66,3	14416	14421
P173,3	14422	14429
P111,3	14430	14437
P25,3	14438	14445
P127,3	14446	14453
P143,3	14454	14461
P149,3	14462	14469
P64,3	14470	14477
P100,3	14478	14485
P107,3	14486	14493
P181,3	14494	14501
P127,3	14502	14509
P149,3	14510	14511
P96,3	14512	14519
P100,3	14520	14527
P107,3	14528	14535
P181,3	14536	14543
P127,3	14544	14551
P96,3	14552	14559
P100,3	14560	14566
P111,3	14567	14570
P200,3	14571	14578
P143,3	14579	14586
P107,3	14587	14594
P200,3	14595	14602
P162,3	14603	14610
P181,3	14611	14618
P127,3	14619	14626
P107,3	14627	14634
P200,3	14635	14642
P162,3	14643	14650
P181,3	14651	14658
P127,3	14659	14666
P200,3	14667	14671
P162,3	14672	14676
P127,3	14678	14693
CPU1
P2,1	17	24
P3,1	25	32
P1,1	33	40
P5,1	41	48
P3,1	49	56
P1,1	57	64
P7,1	65	72
P6,1	73	80
P3,1	81	88
P9,1	89	96
P7,1	97	104
P10,1	105	112
P6,1	113	120
P12,1	121	128
P14,1	129	136
P2,1	137	144
P9,1	145	152
P17,1	153	160
P4,1	161	168
P5,1	169	176
P10,1	177	184
P11,1	185	192
P21,1	193	200
P23,1	201	208
P12,1	209	216
P13,1	217	224
P2,1	225	232
P26,1	233	240
P9,1	241	248
P27,1	249	256
P28,1	257	264
P18,1	265	272
P7,1	273	280
P5,1	281	286
P19,1	287	294
P32,1	295	302
P20,1	303	310
P11,1	311	318
P36,1	319	326
P37,1	327	334
P21,1	335	342
P23,1	343	350
P8,1	351	358
P40,1	359	366
P24,1	367	374
P13,1	375	382
P44,1	383	390
P14,1	391	398
P2,1	399	406
P47,1	407	414
P15,1	415	422
P48,1	423	430
P16,1	431	438
P17,1	439	446
P28,1	447	454
P52,1	455	462
P53,1	463	470
P54,1	471	478
P7,1	479	486
P30,1	487	494
P31,1	495	502
P57,1	503	510
P32,1	511	518
P59,1	519	526
P20,1	527	534
P34,1	535	542
P61,1	543	550
P36,1	551	558
P62,1	559	566
P63,1	567	574
P21,1	575	582
P64,1	583	590
P39,1	591	598
P65,1	599	606
P12,1	607	614
P67,1	615	622
P24,1	623	630
P68,1	631	638
P69,1	639	646
P44,1	647	654
P45,1	655	662
P71,1	663	670
P2,1	671	678
P25,1	679	686
P26,1	687	694
P73,1	695	702
P48,1	703	710
P49,1	711	718
P75,1	719	726
P27,1	727	734
P77,1	735	742
P28,1	743	750
P51,1	751	758
P52,1	759	766
P53,1	767	774
P18,1	775	782
P81,1	783	790
P82,1	791	798
P83,1	799	806
P84,1	807	814
P85,1	815	822
P56,1	823	830
P87,1	831	838
P57,1	839	846
P10,1	847	848
P32,1	849	856
P58,1	857	864
P90,1	865	872
P20,1	873	880
P60,1	881	888
P11,1	889	896
P92,1	897	904
P35,1	905	912
P94,1	913	920
P95,1	921	928
P37,1	929	936
P96,1	937	944
P21,1	945	952
P22,1	953	960
P64,1	961	968
P39,1	969	976
P100,1	977	984
P65,1	985	992
P102,1	993	1000
P12,1	1001	1002
P103,1	1003	1010
P40,1	1011	1018
P105,1	1019	1026
P41,1	1027	1034
P42,1	1035	1042
P107,1	1043	1050
P13,1	1051	1058
P109,1	1059	1066
P44,1	1067	1074
P111,1	1075	1082
P70,1	1083	1090
P45,1	1091	1098
P14,1	1099	1106
P46,1	1107	1114
P115,1	1115	1122
P72,1	1123	1130
P117,1	1131	1138
P26,1	1139	1146
P15,1	1147	1154
P119,1	1155	1162
P48,1	1163	1170
P74,1	1171	1178
P121,1	1179	1186
P75,1	1187	1194
P76,1	1195	1202
P123,1	1203	1210
P124,1	1211	1218
P77,1	1219	1226
P50,1	1227	1234
P127,1	1235	1242
P51,1	1243	1250
P129,1	1251	1258
P52,1	1259	1266
P131,1	1267	1274
P53,1	1275	1282
P80,1	1283	1290
P133,1	1291	1298
P81,1	1299	1306
P82,1	1307	1314
P135,1	1315	1322
P83,1	1323	1330
P55,1	1331	1338
P137,1	1339	1346
P30,1	1347	1354
P86,1	1355	1362
P56,1	1363	1370
P31,1	1371	1378
P141,1	1379	1386
P57,1	1387	1394
P88,1	1395	1402
P32,1	1403	1410
P89,1	1411	1418
P144,1	1419	1426
P145,1	1427	1434
P146,1	1435	1442
P20,1	1443	1444
P91,1	1445	1452
P60,1	1453	1460
P148,1	1461	1468
P61,1	1469	1476
P149,1	1477	1484
P35,1	1485	1492
P36,1	1493	1500
P151,1	1501	1508
P152,1	1509	1516
P62,1	1517	1524
P37,1	1525	1532
P63,1	1533	1540
P96,1	1541	1548
P38,1	1549	1556
P97,1	1557	1564
P22,1	1565	1572
P98,1	1573	1580
P159,1	1581	1588
P160,1	1589	1596
P161,1	1597	1604
P99,1	1605	1612
P8,1	1613	1620
P163,1	1621	1628
P165,1	1629	1636
P102,1	1637	1644
P166,1	1645	1652
P167,1	1653	1660
P104,1	1661	1668
P168,1	1669	1676
P169,1	1677	1684
P105,1	1685	1692
P41,1	1693	1700
P24,1	1701	1708
P42,1	1709	1716
P107,1	1717	1724
P108,1	1725	1732
P174,1	1733	1740
P175,1	1741	1748
P176,1	1749	1756
P178,1	1757	1764
P44,1	1765	1772
P110,1	1773	1780
P111,1	1781	1788
P112,1	1789	1796
P70,1	1797	1804
P113,1	1805	1812
P45,1	1813	1820
P185,1	1821	1828
P14,1	1829	1836
P46,1	1837	1844
P2,1	1845	1852
P116,1	1853	1860
P72,1	1861	1868
P189,1	1869	1876
P190,1	1877	1884
P191,1	1885	1892
P118,1	1893	1900
P15,1	1901	1908
P193,1	1909	1916
P9,1	1917	1924
P195,1	1925	1932
P120,1	1933	1940
P49,1	1941	1948
P121,1	1949	1956
P197,1	1957	1964
P198,1	1965	1972
P76,1	1973	1980
P27,1	1981	1988
P123,1	1989	1996
P124,1	1997	2004
P77,1	2005	2012
P50,1	2013	2020
P127,1	2021	2028
P51,1	2029	2036
P129,1	2037	2044
P52,1	2045	2051
P131,1	2052	2059
P53,1	2060	2067
P80,1	2068	2075
P133,1	2076	2083
P81,1	2084	2091
P82,1	2092	2099
P135,1	2100	2107
P83,1	2108	2115
P55,1	2116	2123
P137,1	2124	2131
P30,1	2132	2139
P86,1	2140	2147
P56,1	2148	2155
P31,1	2156	2163
P141,1	2164	2171
P57,1	2172	2179
P88,1	2180	2187
P32,1	2188	2195
P89,1	2196	2203
P144,1	2204	2211
P145,1	2212	2219
P146,1	2220	2227
P91,1	2228	2235
P60,1	2236	2243
P148,1	2244	2251
P61,1	2252	2259
P149,1	2260	2267
P35,1	2268	2275
P36,1	2276	2283
P151,1	2284	2291
P95,1	2292	2299
P153,1	2300	2307
P154,1	2308	2315
P96,1	2316	2323
P38,1	2324	2331
P97,1	2332	2339
P22,1	2340	2347
P98,1	2348	2355
P159,1	2356	2363
P160,1	2364	2371
P161,1	2372	2379
P99,1	2380	2387
P8,1	2388	2395
P163,1	2396	2403
P165,1	2404	2411
P102,1	2412	2419
P166,1	2420	2427
P167,1	2428	2435
P104,1	2436	2443
P168,1	2444	2451
P169,1	2452	2459
P105,1	2460	2467
P41,1	2468	2475
P24,1	2476	2483
P42,1	2484	2491
P107,1	2492	2499
P108,1	2500	2507
P174,1	2508	2515
P175,1	2516	2523
P176,1	2524	2531
P178,1	2532	2539
P44,1	2540	2547
P110,1	2548	2555
P111,1	2556	2563
P112,1	2564	2571
P70,1	2572	2579
P113,1	2580	2587
P45,1	2588	2595
P185,1	2596	2603
P14,1	2604	2611
P187,1	2612	2619
P2,1	2620	2620
P115,1	2621	2628
P188,1	2629	2636
P25,1	2637	2644
P117,1	2645	2652
P47,1	2653	2660
P26,1	2661	2668
P192,1	2669	2676
P73,1	2677	2684
P119,1	2685	2692
P194,1	2693	2700
P48,1	2701	2708
P74,1	2709	2715
P121,1	2716	2723
P197,1	2724	2731
P198,1	2732	2739
P76,1	2740	2747
P27,1	2748	2749
P200,1	2750	2757
P17,1	2758	2765
P125,1	2766	2773
P126,1	2774	2781
P28,1	2782	2784
P127,1	2785	2792
P51,1	2793	2800
P129,1	2801	2808
P130,1	2809	2816
P29,1	2817	2824
P80,1	2825	2832
P133,1	2833	2840
P81,1	2841	2848
P4,2	2849	2856
P135,1	2857	2864
P83,1	2865	2872
P55,1	2873	2880
P137,1	2881	2888
P30,1	2889	2896
P86,1	2897	2904
P56,1	2905	2912
P31,1	2913	2920
P141,1	2921	2928
P10,2	2929	2936
P142,1	2937	2944
P143,1	2945	2952
P58,1	2953	2960
P59,1	2961	2968
P90,1	2969	2976
P33,1	2977	2984
P147,1	2985	2992
P34,1	2993	3000
P11,1	3001	3008
P92,1	3009	3016
P93,1	3017	3024
P150,1	3025	3032
P151,1	3033	3040
P95,1	3041	3048
P153,1	3049	3056
P154,1	3057	3064
P155,1	3065	3072
P156,1	3073	3080
P21,1	3081	3088
P157,1	3089	3096
P158,1	3097	3104
P64,1	3105	3112
P23,2	3113	3120
P39,1	3121	3128
P162,1	3129	3136
P100,1	3137	3144
P65,1	3145	3152
P164,1	3153	3160
P101,1	3161	3168
P66,1	3169	3176
P12,2	3177	3184
P103,1	3185	3192
P168,1	3193	3200
P67,1	3201	3208
P170,1	3209	3216
P106,1	3217	3224
P171,1	3225	3232
P24,2	3233	3240
P107,1	3241	3248
P108,1	3249	3256
P174,1	3257	3264
P175,1	3265	3272
P176,1	3273	3280
P178,1	3281	3288
P44,1	3289	3296
P110,1	3297	3304
P111,1	3305	3312
P112,1	3313	3320
P70,1	3321	3328
P113,1	3329	3336
P45,1	3337	3344
P185,1	3345	3352
P14,1	3353	3360
P187,1	3361	3368
P2,2	3369	3376
P116,1	3377	3384
P72,1	3385	3392
P189,1	3393	3400
P190,1	3401	3408
P191,1	3409	3416
P118,1	3417	3424
P15,1	3425	3432
P193,1	3433	3440
P9,1	3441	3446
P195,1	3447	3454
P120,1	3455	3462
P196,1	3463	3470
P16,1	3471	3478
P75,1	3479	3486
P122,1	3487	3494
P199,1	3495	3502
P123,1	3503	3509
P124,1	3510	3517
P77,1	3518	3525
P50,1	3526	3533
P127,1	3534	3541
P51,1	3542	3549
P129,1	3550	3557
P130,1	3558	3565
P29,1	3566	3573
P132,1	3574	3581
P18,1	3582	3589
P54,1	3590	3597
P82,1	3598	3605
P134,1	3606	3613
P7,1	3614	3621
P136,1	3622	3629
P84,1	3630	3637
P138,1	3638	3645
P85,1	3646	3653
P139,1	3654	3661
P140,1	3662	3669
P87,1	3670	3677
P19,2	3678	3685
P10,2	3686	3693
P142,1	3694	3701
P32,2	3702	3709
P58,1	3710	3717
P59,1	3718	3725
P90,1	3726	3733
P33,1	3734	3741
P147,1	3742	3749
P34,1	3750	3757
P11,1	3758	3765
P92,1	3766	3773
P93,1	3774	3781
P150,1	3782	3789
P94,1	3790	3797
P152,1	3798	3805
P62,1	3806	3813
P37,1	3814	3821
P63,2	3822	3829
P96,1	3830	3837
P38,1	3838	3845
P97,1	3846	3853
P22,1	3854	3861
P98,1	3862	3869
P159,1	3870	3877
P160,1	3878	3885
P162,1	3886	3893
P100,1	3894	3901
P163,1	3902	3909
P165,1	3910	3917
P102,1	3918	3925
P166,1	3926	3933
P167,1	3934	3941
P104,1	3942	3949
P40,2	3950	3957
P169,1	3958	3965
P105,1	3966	3973
P41,1	3974	3981
P172,1	3982	3989
P68,1	3990	3991
P107,1	3992	3999
P108,1	4000	4007
P174,1	4008	4015
P175,1	4016	4023
P176,1	4024	4031
P178,1	4032	4039
P179,1	4040	4047
P180,1	4048	4055
P181,1	4056	4063
P182,1	4064	4071
P113,1	4072	4079
P45,1	4080	4087
P185,1	4088	4095
P14,1	4096	4103
P46,2	4104	4111
P115,1	4112	4119
P188,1	4120	4127
P25,1	4128	4135
P117,1	4136	4143
P47,1	4144	4151
P26,1	4152	4159
P192,1	4160	4167
P73,1	4168	4175
P119,1	4176	4183
P195,1	4184	4191
P120,1	4192	4199
P196,1	4200	4207
P16,1	4208	4215
P75,1	4216	4218
P198,1	4219	4226
P76,1	4227	4234
P200,1	4235	4242
P17,1	4243	4248
P125,1	4249	4256
P126,1	4257	4264
P28,2	4265	4272
P78,1	4273	4280
P128,1	4281	4288
P79,1	4289	4296
P131,1	4297	4304
P53,2	4305	4312
P80,1	4313	4318
P133,1	4319	4321
P81,1	4322	4329
P4,2	4330	4337
P135,1	4338	4345
P136,1	4346	4353
P55,1	4354	4361
P137,1	4362	4369
P30,1	4370	4377
P86,1	4378	4385
P56,1	4386	4393
P31,1	4394	4401
P141,1	4402	4409
P57,1	4410	4417
P88,1	4418	4425
P143,1	4426	4433
P89,1	4434	4441
P144,1	4442	4449
P145,1	4450	4451
P90,1	4452	4459
P33,1	4460	4467
P147,1	4468	4468
P60,2	4469	4476
P148,1	4477	4484
P61,1	4485	4492
P149,1	4493	4500
P35,1	4501	4508
P36,2	4509	4516
P151,1	4517	4524
P95,1	4525	4532
P153,1	4533	4540
P154,1	4541	4548
P155,1	4549	4556
P156,1	4557	4564
P21,1	4565	4572
P157,1	4573	4580
P158,1	4581	4587
P64,1	4588	4595
P23,2	4596	4603
P161,1	4604	4611
P99,1	4612	4619
P65,1	4620	4627
P165,1	4628	4635
P102,1	4636	4643
P166,1	4644	4651
P167,1	4652	4659
P104,1	4660	4667
P40,2	4668	4675
P169,1	4676	4683
P105,1	4684	4691
P41,1	4692	4696
P171,1	4697	4704
P24,2	4705	4712
P107,1	4713	4720
P108,1	4721	4728
P174,1	4729	4736
P175,1	4737	4744
P176,1	4745	4752
P178,1	4753	4760
P43,2	4761	4768
P110,1	4769	4776
P111,1	4777	4784
P112,1	4785	4792
P70,2	4793	4800
P113,1	4801	4808
P45,1	4809	4816
P185,1	4817	4824
P14,1	4825	4832
P46,2	4833	4840
P115,1	4841	4848
P188,1	4849	4856
P25,1	4857	4864
P117,1	4865	4872
P191,1	4873	4880
P118,1	4881	4888
P15,1	4889	4893
P193,1	4894	4901
P194,1	4902	4909
P48,1	4910	4917
P49,2	4918	4925
P121,1	4926	4933
P197,1	4934	4941
P198,1	4942	4949
P76,1	4950	4957
P200,1	4958	4965
P17,2	4966	4973
P125,1	4974	4981
P28,2	4982	4989
P127,1	4990	4997
P51,1	4998	5005
P129,1	5006	5013
P130,1	5014	5021
P29,1	5022	5024
P132,1	5025	5032
P18,2	5033	5040
P54,1	5041	5048
P82,1	5049	5056
P134,1	5057	5064
P7,2	5065	5072
P83,2	5073	5080
P84,1	5081	5088
P138,1	5089	5096
P85,1	5097	5104
P139,1	5105	5112
P140,1	5113	5120
P87,1	5121	5128
P57,1	5129	5136
P88,1	5137	5139
P142,1	5140	5147
P32,2	5148	5155
P58,1	5156	5163
P59,1	5164	5171
P33,1	5172	5173
P60,2	5174	5181
P148,1	5182	5189
P61,1	5190	5197
P149,1	5198	5205
P150,1	5206	5213
P94,1	5214	5221
P152,1	5222	5229
P62,1	5230	5237
P37,1	5238	5238
P154,1	5239	5246
P155,1	5247	5254
P156,1	5255	5262
P21,1	5263	5270
P157,1	5271	5278
P98,1	5279	5286
P64,1	5287	5294
P23,2	5295	5302
P161,1	5303	5310
P99,1	5311	5318
P65,1	5319	5326
P165,1	5327	5334
P102,1	5335	5342
P166,1	5343	5350
P167,1	5351	5358
P104,1	5359	5366
P40,2	5367	5374
P169,1	5375	5382
P105,1	5383	5390
P41,2	5391	5398
P172,1	5399	5406
P68,2	5407	5414
P173,1	5415	5422
P13,1	5423	5430
P69,1	5431	5438
P109,1	5439	5446
P177,1	5447	5454
P44,2	5455	5462
P179,1	5463	5470
P180,1	5471	5478
P181,1	5479	5486
P182,1	5487	5494
P183,1	5495	5502
P184,1	5503	5510
P114,1	5511	5518
P186,1	5519	5526
P187,1	5527	5534
P2,2	5535	5542
P116,2	5543	5550
P72,1	5551	5558
P189,1	5559	5566
P117,1	5567	5574
P191,1	5575	5582
P118,1	5583	5590
P15,2	5591	5598
P193,1	5599	5606
P194,1	5607	5614
P48,1	5615	5622
P49,2	5623	5630
P121,1	5631	5638
P197,1	5639	5644
P198,1	5645	5652
P76,1	5653	5660
P200,1	5661	5668
P17,2	5669	5676
P125,1	5677	5684
P126,1	5685	5692
P50,2	5693	5700
P78,1	5701	5708
P128,1	5709	5716
P79,1	5717	5724
P131,1	5725	5732
P53,2	5733	5740
P80,2	5741	5748
P133,2	5749	5756
P81,1	5757	5764
P134,1	5765	5772
P135,2	5773	5780
P83,2	5781	5788
P84,1	5789	5796
P138,1	5797	5798
P30,1	5799	5806
P139,1	5807	5814
P56,1	5815	5822
P31,1	5823	5830
P19,2	5831	5838
P10,2	5839	5846
P142,1	5847	5854
P32,2	5855	5862
P58,1	5863	5870
P59,1	5871	5878
P146,2	5879	5886
P60,2	5887	5894
P34,1	5895	5897
P11,1	5898	5905
P92,1	5906	5913
P35,1	5914	5921
P36,2	5922	5929
P151,1	5930	5932
P152,1	5933	5940
P62,1	5941	5948
P154,1	5949	5956
P155,1	5957	5964
P156,1	5965	5972
P21,1	5973	5980
P157,1	5981	5988
P98,1	5989	5996
P64,1	5997	6004
P159,2	6005	6012
P161,1	6013	6020
P99,1	6021	6028
P65,1	6029	6036
P165,1	6037	6044
P102,1	6045	6052
P12,2	6053	6058
P103,2	6059	6066
P168,1	6067	6074
P67,1	6075	6082
P105,1	6083	6090
P41,2	6091	6098
P172,1	6099	6106
P68,2	6107	6114
P173,1	6115	6122
P174,1	6123	6127
P69,1	6128	6135
P109,1	6136	6143
P177,1	6144	6151
P44,2	6152	6159
P179,1	6160	6167
P180,1	6168	6175
P181,1	6176	6183
P182,1	6184	6190
P113,1	6191	6198
P184,1	6199	6206
P114,1	6207	6214
P186,1	6215	6222
P187,1	6223	6230
P2,2	6231	6238
P116,2	6239	6246
P72,1	6247	6254
P189,1	6255	6262
P117,1	6263	6270
P191,1	6271	6278
P192,1	6279	6286
P193,1	6287	6294
P194,1	6295	6302
P48,1	6303	6307
P120,1	6308	6315
P196,1	6316	6323
P16,2	6324	6331
P198,1	6332	6339
P122,2	6340	6347
P200,1	6348	6355
P17,2	6356	6363
P125,1	6364	6371
P126,1	6372	6379
P50,2	6380	6387
P78,1	6388	6388
P128,1	6389	6396
P79,1	6397	6404
P131,1	6405	6412
P53,2	6413	6420
P80,2	6421	6428
P133,2	6429	6436
P81,1	6437	6444
P134,1	6445	6452
P135,2	6453	6460
P83,2	6461	6468
P84,1	6469	6476
P138,2	6477	6484
P85,1	6485	6492
P86,2	6493	6500
P31,1	6501	6508
P19,2	6509	6516
P10,2	6517	6524
P142,1	6525	6532
P32,2	6533	6540
P58,1	6541	6548
P59,1	6549	6556
P146,2	6557	6564
P60,2	6565	6572
P148,1	6573	6580
P11,1	6581	6588
P92,1	6589	6596
P35,1	6597	6604
P36,2	6605	6612
P151,2	6613	6620
P95,1	6621	6628
P153,1	6629	6636
P63,2	6637	6644
P96,1	6645	6652
P38,1	6653	6660
P157,1	6661	6668
P22,2	6669	6676
P158,2	6677	6684
P23,2	6685	6692
P160,1	6693	6700
P162,1	6701	6708
P100,1	6709	6716
P164,1	6717	6724
P101,1	6725	6731
P166,1	6732	6739
P12,3	6740	6747
P104,1	6748	6755
P67,1	6756	6763
P105,1	6764	6764
P106,1	6765	6772
P171,1	6773	6780
P68,2	6781	6788
P173,1	6789	6796
P13,1	6797	6804
P175,1	6805	6812
P176,1	6813	6820
P178,1	6821	6828
P43,2	6829	6836
P110,1	6837	6844
P111,1	6845	6852
P112,2	6853	6860
P70,2	6861	6868
P183,2	6869	6876
P45,1	6877	6884
P185,1	6885	6892
P187,1	6893	6900
P2,2	6901	6908
P116,2	6909	6916
P72,1	6917	6917
P25,1	6918	6925
P190,2	6926	6933
P26,2	6934	6941
P118,1	6942	6949
P15,2	6950	6957
P119,1	6958	6961
P195,1	6962	6969
P120,1	6970	6977
P196,1	6978	6985
P75,2	6986	6993
P122,2	6994	7001
P200,1	7002	7009
P17,2	7010	7017
P125,1	7018	7025
P126,1	7026	7027
P28,2	7028	7035
P127,1	7036	7043
P128,1	7044	7051
P79,1	7052	7059
P131,1	7060	7062
P29,2	7063	7070
P132,1	7071	7078
P18,2	7079	7086
P54,2	7087	7094
P4,2	7095	7102
P7,2	7103	7110
P83,2	7111	7118
P84,1	7119	7126
P138,2	7127	7134
P139,1	7135	7142
P56,2	7143	7150
P31,1	7151	7158
P19,2	7159	7164
P10,2	7165	7172
P142,1	7173	7176
P32,2	7177	7184
P58,1	7185	7190
P144,2	7191	7198
P146,2	7199	7206
P60,2	7207	7214
P148,1	7215	7222
P11,1	7223	7230
P92,1	7231	7238
P35,1	7239	7246
P36,2	7247	7254
P151,2	7255	7262
P95,1	7263	7270
P153,1	7271	7278
P63,2	7279	7286
P96,1	7287	7294
P38,1	7295	7302
P157,1	7303	7310
P22,2	7311	7318
P158,2	7319	7326
P23,2	7327	7334
P160,1	7335	7342
P162,1	7343	7350
P100,1	7351	7358
P164,1	7359	7366
P102,2	7367	7374
P66,2	7375	7382
P167,1	7383	7390
P104,1	7391	7398
P40,2	7399	7406
P106,1	7407	7414
P171,1	7415	7422
P68,2	7423	7430
P173,1	7431	7438
P13,1	7439	7442
P175,1	7443	7443
P176,1	7444	7451
P177,1	7452	7459
P44,2	7460	7467
P179,1	7468	7475
P180,1	7476	7483
P181,1	7484	7491
P182,2	7492	7499
P113,1	7500	7506
P184,1	7507	7514
P114,1	7515	7522
P186,1	7523	7525
P46,2	7526	7533
P115,1	7534	7541
P188,1	7542	7549
P189,2	7550	7557
P47,1	7558	7565
P118,1	7566	7573
P15,2	7574	7581
P119,2	7582	7589
P195,1	7590	7595
P48,2	7596	7603
P49,2	7604	7611
P75,2	7612	7619
P122,2	7620	7627
P200,1	7628	7635
P17,2	7636	7643
P125,1	7644	7651
P77,2	7652	7659
P50,2	7660	7667
P78,2	7668	7675
P129,1	7676	7677
P79,1	7678	7678
P130,1	7679	7686
P29,2	7687	7694
P80,2	7695	7702
P133,2	7703	7710
P81,1	7711	7718
P134,1	7719	7726
P135,2	7727	7734
P55,1	7735	7742
P137,1	7743	7750
P138,2	7751	7758
P139,1	7759	7766
P56,2	7767	7774
P31,1	7775	7775
P19,3	7776	7783
P88,2	7784	7791
P32,2	7792	7799
P58,2	7800	7807
P90,2	7808	7815
P33,2	7816	7823
P91,2	7824	7831
P34,2	7832	7839
P61,1	7840	7847
P149,1	7848	7855
P150,1	7856	7863
P94,1	7864	7871
P152,1	7872	7879
P62,1	7880	7887
P154,1	7888	7895
P155,1	7896	7903
P38,1	7904	7911
P157,1	7912	7919
P22,2	7920	7927
P158,3	7928	7935
P23,2	7936	7943
P160,1	7944	7951
P162,1	7952	7957
P100,1	7958	7962
P65,2	7963	7970
P165,1	7971	7978
P101,2	7979	7986
P166,1	7987	7992
P12,3	7993	8000
P103,3	8001	8008
P40,2	8009	8016
P106,1	8017	8024
P171,1	8025	8032
P107,2	8033	8040
P108,2	8041	8048
P69,1	8049	8056
P109,2	8057	8064
P178,1	8065	8072
P43,2	8073	8080
P180,1	8081	8088
P181,1	8089	8096
P182,2	8097	8104
P113,2	8105	8112
P184,1	8113	8120
P114,1	8121	8128
P187,1	8129	8136
P115,1	8137	8144
P116,3	8145	8152
P189,2	8153	8160
P47,1	8161	8166
P118,1	8167	8174
P15,2	8175	8179
P119,2	8180	8187
P195,2	8188	8195
P120,1	8196	8203
P16,2	8204	8211
P76,1	8212	8219
P199,1	8220	8227
P123,2	8228	8235
P124,2	8236	8243
P126,2	8244	8251
P28,2	8252	8259
P127,1	8260	8267
P129,2	8268	8275
P130,1	8276	8283
P53,3	8284	8291
P132,1	8292	8299
P133,2	8300	8307
P81,1	8308	8315
P134,1	8316	8323
P135,2	8324	8331
P55,1	8332	8339
P30,2	8340	8347
P85,1	8348	8355
P86,2	8356	8363
P140,1	8364	8371
P141,2	8372	8379
P10,2	8380	8382
P88,2	8383	8390
P32,2	8391	8393
P89,1	8394	8401
P144,2	8402	8409
P146,2	8410	8417
P60,2	8418	8425
P148,1	8426	8433
P61,1	8434	8441
P35,2	8442	8449
P150,1	8450	8457
P94,1	8458	8465
P152,1	8466	8473
P62,1	8474	8476
P154,1	8477	8484
P155,1	8485	8492
P156,1	8493	8500
P157,1	8501	8508
P97,2	8509	8516
P98,1	8517	8524
P23,2	8525	8532
P160,1	8533	8540
P161,2	8541	8548
P162,2	8549	8556
P65,2	8557	8564
P165,1	8565	8571
P101,2	8572	8579
P167,1	8580	8587
P104,1	8588	8595
P67,2	8596	8603
P169,2	8604	8611
P41,2	8612	8619
P24,3	8620	8627
P107,2	8628	8635
P108,2	8636	8643
P69,1	8644	8651
P109,2	8652	8659
P44,2	8660	8667
P110,1	8668	8675
P111,1	8676	8683
P182,2	8684	8691
P113,2	8692	8699
P184,1	8700	8707
P185,2	8708	8715
P46,3	8716	8723
P115,1	8724	8731
P116,3	8732	8739
P189,2	8740	8747
P26,2	8748	8755
P192,2	8756	8763
P193,1	8764	8771
P194,2	8772	8779
P48,2	8780	8787
P49,2	8788	8795
P75,2	8796	8803
P122,2	8804	8811
P200,1	8812	8819
P17,2	8820	8827
P125,1	8828	8835
P77,2	8836	8842
P50,2	8843	8850
P78,2	8851	8858
P128,1	8859	8866
P131,2	8867	8874
P29,2	8875	8882
P80,2	8883	8890
P54,2	8891	8898
P4,2	8899	8906
P7,2	8907	8914
P83,2	8915	8922
P137,1	8923	8930
P138,2	8931	8938
P86,2	8939	8939
P139,2	8940	8947
P140,1	8948	8951
P141,2	8952	8959
P88,2	8960	8967
P89,1	8968	8968
P58,2	8969	8976
P90,2	8977	8980
P146,2	8981	8988
P60,2	8989	8996
P148,1	8997	9004
P92,1	9005	9012
P35,2	9013	9020
P150,1	9021	9025
P94,1	9026	9027
P151,2	9028	9035
P95,1	9036	9040
P153,2	9041	9048
P155,1	9049	9054
P156,1	9055	9062
P157,1	9063	9070
P97,2	9071	9078
P98,1	9079	9086
P23,2	9087	9089
P64,2	9090	9097
P159,3	9098	9105
P99,2	9106	9113
P100,2	9114	9121
P164,1	9122	9129
P101,2	9130	9137
P167,1	9138	9145
P104,1	9146	9151
P67,2	9152	9159
P106,1	9160	9167
P171,1	9168	9175
P68,2	9176	9179
P173,1	9180	9187
P13,2	9188	9195
P176,2	9196	9203
P177,1	9204	9211
P43,2	9212	9219
P180,1	9220	9227
P181,2	9228	9235
P182,2	9236	9243
P113,2	9244	9251
P184,1	9252	9259
P187,1	9260	9267
P2,2	9268	9275
P188,1	9276	9283
P189,2	9284	9291
P190,2	9292	9299
P118,1	9300	9307
P15,3	9308	9315
P119,2	9316	9323
P195,2	9324	9331
P120,1	9332	9339
P16,2	9340	9347
P76,2	9348	9355
P199,1	9356	9363
P123,2	9364	9371
P124,2	9372	9379
P126,2	9380	9387
P50,2	9388	9395
P78,2	9396	9403
P128,1	9404	9408
P131,2	9409	9416
P29,2	9417	9423
P80,2	9424	9431
P54,2	9432	9439
P134,2	9440	9447
P135,2	9448	9455
P55,2	9456	9463
P137,1	9464	9471
P138,2	9472	9479
P85,1	9480	9487
P31,2	9488	9495
P19,3	9496	9503
P143,1	9504	9511
P144,2	9512	9519
P33,2	9520	9526
P91,2	9527	9534
P34,2	9535	9542
P61,2	9543	9550
P149,2	9551	9558
P151,2	9559	9566
P95,2	9567	9574
P153,2	9575	9582
P96,2	9583	9590
P38,2	9591	9598
P21,2	9599	9606
P22,2	9607	9614
P158,3	9615	9620
P160,1	9621	9628
P161,2	9629	9635
P162,2	9636	9643
P65,2	9644	9651
P101,2	9652	9659
P103,3	9660	9667
P40,3	9668	9675
P106,1	9676	9683
P171,1	9684	9691
P107,2	9692	9699
P108,2	9700	9707
P69,2	9708	9715
P109,2	9716	9723
P44,2	9724	9731
P110,1	9732	9734
P180,1	9735	9742
P112,2	9743	9750
P70,2	9751	9751
P113,2	9752	9759
P184,1	9760	9767
P187,1	9768	9773
P46,3	9774	9781
P115,2	9782	9789
P116,3	9790	9797
P25,2	9798	9805
P26,2	9806	9813
P118,2	9814	9821
P193,1	9822	9829
P194,2	9830	9832
P48,2	9833	9840
P49,2	9841	9848
P75,2	9849	9856
P122,2	9857	9864
P200,2	9865	9872
P17,2	9873	9880
P125,1	9881	9883
P126,2	9884	9891
P50,2	9892	9899
P129,2	9900	9907
P53,3	9908	9915
P80,2	9916	9923
P133,2	9924	9931
P81,2	9932	9939
P134,2	9940	9947
P55,2	9948	9955
P84,2	9956	9963
P30,2	9964	9971
P86,3	9972	9979
P31,2	9980	9987
P19,3	9988	9995
P143,1	9996	9997
P144,2	9998	10005
P60,2	10006	10013
P91,2	10014	10021
P34,2	10022	10029
P61,2	10030	10037
P149,2	10038	10045
P151,2	10046	10053
P95,2	10054	10061
P153,2	10062	10069
P156,1	10070	10071
P38,2	10072	10079
P21,2	10080	10087
P22,2	10088	10093
P64,2	10094	10101
P159,3	10102	10109
P161,3	10110	10117
P100,2	10118	10125
P102,2	10126	10133
P66,2	10134	10141
P67,2	10142	10143
P40,3	10144	10151
P171,1	10152	10154
P24,3	10155	10162
P173,1	10163	10170
P13,2	10171	10178
P176,2	10179	10186
P44,2	10187	10194
P43,2	10195	10202
P111,2	10203	10210
P112,2	10211	10218
P113,2	10219	10226
P184,1	10227	10234
P46,3	10235	10242
P115,2	10243	10250
P116,3	10251	10258
P25,2	10259	10266
P26,2	10267	10274
P118,2	10275	10282
P119,2	10283	10289
P195,2	10290	10297
P120,1	10298	10303
P16,2	10304	10309
P76,2	10310	10317
P199,1	10318	10325
P123,2	10326	10333
P124,2	10334	10341
P126,2	10342	10349
P28,3	10350	10357
P78,2	10358	10365
P131,3	10366	10373
P53,3	10374	10381
P80,2	10382	10389
P133,2	10390	10397
P81,2	10398	10405
P134,2	10406	10413
P83,3	10414	10421
P137,2	10422	10429
P138,2	10430	10432
P85,2	10433	10440
P139,2	10441	10448
P141,3	10449	10456
P88,2	10457	10464
P58,2	10465	10472
P60,2	10473	10480
P91,2	10481	10488
P34,2	10489	10496
P92,2	10497	10504
P149,2	10505	10512
P151,2	10513	10520
P95,2	10521	10528
P154,2	10529	10536
P96,2	10537	10544
P157,1	10545	10547
P21,2	10548	10550
P64,2	10551	10558
P159,3	10559	10566
P161,3	10567	10574
P100,2	10575	10582
P102,2	10583	10590
P103,3	10591	10598
P169,3	10599	10606
P106,2	10607	10614
P171,2	10615	10622
P107,2	10623	10630
P108,2	10631	10638
P69,2	10639	10646
P109,2	10647	10654
P177,2	10655	10662
P180,1	10663	10666
P181,2	10667	10674
P182,2	10675	10682
P183,2	10683	10683
P184,1	10684	10690
P46,3	10691	10698
P115,2	10699	10706
P116,3	10707	10714
P25,2	10715	10722
P26,2	10723	10730
P118,2	10731	10738
P194,3	10739	10746
P48,2	10747	10754
P49,3	10755	10762
P76,2	10763	10770
P199,1	10771	10772
P200,2	10773	10780
P17,2	10781	10788
P125,2	10789	10796
P50,2	10797	10804
P127,2	10805	10812
P129,2	10813	10820
P130,2	10821	10828
P29,3	10829	10836
P132,2	10837	10844
P54,2	10845	10850
P4,2	10851	10854
P134,2	10855	10862
P83,3	10863	10870
P137,2	10871	10878
P85,2	10879	10886
P31,2	10887	10894
P19,3	10895	10902
P143,2	10903	10910
P144,3	10911	10918
P60,2	10919	10926
P91,2	10927	10931
P34,2	10932	10939
P92,2	10940	10947
P149,2	10948	10955
P151,2	10956	10963
P152,2	10964	10971
P154,2	10972	10979
P96,2	10980	10987
P64,2	10988	10995
P159,3	10996	11003
P161,3	11004	11011
P100,2	11012	11019
P102,2	11020	11027
P67,3	11028	11035
P40,3	11036	11043
P41,3	11044	11051
P24,3	11052	11057
P108,2	11058	11065
P13,2	11066	11073
P176,2	11074	11081
P44,2	11082	11089
P43,2	11090	11097
P181,2	11098	11105
P182,2	11106	11109
P113,2	11110	11117
P185,2	11118	11125
P2,2	11126	11126
P115,2	11127	11134
P116,3	11135	11142
P190,2	11143	11147
P192,2	11148	11155
P15,3	11156	11163
P48,2	11164	11171
P120,2	11172	11179
P75,2	11180	11187
P122,2	11188	11195
P123,2	11196	11200
P125,2	11201	11208
P50,2	11209	11214
P28,3	11215	11222
P78,2	11223	11230
P130,2	11231	11238
P29,3	11239	11245
P80,2	11246	11250
P133,2	11251	11258
P4,3	11259	11266
P55,2	11267	11274
P137,2	11275	11282
P85,2	11283	11290
P141,3	11291	11298
P88,2	11299	11306
P144,3	11307	11314
P146,2	11315	11322
P33,3	11323	11330
P34,2	11331	11331
P61,2	11332	11339
P35,2	11340	11347
P36,2	11348	11355
P95,2	11356	11363
P153,2	11364	11371
P156,2	11372	11379
P38,3	11380	11387
P64,2	11388	11395
P159,3	11396	11403
P161,3	11404	11411
P100,2	11412	11419
P102,2	11420	11425
P67,3	11426	11433
P40,3	11434	11441
P41,3	11442	11449
P107,2	11450	11457
P173,2	11458	11465
P176,2	11466	11473
P44,2	11474	11481
P43,2	11482	11489
P181,2	11490	11497
P113,2	11498	11505
P185,2	11506	11513
P115,2	11514	11521
P189,3	11522	11529
P25,2	11530	11537
P192,2	11538	11545
P15,3	11546	11553
P48,2	11554	11561
P120,2	11562	11569
P75,3	11570	11577
P122,2	11578	11585
P123,3	11586	11593
P125,2	11594	11601
P50,3	11602	11609
P127,2	11610	11617
P131,3	11618	11625
P53,3	11626	11633
P80,3	11634	11641
P81,2	11642	11649
P134,2	11650	11657
P83,3	11658	11665
P30,2	11666	11666
P85,2	11667	11674
P31,2	11675	11679
P19,3	11680	11687
P143,2	11688	11695
P58,3	11696	11703
P60,2	11704	11711
P34,3	11712	11719
P61,2	11720	11727
P35,2	11728	11735
P36,2	11736	11739
P151,2	11740	11747
P152,2	11748	11755
P154,2	11756	11763
P96,2	11764	11771
P97,2	11772	11779
P98,2	11780	11787
P99,2	11788	11795
P162,2	11796	11803
P65,3	11804	11811
P102,3	11812	11819
P169,3	11820	11827
P106,2	11828	11835
P171,2	11836	11843
P108,2	11844	11851
P69,2	11852	11859
P109,2	11860	11867
P111,2	11868	11875
P181,2	11876	11883
P113,2	11884	11891
P185,2	11892	11899
P188,2	11900	11907
P116,3	11908	11915
P26,2	11916	11923
P118,2	11924	11931
P48,2	11932	11939
P120,2	11940	11947
P75,3	11948	11955
P122,2	11956	11961
P123,3	11962	11969
P125,2	11970	11977
P50,3	11978	11985
P127,2	11986	11993
P131,3	11994	12001
P53,3	12002	12009
P80,3	12010	12017
P81,2	12018	12025
P134,2	12026	12033
P83,3	12034	12041
P30,3	12042	12049
P139,3	12050	12057
P141,3	12058	12059
P88,2	12060	12067
P144,3	12068	12075
P60,2	12076	12078
P146,3	12079	12086
P34,3	12087	12094
P61,2	12095	12102
P35,2	12103	12110
P151,2	12111	12118
P153,2	12119	12126
P156,2	12127	12134
P38,3	12135	12142
P64,2	12143	12150
P159,3	12151	12154
P99,2	12155	12162
P162,2	12163	12170
P65,3	12171	12178
P102,3	12179	12186
P169,3	12187	12188
P40,3	12189	12196
P41,3	12197	12204
P107,2	12205	12212
P69,2	12213	12220
P109,2	12221	12228
P111,2	12229	12236
P181,2	12237	12244
P113,2	12245	12246
P185,2	12247	12254
P188,2	12255	12262
P116,3	12263	12270
P26,2	12271	12278
P118,2	12279	12286
P195,3	12287	12294
P49,3	12295	12302
P76,2	12303	12310
P200,2	12311	12318
P17,2	12319	12324
P126,2	12325	12332
P28,3	12333	12340
P78,3	12341	12348
P130,2	12349	12356
P132,2	12357	12360
P80,3	12361	12368
P81,2	12369	12376
P134,2	12377	12380
P83,3	12381	12388
P30,3	12389	12396
P139,3	12397	12404
P19,3	12405	12412
P144,3	12413	12420
P146,3	12421	12428
P34,3	12429	12436
P61,2	12437	12444
P35,2	12445	12452
P151,2	12453	12456
P95,3	12457	12464
P153,2	12465	12472
P156,2	12473	12480
P38,3	12481	12488
P64,2	12489	12496
P161,3	12497	12504
P100,2	12505	12512
P66,2	12513	12517
P67,3	12518	12525
P106,2	12526	12533
P171,2	12534	12536
P107,2	12537	12544
P69,2	12545	12552
P109,2	12553	12560
P111,2	12561	12568
P181,2	12569	12576
P184,2	12577	12584
P188,2	12585	12592
P116,3	12593	12593
P25,2	12594	12601
P118,2	12602	12609
P120,2	12610	12617
P75,3	12618	12625
P122,3	12626	12633
P123,3	12634	12641
P125,2	12642	12649
P50,3	12650	12655
P28,3	12656	12663
P78,3	12664	12671
P130,2	12672	12679
P80,3	12680	12687
P81,2	12688	12695
P83,3	12696	12703
P85,2	12704	12711
P31,3	12712	12719
P143,2	12720	12727
P58,3	12728	12730
P146,3	12731	12738
P34,3	12739	12746
P61,2	12747	12754
P35,2	12755	12756
P149,3	12757	12764
P152,2	12765	12772
P156,2	12773	12780
P38,3	12781	12788
P99,2	12789	12796
P162,2	12797	12804
P65,3	12805	12812
P102,3	12813	12820
P40,3	12821	12828
P107,2	12829	12836
P69,2	12837	12844
P109,2	12845	12851
P177,3	12852	12859
P43,3	12860	12867
P112,3	12868	12875
P115,2	12876	12880
P189,3	12881	12888
P26,2	12889	12896
P195,3	12897	12904
P49,3	12905	12912
P122,3	12913	12920
P123,3	12921	12928
P125,2	12929	12930
P28,3	12931	12936
P127,2	12937	12944
P131,3	12945	12952
P132,3	12953	12960
P133,3	12961	12968
P4,3	12969	12976
P137,3	12977	12984
P85,2	12985	12992
P31,3	12993	13000
P143,2	13001	13008
P33,3	13009	13016
P91,3	13017	13017
P61,2	13018	13025
P95,3	13026	13033
P153,2	13034	13041
P96,2	13042	13043
P38,3	13044	13051
P64,2	13052	13059
P161,3	13060	13067
P100,2	13068	13075
P66,3	13076	13083
P67,3	13084	13091
P106,2	13092	13093
P107,2	13094	13101
P69,2	13102	13109
P177,3	13110	13117
P43,3	13118	13125
P112,3	13126	13133
P188,2	13134	13141
P25,2	13142	13149
P195,3	13150	13157
P49,3	13158	13165
P200,2	13166	13173
P17,3	13174	13181
P127,2	13182	13189
P131,3	13190	13190
P130,2	13191	13198
P80,3	13199	13202
P81,2	13203	13210
P83,3	13211	13218
P30,3	13219	13226
P139,3	13227	13234
P19,3	13235	13241
P146,3	13242	13249
P34,3	13250	13257
P95,3	13258	13265
P153,2	13266	13272
P96,3	13273	13280
P97,3	13281	13288
P99,2	13289	13296
P162,2	13297	13304
P65,3	13305	13312
P102,3	13313	13320
P40,3	13321	13328
P69,2	13329	13336
P177,3	13337	13344
P111,3	13345	13352
P112,3	13353	13359
P184,2	13360	13367
P189,3	13368	13375
P118,2	13376	13383
P120,2	13384	13391
P200,2	13392	13399
P17,3	13400	13407
P78,3	13408	13415
P132,3	13416	13423
P81,2	13424	13431
P83,3	13432	13439
P30,3	13440	13447
P31,3	13448	13455
P33,3	13456	13463
P34,3	13464	13471
P95,3	13472	13479
P156,2	13480	13487
P38,3	13488	13495
P64,2	13496	13503
P161,3	13504	13511
P100,2	13512	13516
P66,3	13517	13524
P67,3	13525	13532
P107,3	13533	13540
P69,2	13541	13545
P177,3	13546	13553
P111,3	13554	13561
P184,2	13562	13564
P189,3	13565	13572
P118,2	13573	13580
P120,2	13581	13588
P200,2	13589	13596
P17,3	13597	13604
P78,3	13605	13612
P132,3	13613	13617
P133,3	13618	13625
P4,3	13626	13633
P137,3	13634	13641
P31,3	13642	13648
P146,3	13649	13656
P61,3	13657	13664
P149,3	13665	13672
P156,2	13673	13680
P38,3	13681	13688
P64,2	13689	13690
P99,3	13691	13698
P162,2	13699	13704
P65,3	13705	13712
P102,3	13713	13720
P173,2	13721	13728
P43,3	13729	13735
P181,2	13736	13743
P188,2	13744	13751
P25,2	13752	13758
P195,3	13759	13766
P122,3	13767	13774
P17,3	13775	13782
P78,3	13783	13790
P133,3	13791	13798
P4,3	13799	13806
P139,3	13807	13814
P146,3	13815	13822
P61,3	13823	13830
P149,3	13831	13838
P156,2	13839	13846
P38,3	13847	13854
P64,3	13855	13862
P161,3	13863	13865
P162,3	13866	13873
P65,3	13874	13875
P66,3	13876	13883
P107,3	13884	13891
P111,3	13892	13899
P184,3	13900	13907
P189,3	13908	13915
P25,3	13916	13923
P120,3	13924	13931
P200,3	13932	13939
P17,3	13940	13947
P78,3	13948	13952
P81,3	13953	13960
P137,3	13961	13965
P143,3	13966	13973
P33,3	13974	13981
P34,3	13982	13989
P95,3	13990	13996
P38,3	13997	14004
P64,3	14005	14012
P162,3	14013	14020
P66,3	14021	14028
P107,3	14029	14036
P111,3	14037	14044
P184,3	14045	14052
P25,3	14053	14060
P120,3	14061	14068
P200,3	14069	14076
P127,2	14077	14084
P81,3	14085	14092
P139,3	14093	14097
P33,3	14098	14103
P61,3	14104	14111
P96,3	14112	14119
P97,3	14120	14127
P99,3	14128	14135
P100,3	14136	14143
P102,3	14144	14151
P173,2	14152	14152
P111,3	14153	14160
P184,3	14161	14168
P195,3	14169	14176
P122,3	14177	14184
P17,3	14185	14190
P81,3	14191	14198
P143,3	14199	14206
P149,3	14207	14214
P38,3	14215	14222
P64,3	14223	14230
P162,3	14231	14238
P66,3	14239	14246
P173,3	14247	14254
P111,3	14255	14262
P184,3	14263	14270
P195,3	14271	14274
P120,3	14275	14282
P200,3	14283	14290
P81,3	14291	14298
P143,3	14299	14306
P149,3	14307	14314
P38,3	14315	14322
P162,3	14323	14330
P66,3	14331	14338
P173,3	14339	14346
P111,3	14347	14354
P184,3	14355	14357
P25,3	14358	14365
P122,3	14366	14373
P127,3	14374	14381
P4,3	14382	14388
P61,3	14389	14396
P96,3	14397	14404
P64,3	14405	14412
P100,3	14413	14420
P102,3	14421	14424
P107,3	14425	14432
P181,3	14433	14440
P122,3	14441	14443
P200,3	14444	14451
P81,3	14452	14456
P61,3	14457	14462
P96,3	14463	14470
P162,3	14471	14478
P173,3	14479	14486
P111,3	14487	14494
P25,3	14495	14496
P200,3	14497	14504
P143,3	14505	14512
P64,3	14513	14513
P162,3	14514	14521
P173,3	14522	14528
P111,3	14529	14536
P200,3	14537	14544
P143,3	14545	14552
P162,3	14553	14560
P107,3	14561	14568
P181,3	14569	14576
P127,3	14577	14584
P96,3	14585	14585
P162,3	14586	14593
P181,3	14594	14601
P127,3	14602	14609
P107,3	14610	14617
P200,3	14618	14625
P162,3	14626	14633
P181,3	14634	14641
P127,3	14642	14649
P107,3	14650	14653
P200,3	14654	14661
P162,3	14662	14669
P127,3	14670	14677
