CPU0
P1,1	10	47
P2,1	48	111
P3,1	112	141
P4,1	142	205
P5,1	206	243
P6,1	244	307
P7,1	308	371
P8,1	372	435
P9,1	436	499
P10,1	500	533
P11,1	534	597
P12,1	598	631
P13,1	632	695
P14,1	696	759
P15,1	760	823
P16,1	824	887
P17,1	888	951
P18,1	952	1015
P2,1	1016	1032
P19,1	1033	1085
P20,1	1086	1119
P21,1	1120	1183
P22,1	1184	1247
P23,1	1248	1290
P24,1	1291	1338
P25,1	1339	1402
P26,1	1403	1466
P27,1	1467	1508
P28,1	1509	1551
P29,1	1552	1615
P30,1	1616	1679
P31,1	1680	1743
P32,1	1744	1788
P33,1	1789	1852
P34,1	1853	1916
P35,1	1917	1980
P36,1	1981	2022
P37,1	2023	2086
P38,1	2087	2150
P4,1	2151	2157
P39,1	2158	2209
P40,1	2210	2249
P41,1	2250	2310
P42,1	2311	2351
P43,1	2352	2405
P44,1	2406	2457
P45,1	2458	2521
P46,1	2522	2553
P47,1	2554	2617
P48,1	2618	2681
P49,1	2682	2717
P50,1	2718	2772
P51,1	2773	2836
P52,1	2837	2867
P53,1	2868	2901
P54,1	2902	2965
P55,1	2966	3029
P56,1	3030	3093
P57,1	3094	3157
P58,1	3158	3221
P59,1	3222	3285
P60,1	3286	3330
P61,1	3331	3394
P62,1	3395	3458
P63,1	3459	3488
P64,1	3489	3552
P65,1	3553	3616
P66,1	3617	3680
P7,1	3681	3696
P67,1	3697	3760
P68,1	3761	3802
P69,1	3803	3866
P70,1	3867	3908
P71,1	3909	3945
P72,1	3946	4009
P73,1	4010	4073
P74,1	4074	4104
P8,1	4105	4110
P75,1	4111	4153
P76,1	4154	4217
P77,1	4218	4267
P78,1	4268	4331
P79,1	4332	4395
P80,1	4396	4441
P81,1	4442	4505
P82,1	4506	4562
P83,1	4563	4602
P84,1	4603	4666
P85,1	4667	4730
P9,1	4731	4736
P86,1	4737	4791
P87,1	4792	4848
P88,1	4849	4899
P89,1	4900	4963
P90,1	4964	5012
P10,2	5013	5076
P91,1	5077	5131
P92,1	5132	5195
P93,1	5196	5241
P94,1	5242	5305
P95,1	5306	5369
P96,1	5370	5433
P97,1	5434	5496
P98,1	5497	5560
P11,1	5561	5612
P99,1	5613	5676
P100,1	5677	5740
P101,1	5741	5804
P102,1	5805	5868
P103,1	5869	5907
P104,1	5908	5971
P105,1	5972	6035
P106,1	6036	6099
P12,2	6100	6153
P107,1	6154	6217
P108,1	6218	6278
P109,1	6279	6342
P110,1	6343	6406
P111,1	6407	6470
P112,1	6471	6532
P113,1	6533	6596
P114,1	6597	6660
P115,1	6661	6724
P116,1	6725	6771
P117,1	6772	6835
P13,1	6836	6879
P118,1	6880	6943
P119,1	6944	7007
P120,1	7008	7071
P121,1	7072	7135
P122,1	7136	7191
P123,1	7192	7222
P124,1	7223	7266
P125,1	7267	7330
P126,1	7331	7394
P127,1	7395	7458
P14,1	7459	7489
P128,1	7490	7553
P129,1	7554	7617
P130,1	7618	7681
P131,1	7682	7745
P132,1	7746	7809
P133,1	7810	7844
P134,1	7845	7908
P135,1	7909	7952
P136,1	7953	8014
P137,1	8015	8078
P138,1	8079	8128
P15,1	8129	8141
P139,1	8142	8205
P140,1	8206	8269
P141,1	8270	8310
P142,1	8311	8374
P143,1	8375	8438
P144,1	8439	8497
P145,1	8498	8531
P146,1	8532	8561
P147,1	8562	8594
P16,1	8595	8602
P148,1	8603	8666
P149,1	8667	8730
P150,1	8731	8794
P151,1	8795	8845
P152,1	8846	8909
P153,1	8910	8973
P154,1	8974	9037
P155,1	9038	9101
P156,1	9102	9165
P17,1	9166	9171
P157,1	9172	9235
P158,1	9236	9274
P159,1	9275	9322
P160,1	9323	9386
P161,1	9387	9450
P162,1	9451	9514
P163,1	9515	9551
P164,1	9552	9615
P165,1	9616	9679
P166,1	9680	9743
P167,1	9744	9807
P18,1	9808	9812
P168,1	9813	9869
P169,1	9870	9921
P170,1	9922	9966
P171,1	9967	10030
P172,1	10031	10087
P2,2	10088	10151
P173,1	10152	10215
P174,1	10216	10268
P175,1	10269	10332
P176,1	10333	10396
P177,1	10397	10460
P178,1	10461	10524
P179,1	10525	10588
P180,1	10589	10652
P181,1	10653	10716
P19,2	10717	10762
P182,1	10763	10817
P183,1	10818	10865
P184,1	10866	10929
P185,1	10930	10993
P186,1	10994	11057
P187,1	11058	11121
P188,1	11122	11185
P189,1	11186	11246
P190,1	11247	11279
P191,1	11280	11341
P192,1	11342	11405
P193,1	11406	11469
P194,1	11470	11527
P195,1	11528	11591
P196,1	11592	11655
P21,1	11656	11702
P197,1	11703	11748
P198,1	11749	11809
P199,1	11810	11873
P200,1	11874	11937
P22,1	11938	11943
P23,2	11944	12007
P24,2	12008	12067
P25,1	12068	12123
P26,1	12124	12144
P28,2	12145	12208
P29,1	12209	12211
P30,1	12212	12239
P31,1	12240	12272
P32,2	12273	12331
P33,1	12332	12333
P34,1	12334	12344
P35,1	12345	12381
P36,2	12382	12445
P37,1	12446	12446
P38,1	12447	12492
P4,2	12493	12556
P40,2	12557	12620
P41,2	12621	12671
P43,2	12672	12735
P44,2	12736	12799
P45,1	12800	12851
P46,2	12852	12915
P47,1	12916	12953
P48,1	12954	12966
P49,2	12967	13030
P50,2	13031	13094
P51,1	13095	13108
P53,2	13109	13158
P54,1	13159	13163
P55,1	13164	13207
P56,1	13208	13218
P57,1	13219	13238
P58,1	13239	13260
P59,1	13261	13281
P60,2	13282	13345
P61,1	13346	13385
P62,1	13386	13420
P63,2	13421	13484
P64,1	13485	13515
P65,1	13516	13539
P66,1	13540	13541
P7,2	13542	13605
P67,1	13606	13623
P68,2	13624	13683
P69,1	13684	13727
P70,2	13728	13791
P72,1	13792	13800
P75,2	13801	13864
P76,1	13865	13900
P77,2	13901	13947
P78,1	13948	13948
P79,1	13949	13965
P80,2	13966	14029
P81,1	14030	14074
P83,2	14075	14138
P84,1	14139	14164
P85,1	14165	14213
P86,2	14214	14254
P88,2	14255	14318
P89,1	14319	14351
P90,2	14352	14395
P10,2	14396	14414
P91,2	14415	14478
P92,1	14479	14532
P94,1	14533	14566
P95,1	14567	14603
P96,1	14604	14626
P97,2	14627	14690
P98,1	14691	14746
P99,1	14747	14778
P100,1	14779	14799
P101,1	14800	14806
P102,1	14807	14811
P103,2	14812	14842
P104,1	14843	14880
P105,1	14881	14881
P106,1	14882	14930
P12,3	14931	14966
P107,1	14967	14982
P108,2	14983	15046
P109,1	15047	15054
P110,1	15055	15097
P111,1	15098	15140
P112,2	15141	15204
P113,1	15205	15219
P114,1	15220	15243
P115,1	15244	15278
P116,2	15279	15310
P117,1	15311	15311
P13,2	15312	15367
P118,1	15368	15407
P119,1	15408	15411
P120,1	15412	15465
P122,2	15466	15529
P123,2	15530	15593
P124,2	15594	15657
P125,1	15658	15700
P126,1	15701	15702
P127,1	15703	15743
P128,1	15744	15780
P129,1	15781	15790
P130,1	15791	15828
P131,1	15829	15831
P132,1	15832	15870
P133,2	15871	15934
P134,1	15935	15964
P135,2	15965	16023
P137,1	16024	16069
P138,2	16070	16128
P15,2	16129	16165
P139,1	16166	16188
P140,1	16189	16216
P141,2	16217	16269
P142,1	16270	16273
P143,1	16274	16315
P144,2	16316	16367
P146,2	16368	16431
P16,2	16432	16495
P148,1	16496	16550
P149,1	16551	16566
P150,1	16567	16595
P151,2	16596	16659
P152,1	16660	16713
P153,1	16714	16737
P154,1	16738	16785
P155,1	16786	16815
P156,1	16816	16857
P17,2	16858	16921
P157,1	16922	16972
P158,2	16973	17004
P159,2	17005	17035
P160,1	17036	17080
P161,1	17081	17084
P162,1	17085	17098
P164,1	17099	17133
P165,1	17134	17156
P166,1	17157	17170
P167,1	17171	17202
P18,2	17203	17239
P169,2	17240	17289
P171,1	17290	17332
P2,2	17333	17373
P173,1	17374	17426
P175,1	17427	17427
P176,1	17428	17436
P177,1	17437	17476
P178,1	17477	17492
P179,1	17493	17503
P180,1	17504	17555
P181,1	17556	17573
P19,3	17574	17637
P182,2	17638	17701
P183,2	17702	17765
P184,1	17766	17820
P185,1	17821	17823
P186,1	17824	17826
P187,1	17827	17864
P188,1	17865	17912
P189,2	17913	17969
P190,2	17970	18033
P192,1	18034	18045
P193,1	18046	18085
P194,2	18086	18120
P195,1	18121	18126
P196,1	18127	18129
P21,2	18130	18164
P199,1	18165	18214
P200,1	18215	18246
P22,2	18247	18310
P23,2	18311	18321
P24,3	18322	18367
P25,2	18368	18431
P26,2	18432	18495
P28,2	18496	18519
P29,2	18520	18574
P30,2	18575	18638
P31,2	18639	18699
P33,2	18700	18754
P34,2	18755	18818
P35,2	18819	18882
P36,2	18883	18934
P38,2	18935	18969
P4,2	18970	19013
P40,2	19014	19026
P41,3	19027	19090
P43,2	19091	19130
P44,2	19131	19175
P46,2	19176	19176
P48,2	19177	19240
P49,2	19241	19272
P50,2	19273	19302
P53,3	19303	19366
P54,2	19367	19430
P55,2	19431	19491
P56,2	19492	19521
P58,2	19522	19575
P60,2	19576	19626
P61,2	19627	19690
P63,2	19691	19715
P64,2	19716	19779
P65,2	19780	19840
P66,2	19841	19904
P7,2	19905	19913
P67,2	19914	19947
P69,2	19948	20011
P70,2	20012	20012
P75,2	20013	20044
P76,2	20045	20108
P78,2	20109	20172
P80,2	20173	20201
P81,2	20202	20265
P83,2	20266	20269
P84,2	20270	20308
P85,2	20309	20372
P86,3	20373	20403
P88,2	20404	20448
P91,2	20449	20461
P92,2	20462	20518
P95,2	20519	20568
P96,2	20569	20632
P97,2	20633	20679
P98,2	20680	20721
P99,2	20722	20785
P100,2	20786	20849
P101,2	20850	20897
P102,2	20898	20961
P103,3	20962	21017
P106,2	21018	21075
P107,2	21076	21139
P108,2	21140	21163
P109,2	21164	21227
P111,2	21228	21291
P112,2	21292	21315
P113,2	21316	21379
P115,2	21380	21443
P116,3	21444	21507
P118,2	21508	21571
P119,2	21572	21618
P120,2	21619	21682
P122,2	21683	21712
P123,2	21713	21749
P124,2	21750	21764
P125,2	21765	21822
P126,2	21823	21886
P127,2	21887	21950
P129,2	21951	22004
P130,2	22005	22068
P131,2	22069	22103
P132,2	22104	22155
P133,2	22156	22210
P134,2	22211	22270
P137,2	22271	22319
P15,3	22320	22377
P139,2	22378	22420
P141,3	22421	22462
P143,2	22463	22526
P144,3	22527	22580
P146,2	22581	22628
P16,2	22629	22642
P149,2	22643	22706
P151,2	22707	22742
P152,2	22743	22806
P153,2	22807	22870
P154,2	22871	22917
P156,2	22918	22981
P17,2	22982	23035
P158,3	23036	23065
P159,3	23066	23129
P161,2	23130	23160
P162,2	23161	23224
P169,3	23225	23258
P171,2	23259	23301
P173,2	23302	23365
P176,2	23366	23429
P177,2	23430	23466
P181,2	23467	23530
P19,3	23531	23577
P182,2	23578	23581
P183,2	23582	23582
P185,2	23583	23646
P184,2	23647	23710
P188,2	23711	23774
P189,3	23775	23838
P190,2	23839	23859
P192,2	23860	23923
P194,3	23924	23961
P195,2	23962	24008
P200,2	24009	24072
P22,2	24073	24078
P25,2	24079	24125
P26,2	24126	24175
P28,3	24176	24237
P29,3	24238	24268
P30,2	24269	24269
P31,3	24270	24324
P33,3	24325	24388
P34,2	24389	24397
P35,2	24398	24415
P38,3	24416	24479
P4,3	24480	24543
P40,3	24544	24607
P43,3	24608	24670
P46,3	24671	24724
P48,2	24725	24755
P49,3	24756	24819
P50,3	24820	24849
P53,3	24850	24869
P54,2	24870	24875
P58,3	24876	24910
P61,2	24911	24936
P64,2	24937	24986
P65,3	24987	25050
P66,2	25051	25087
P67,3	25088	25151
P69,2	25152	25180
P75,3	25181	25217
P76,2	25218	25225
P78,2	25226	25246
P80,3	25247	25290
P81,2	25291	25320
P83,3	25321	25384
P85,2	25385	25386
P91,3	25387	25427
P95,3	25428	25490
P96,2	25491	25516
P97,3	25517	25580
P99,2	25581	25617
P100,2	25618	25662
P102,2	25663	25668
P107,2	25669	25711
P109,2	25712	25750
P111,2	25751	25757
P112,3	25758	25796
P113,2	25797	25806
P115,2	25807	25811
P116,3	25812	25828
P118,2	25829	25879
P120,2	25880	25895
P122,3	25896	25959
P123,3	25960	26023
P126,2	26024	26073
P127,2	26074	26125
P130,2	26126	26166
P131,3	26167	26230
P132,3	26231	26267
P133,3	26268	26331
P137,3	26332	26376
P139,3	26377	26440
P143,2	26441	26450
P146,3	26451	26514
P149,3	26515	26578
P152,2	26579	26586
P153,2	26587	26617
P156,2	26618	26649
P17,3	26650	26713
P159,3	26714	26717
P161,3	26718	26781
P162,2	26782	26835
P173,2	26836	26868
P176,2	26869	26913
P177,3	26914	26964
P181,2	26965	27012
P185,2	27013	27031
P184,2	27032	27034
P188,2	27035	27064
P189,3	27065	27085
P192,2	27086	27092
P195,3	27093	27156
P200,2	27157	27190
P25,3	27191	27240
P30,3	27241	27292
P33,3	27293	27346
P34,3	27347	27410
P38,3	27411	27466
P4,3	27467	27521
P40,3	27522	27548
P49,3	27549	27551
P61,3	27552	27615
P64,3	27616	27672
P65,3	27673	27674
P66,3	27675	27738
P67,3	27739	27756
P78,3	27757	27817
P81,3	27818	27870
P83,3	27871	27903
P96,3	27904	27967
P97,3	27968	27972
P99,3	27973	28011
P100,3	28012	28075
P102,3	28076	28139
P107,3	28140	28203
P111,3	28204	28267
P120,3	28268	28313
P122,3	28314	28348
P123,3	28349	28365
P127,3	28366	28429
P131,3	28430	28430
P133,3	28431	28437
P139,3	28438	28458
P143,3	28459	28522
P146,3	28523	28524
P149,3	28525	28574
P17,3	28575	28580
P161,3	28581	28615
P162,3	28616	28679
P173,3	28680	28718
P181,3	28719	28782
P184,3	28783	28825
P195,3	28826	28869
P200,3	28870	28933
P34,3	28934	28951
P61,3	28952	28957
P66,3	28958	28979
P96,3	28980	29012
P100,3	29013	29027
P102,3	29028	29071
P107,3	29072	29123
P111,3	29124	29151
P127,3	29152	29191
P143,3	29192	29215
P162,3	29216	29268
P181,3	29269	29308
P200,3	29309	29353
