CPU0
P1,1	10	25
P2,1	26	41
P3,1	42	57
P1,1	58	73
P4,1	74	89
P5,1	90	105
P6,1	106	121
P2,1	122	137
P7,1	138	153
P8,1	154	169
P3,1	170	183
P9,1	184	199
P1,1	200	205
P10,1	206	221
P11,1	222	237
P12,1	238	253
P13,1	254	269
P14,1	270	285
P4,1	286	301
P15,1	302	317
P16,1	318	333
P17,1	334	349
P18,1	350	365
P5,1	366	381
P19,1	382	397
P20,1	398	413
P6,1	414	429
P21,1	430	445
P22,1	446	461
P23,1	462	477
P24,1	478	493
P2,1	494	509
P25,1	510	525
P26,1	526	541
P7,1	542	557
P27,1	558	573
P28,1	574	589
P29,1	590	605
P8,1	606	621
P30,1	622	637
P31,1	638	653
P32,1	654	669
P33,1	670	685
P34,1	686	701
P35,1	702	717
P36,1	718	733
P37,1	734	749
P9,1	750	765
P38,1	766	781
P39,1	782	797
P40,1	798	813
P41,1	814	829
P10,1	830	845
P42,1	846	861
P43,1	862	877
P44,1	878	893
P45,1	894	909
P46,1	910	925
P11,1	926	941
P47,1	942	957
P48,1	958	973
P49,1	974	989
P12,1	990	1005
P50,1	1006	1021
P51,1	1022	1037
P52,1	1038	1053
P13,1	1054	1069
P53,1	1070	1085
P54,1	1086	1101
P55,1	1102	1117
P14,1	1118	1133
P56,1	1134	1149
P57,1	1150	1165
P4,1	1166	1181
P58,1	1182	1197
P59,1	1198	1213
P60,1	1214	1229
P15,1	1230	1245
P61,1	1246	1261
P16,1	1262	1277
P62,1	1278	1293
P63,1	1294	1309
P17,1	1310	1325
P64,1	1326	1341
P65,1	1342	1357
P66,1	1358	1373
P18,1	1374	1389
P67,1	1390	1405
P5,1	1406	1411
P68,1	1412	1427
P69,1	1428	1443
P70,1	1444	1459
P19,1	1460	1475
P71,1	1476	1491
P72,1	1492	1507
P20,1	1508	1523
P73,1	1524	1539
P6,1	1540	1555
P74,1	1556	1571
P75,1	1572	1587
P76,1	1588	1603
P21,1	1604	1619
P77,1	1620	1635
P78,1	1636	1651
P22,1	1652	1667
P79,1	1668	1683
P80,1	1684	1699
P23,1	1700	1715
P81,1	1716	1731
P82,1	1732	1747
P83,1	1748	1763
P24,1	1764	1779
P84,1	1780	1795
P85,1	1796	1811
P86,1	1812	1827
P87,1	1828	1843
P2,1	1844	1859
P88,1	1860	1875
P89,1	1876	1891
P25,1	1892	1907
P90,1	1908	1923
P91,1	1924	1939
P26,1	1940	1955
P92,1	1956	1971
P93,1	1972	1987
P7,1	1988	2003
P94,1	2004	2019
P95,1	2020	2035
P27,1	2036	2051
P96,1	2052	2067
P97,1	2068	2083
P28,1	2084	2099
P98,1	2100	2115
P99,1	2116	2131
P100,1	2132	2147
P29,1	2148	2163
P101,1	2164	2179
P102,1	2180	2195
P103,1	2196	2211
P104,1	2212	2227
P8,1	2228	2243
P105,1	2244	2259
P106,1	2260	2275
P30,1	2276	2291
P107,1	2292	2307
P108,1	2308	2323
P109,1	2324	2339
P31,1	2340	2355
P110,1	2356	2371
P111,1	2372	2387
P112,1	2388	2403
P113,1	2404	2419
P114,1	2420	2435
P32,1	2436	2451
P115,1	2452	2467
P116,1	2468	2483
P33,1	2484	2499
P117,1	2500	2515
P118,1	2516	2531
P34,1	2532	2547
P119,1	2548	2563
P120,1	2564	2579
P35,1	2580	2595
P121,1	2596	2611
P122,1	2612	2627
P36,1	2628	2643
P123,1	2644	2659
P124,1	2660	2675
P125,1	2676	2691
P126,1	2692	2707
P37,1	2708	2723
P127,1	2724	2739
P128,1	2740	2755
P129,1	2756	2771
P9,1	2772	2787
P130,1	2788	2803
P131,1	2804	2819
P132,1	2820	2835
P38,1	2836	2851
P133,1	2852	2867
P39,1	2868	2883
P134,1	2884	2899
P135,1	2900	2915
P136,1	2916	2931
P40,1	2932	2947
P137,1	2948	2963
P138,1	2964	2979
P41,1	2980	2995
P139,1	2996	3011
P140,1	3012	3027
P141,1	3028	3043
P10,1	3044	3045
P142,1	3046	3061
P143,1	3062	3077
P42,1	3078	3093
P144,1	3094	3109
P145,1	3110	3125
P146,1	3126	3141
P43,1	3142	3157
P147,1	3158	3173
P44,1	3174	3189
P148,1	3190	3205
P149,1	3206	3221
P45,1	3222	3237
P150,1	3238	3253
P151,1	3254	3269
P46,1	3270	3285
P152,1	3286	3301
P153,1	3302	3317
P154,1	3318	3333
P11,1	3334	3349
P155,1	3350	3365
P156,1	3366	3381
P47,1	3382	3397
P157,1	3398	3413
P158,1	3414	3429
P159,1	3430	3445
P48,1	3446	3461
P160,1	3462	3477
P161,1	3478	3493
P162,1	3494	3509
P49,1	3510	3525
P163,1	3526	3541
P164,1	3542	3557
P165,1	3558	3573
P12,1	3574	3575
P166,1	3576	3591
P167,1	3592	3607
P168,1	3608	3623
P50,1	3624	3639
P169,1	3640	3655
P170,1	3656	3671
P171,1	3672	3687
P51,1	3688	3703
P172,1	3704	3719
P173,1	3720	3735
P52,1	3736	3750
P174,1	3751	3766
P175,1	3767	3782
P176,1	3783	3798
P177,1	3799	3814
P178,1	3815	3830
P13,1	3831	3846
P179,1	3847	3862
P180,1	3863	3878
P181,1	3879	3894
P53,1	3895	3910
P182,1	3911	3926
P183,1	3927	3942
P184,1	3943	3958
P54,1	3959	3974
P185,1	3975	3990
P186,1	3991	4006
P187,1	4007	4022
P55,1	4023	4038
P188,1	4039	4054
P14,1	4055	4070
P189,1	4071	4086
P190,1	4087	4102
P191,1	4103	4118
P56,1	4119	4134
P192,1	4135	4150
P193,1	4151	4166
P57,1	4167	4182
P194,1	4183	4198
P195,1	4199	4214
P4,1	4215	4230
P196,1	4231	4246
P197,1	4247	4262
P198,1	4263	4278
P58,1	4279	4294
P199,1	4295	4310
P200,1	4311	4326
P59,1	4327	4342
P60,1	4343	4358
P15,1	4359	4374
P61,1	4375	4390
P16,1	4391	4406
P62,1	4407	4422
P63,1	4423	4436
P17,1	4437	4452
P64,1	4453	4468
P65,1	4469	4484
P66,1	4485	4500
P18,1	4501	4516
P67,1	4517	4532
P68,1	4533	4548
P69,1	4549	4564
P70,1	4565	4580
P19,1	4581	4596
P71,1	4597	4612
P72,1	4613	4628
P20,1	4629	4630
P73,1	4631	4646
P6,1	4647	4662
P74,1	4663	4677
P75,1	4678	4693
P76,1	4694	4709
P21,1	4710	4725
P77,1	4726	4741
P78,1	4742	4757
P22,1	4758	4773
P79,1	4774	4789
P80,1	4790	4805
P23,1	4806	4816
P81,1	4817	4832
P82,1	4833	4848
P83,1	4849	4864
P24,1	4865	4880
P84,1	4881	4896
P85,1	4897	4912
P86,1	4913	4928
P87,1	4929	4944
P2,1	4945	4960
P88,1	4961	4976
P89,1	4977	4992
P25,1	4993	5008
P90,1	5009	5024
P91,1	5025	5040
P26,1	5041	5056
P92,1	5057	5072
P93,1	5073	5088
P7,1	5089	5104
P94,1	5105	5120
P95,1	5121	5136
P27,1	5137	5146
P96,1	5147	5162
P97,1	5163	5178
P28,1	5179	5189
P98,1	5190	5205
P99,1	5206	5221
P100,1	5222	5237
P29,1	5238	5253
P101,1	5254	5269
P102,1	5270	5285
P103,1	5286	5301
P104,1	5302	5317
P8,1	5318	5333
P105,1	5334	5349
P106,1	5350	5365
P30,1	5366	5381
P107,1	5382	5397
P108,1	5398	5413
P109,1	5414	5429
P31,1	5430	5445
P110,1	5446	5461
P111,1	5462	5477
P112,1	5478	5493
P113,1	5494	5509
P114,1	5510	5525
P32,1	5526	5538
P115,1	5539	5554
P116,1	5555	5570
P33,1	5571	5586
P117,1	5587	5602
P118,1	5603	5618
P34,1	5619	5634
P119,1	5635	5650
P120,1	5651	5666
P35,1	5667	5682
P121,1	5683	5698
P122,1	5699	5714
P36,1	5715	5724
P123,1	5725	5739
P124,1	5740	5755
P125,1	5756	5771
P126,1	5772	5787
P37,1	5788	5803
P127,1	5804	5819
P128,1	5820	5835
P129,1	5836	5851
P9,1	5852	5867
P130,1	5868	5883
P131,1	5884	5899
P132,1	5900	5915
P38,1	5916	5931
P133,1	5932	5947
P39,1	5948	5963
P134,1	5964	5979
P135,1	5980	5995
P136,1	5996	6011
P40,1	6012	6019
P137,1	6020	6035
P138,1	6036	6051
P41,1	6052	6067
P139,1	6068	6083
P140,1	6084	6099
P141,1	6100	6115
P10,2	6116	6131
P142,1	6132	6147
P143,1	6148	6163
P42,1	6164	6172
P144,1	6173	6188
P145,1	6189	6204
P146,1	6205	6218
P43,1	6219	6234
P147,1	6235	6250
P44,1	6251	6266
P148,1	6267	6282
P149,1	6283	6298
P45,1	6299	6314
P150,1	6315	6330
P151,1	6331	6346
P46,2	6347	6362
P152,1	6363	6378
P153,1	6379	6394
P154,1	6395	6410
P11,1	6411	6426
P155,1	6427	6442
P156,1	6443	6458
P47,1	6459	6474
P157,1	6475	6490
P158,1	6491	6506
P159,1	6507	6522
P48,1	6523	6538
P160,1	6539	6554
P161,1	6555	6570
P162,1	6571	6586
P49,1	6587	6590
P163,1	6591	6606
P164,1	6607	6622
P165,1	6623	6638
P12,2	6639	6654
P166,1	6655	6670
P167,1	6671	6686
P168,1	6687	6702
P50,1	6703	6718
P169,1	6719	6734
P170,1	6735	6750
P171,1	6751	6766
P51,1	6767	6782
P172,1	6783	6798
P173,1	6799	6814
P174,1	6815	6830
P175,1	6831	6846
P176,1	6847	6862
P177,1	6863	6878
P178,1	6879	6894
P13,1	6895	6910
P179,1	6911	6926
P180,1	6927	6942
P181,1	6943	6958
P53,1	6959	6960
P182,1	6961	6976
P183,1	6977	6992
P184,1	6993	7008
P54,1	7009	7024
P185,1	7025	7040
P186,1	7041	7056
P187,1	7057	7072
P55,1	7073	7088
P188,1	7089	7104
P14,1	7105	7120
P189,1	7121	7136
P190,1	7137	7152
P191,1	7153	7168
P56,1	7169	7184
P192,1	7185	7200
P193,1	7201	7216
P57,1	7217	7232
P194,1	7233	7248
P195,1	7249	7264
P4,1	7265	7271
P196,1	7272	7287
P197,1	7288	7303
P198,1	7304	7319
P58,1	7320	7335
P199,1	7336	7351
P200,1	7352	7367
P59,1	7368	7383
P60,1	7384	7396
P15,1	7397	7412
P61,1	7413	7428
P16,1	7429	7444
P62,1	7445	7460
P63,2	7461	7476
P17,1	7477	7492
P64,1	7493	7508
P65,1	7509	7524
P66,1	7525	7540
P18,1	7541	7556
P67,1	7557	7572
P68,1	7573	7582
P69,1	7583	7598
P70,1	7599	7608
P19,1	7609	7613
P71,1	7614	7618
P72,1	7619	7634
P73,1	7635	7650
P75,1	7651	7661
P76,1	7662	7677
P21,1	7678	7693
P77,1	7694	7709
P78,1	7710	7725
P22,1	7726	7741
P79,1	7742	7757
P80,1	7758	7771
P23,2	7772	7787
P81,1	7788	7803
P82,1	7804	7819
P83,1	7820	7827
P24,2	7828	7843
P84,1	7844	7859
P85,1	7860	7875
P86,1	7876	7891
P87,1	7892	7907
P2,1	7908	7908
P88,1	7909	7924
P89,1	7925	7940
P25,1	7941	7956
P90,1	7957	7972
P91,1	7973	7988
P26,1	7989	8004
P92,1	8005	8020
P93,1	8021	8034
P7,1	8035	8050
P94,1	8051	8066
P95,1	8067	8082
P96,1	8083	8098
P97,1	8099	8114
P28,2	8115	8130
P98,1	8131	8146
P99,1	8147	8162
P100,1	8163	8178
P29,1	8179	8194
P101,1	8195	8210
P102,1	8211	8226
P103,1	8227	8233
P104,1	8234	8249
P8,1	8250	8255
P105,1	8256	8271
P106,1	8272	8287
P30,1	8288	8303
P107,1	8304	8319
P108,1	8320	8335
P109,1	8336	8351
P31,1	8352	8367
P110,1	8368	8383
P111,1	8384	8399
P112,1	8400	8415
P113,1	8416	8431
P114,1	8432	8447
P32,2	8448	8463
P115,1	8464	8479
P116,1	8480	8494
P33,1	8495	8510
P117,1	8511	8526
P118,1	8527	8542
P34,1	8543	8558
P119,1	8559	8574
P120,1	8575	8590
P35,1	8591	8606
P121,1	8607	8622
P122,1	8623	8638
P36,2	8639	8654
P123,2	8655	8670
P124,1	8671	8682
P125,1	8683	8698
P126,1	8699	8714
P37,1	8715	8730
P127,1	8731	8746
P128,1	8747	8762
P129,1	8763	8778
P9,1	8779	8784
P130,1	8785	8800
P131,1	8801	8816
P132,1	8817	8832
P38,1	8833	8848
P133,1	8849	8851
P39,1	8852	8855
P134,1	8856	8871
P135,1	8872	8883
P136,1	8884	8899
P40,2	8900	8915
P137,1	8916	8931
P138,1	8932	8947
P41,1	8948	8960
P139,1	8961	8976
P140,1	8977	8992
P141,1	8993	9001
P10,2	9002	9017
P142,1	9018	9033
P143,1	9034	9049
P144,1	9050	9065
P145,1	9066	9067
P146,2	9068	9083
P43,1	9084	9089
P147,1	9090	9090
P44,1	9091	9094
P148,1	9095	9110
P149,1	9111	9126
P45,1	9127	9142
P150,1	9143	9158
P151,1	9159	9174
P46,2	9175	9190
P152,1	9191	9206
P153,1	9207	9222
P154,1	9223	9238
P11,1	9239	9254
P155,1	9255	9270
P156,1	9271	9286
P47,1	9287	9302
P157,1	9303	9318
P158,1	9319	9325
P159,1	9326	9341
P48,1	9342	9357
P160,1	9358	9373
P161,1	9374	9389
P162,1	9390	9405
P49,2	9406	9421
P163,1	9422	9426
P164,1	9427	9442
P165,1	9443	9458
P12,2	9459	9474
P166,1	9475	9490
P167,1	9491	9506
P168,1	9507	9522
P50,1	9523	9529
P169,1	9530	9545
P170,1	9546	9558
P171,1	9559	9574
P51,1	9575	9590
P172,1	9591	9606
P173,1	9607	9622
P174,1	9623	9638
P175,1	9639	9654
P176,1	9655	9670
P177,1	9671	9686
P178,1	9687	9702
P13,1	9703	9718
P179,1	9719	9734
P180,1	9735	9750
P181,1	9751	9766
P53,2	9767	9782
P182,1	9783	9798
P183,1	9799	9814
P184,1	9815	9830
P54,1	9831	9846
P185,1	9847	9862
P186,1	9863	9878
P187,1	9879	9894
P55,1	9895	9910
P188,1	9911	9926
P14,1	9927	9942
P189,1	9943	9958
P190,1	9959	9959
P191,1	9960	9975
P56,1	9976	9991
P192,1	9992	10007
P193,1	10008	10023
P57,1	10024	10039
P194,1	10040	10055
P195,1	10056	10071
P4,2	10072	10087
P196,1	10088	10103
P197,1	10104	10117
P198,1	10118	10133
P58,1	10134	10149
P199,1	10150	10165
P200,1	10166	10181
P59,1	10182	10197
P60,2	10198	10213
P15,1	10214	10226
P61,1	10227	10242
P16,1	10243	10250
P62,1	10251	10266
P63,2	10267	10282
P17,1	10283	10288
P64,1	10289	10304
P65,1	10305	10320
P66,1	10321	10336
P18,1	10337	10341
P67,1	10342	10357
P68,2	10358	10373
P69,1	10374	10389
P19,2	10390	10405
P70,2	10406	10421
P72,1	10422	10437
P73,1	10438	10453
P75,2	10454	10469
P76,1	10470	10485
P21,1	10486	10501
P77,1	10502	10503
P78,1	10504	10519
P22,1	10520	10525
P79,1	10526	10541
P80,2	10542	10557
P23,2	10558	10573
P81,1	10574	10589
P82,1	10590	10598
P83,2	10599	10614
P24,2	10615	10630
P84,1	10631	10646
P85,1	10647	10662
P86,1	10663	10669
P87,1	10670	10678
P2,2	10679	10694
P88,1	10695	10697
P89,1	10698	10713
P25,1	10714	10729
P90,1	10730	10730
P91,1	10731	10737
P26,1	10738	10753
P92,1	10754	10769
P7,2	10770	10785
P94,1	10786	10801
P95,1	10802	10817
P96,1	10818	10833
P97,1	10834	10848
P28,2	10849	10864
P98,1	10865	10880
P99,1	10881	10896
P100,1	10897	10912
P29,1	10913	10915
P101,1	10916	10931
P102,1	10932	10947
P103,2	10948	10963
P104,1	10964	10979
P105,1	10980	10995
P106,1	10996	11011
P30,1	11012	11027
P107,1	11028	11043
P108,1	11044	11056
P109,1	11057	11072
P31,1	11073	11088
P110,1	11089	11104
P111,1	11105	11120
P112,1	11121	11134
P113,1	11135	11150
P114,1	11151	11166
P32,2	11167	11182
P115,1	11183	11198
P116,2	11199	11214
P33,1	11215	11216
P117,1	11217	11232
P118,1	11233	11248
P34,1	11249	11259
P119,1	11260	11275
P120,1	11276	11291
P35,1	11292	11307
P121,1	11308	11323
P122,1	11324	11331
P36,2	11332	11347
P123,2	11348	11363
P124,2	11364	11379
P125,1	11380	11395
P126,1	11396	11411
P37,1	11412	11412
P127,1	11413	11428
P128,1	11429	11444
P129,1	11445	11460
P130,1	11461	11476
P131,1	11477	11492
P132,1	11493	11508
P38,1	11509	11524
P133,2	11525	11540
P134,1	11541	11556
P135,2	11557	11572
P136,1	11573	11586
P40,2	11587	11602
P137,1	11603	11618
P138,1	11619	11620
P41,2	11621	11636
P139,1	11637	11652
P140,1	11653	11668
P141,2	11669	11684
P10,2	11685	11700
P142,1	11701	11716
P143,1	11717	11732
P144,1	11733	11743
P146,2	11744	11759
P44,2	11760	11775
P43,2	11776	11791
P148,1	11792	11807
P149,1	11808	11823
P45,1	11824	11839
P150,1	11840	11855
P151,1	11856	11858
P46,2	11859	11874
P152,1	11875	11890
P153,1	11891	11906
P154,1	11907	11922
P11,1	11923	11938
P155,1	11939	11954
P156,1	11955	11970
P47,1	11971	11986
P157,1	11987	12002
P158,2	12003	12018
P159,2	12019	12034
P48,1	12035	12047
P160,1	12048	12063
P161,1	12064	12079
P162,1	12080	12095
P49,2	12096	12111
P164,1	12112	12127
P165,1	12128	12143
P12,2	12144	12159
P166,1	12160	12175
P167,1	12176	12191
P168,1	12192	12200
P50,2	12201	12216
P169,1	12217	12220
P171,1	12221	12236
P51,1	12237	12250
P172,1	12251	12259
P173,1	12260	12275
P174,1	12276	12280
P175,1	12281	12296
P176,1	12297	12312
P177,1	12313	12328
P178,1	12329	12344
P13,1	12345	12360
P179,1	12361	12376
P180,1	12377	12392
P181,1	12393	12408
P53,2	12409	12424
P182,1	12425	12431
P183,2	12432	12447
P184,1	12448	12463
P54,1	12464	12468
P185,1	12469	12484
P186,1	12485	12500
P187,1	12501	12516
P55,1	12517	12532
P188,1	12533	12548
P14,1	12549	12563
P189,1	12564	12576
P190,2	12577	12592
P191,1	12593	12606
P56,1	12607	12617
P192,1	12618	12633
P193,1	12634	12649
P57,1	12650	12665
P194,1	12666	12675
P195,1	12676	12691
P4,2	12692	12707
P196,1	12708	12723
P198,1	12724	12736
P58,1	12737	12752
P199,1	12753	12768
P200,1	12769	12784
P59,1	12785	12800
P60,2	12801	12816
P15,2	12817	12832
P61,1	12833	12848
P16,2	12849	12864
P62,1	12865	12880
P63,2	12881	12896
P17,2	12897	12912
P64,1	12913	12928
P65,1	12929	12944
P66,1	12945	12946
P18,2	12947	12962
P67,1	12963	12978
P68,2	12979	12994
P69,1	12995	13010
P19,2	13011	13026
P70,2	13027	13042
P72,1	13043	13051
P75,2	13052	13067
P76,1	13068	13083
P21,1	13084	13099
P77,2	13100	13115
P78,1	13116	13116
P22,2	13117	13132
P79,1	13133	13148
P80,2	13149	13164
P23,2	13165	13180
P81,1	13181	13196
P83,2	13197	13212
P24,2	13213	13228
P84,1	13229	13244
P85,1	13245	13260
P86,2	13261	13276
P2,2	13277	13292
P88,2	13293	13308
P89,1	13309	13324
P25,1	13325	13340
P90,2	13341	13356
P91,2	13357	13372
P26,1	13373	13377
P92,1	13378	13393
P7,2	13394	13409
P94,1	13410	13425
P95,1	13426	13441
P96,1	13442	13457
P97,2	13458	13473
P28,2	13474	13489
P98,1	13490	13505
P99,1	13506	13521
P100,1	13522	13537
P29,2	13538	13553
P101,1	13554	13560
P102,1	13561	13565
P103,2	13566	13580
P104,1	13581	13596
P105,1	13597	13597
P106,1	13598	13613
P30,1	13614	13625
P107,1	13626	13641
P108,2	13642	13657
P109,1	13658	13665
P31,1	13666	13681
P110,1	13682	13697
P111,1	13698	13713
P112,2	13714	13729
P113,1	13730	13744
P114,1	13745	13760
P32,2	13761	13776
P115,1	13777	13792
P116,2	13793	13808
P33,2	13809	13824
P117,1	13825	13825
P118,1	13826	13841
P34,2	13842	13857
P119,1	13858	13861
P120,1	13862	13877
P35,1	13878	13893
P122,2	13894	13909
P36,2	13910	13925
P123,2	13926	13941
P124,2	13942	13957
P125,1	13958	13973
P126,1	13974	13975
P127,1	13976	13991
P128,1	13992	14007
P129,1	14008	14017
P130,1	14018	14033
P131,1	14034	14036
P132,1	14037	14052
P38,1	14053	14068
P133,2	14069	14084
P134,1	14085	14100
P135,2	14101	14116
P40,2	14117	14132
P137,1	14133	14148
P138,2	14149	14164
P41,2	14165	14180
P139,1	14181	14196
P140,1	14197	14212
P141,2	14213	14228
P10,2	14229	14244
P142,1	14245	14248
P143,1	14249	14264
P144,2	14265	14280
P146,2	14281	14296
P44,2	14297	14312
P43,2	14313	14328
P148,1	14329	14344
P149,1	14345	14360
P45,1	14361	14376
P150,1	14377	14392
P151,2	14393	14408
P46,2	14409	14424
P152,1	14425	14440
P153,1	14441	14456
P154,1	14457	14472
P11,1	14473	14488
P155,1	14489	14504
P156,1	14505	14520
P47,1	14521	14536
P157,1	14537	14552
P158,2	14553	14568
P159,2	14569	14583
P48,2	14584	14599
P160,1	14600	14615
P161,1	14616	14619
P162,1	14620	14633
P49,2	14634	14649
P164,1	14650	14665
P165,1	14666	14681
P12,2	14682	14687
P166,1	14688	14701
P167,1	14702	14717
P50,2	14718	14733
P169,2	14734	14749
P171,1	14750	14765
P173,1	14766	14781
P175,1	14782	14782
P176,1	14783	14791
P177,1	14792	14807
P178,1	14808	14823
P13,1	14824	14835
P179,1	14836	14846
P180,1	14847	14862
P181,1	14863	14878
P53,2	14879	14894
P182,2	14895	14910
P183,2	14911	14926
P184,1	14927	14942
P54,2	14943	14958
P185,1	14959	14961
P186,1	14962	14964
P187,1	14965	14980
P55,1	14981	14996
P188,1	14997	15012
P189,2	15013	15028
P190,2	15029	15044
P56,2	15045	15060
P192,1	15061	15072
P193,1	15073	15088
P57,1	15089	15092
P194,2	15093	15108
P195,1	15109	15114
P4,2	15115	15130
P196,1	15131	15133
P58,1	15134	15139
P199,1	15140	15155
P200,1	15156	15171
P59,1	15172	15176
P60,2	15177	15192
P15,2	15193	15208
P61,1	15209	15224
P16,2	15225	15240
P62,1	15241	15256
P63,2	15257	15272
P17,2	15273	15288
P64,1	15289	15303
P65,1	15304	15311
P66,2	15312	15327
P18,2	15328	15343
P67,1	15344	15345
P68,2	15346	15361
P69,1	15362	15377
P19,2	15378	15391
P70,2	15392	15407
P75,2	15408	15423
P76,1	15424	15439
P21,1	15440	15454
P77,2	15455	15470
P78,2	15471	15486
P22,2	15487	15502
P79,1	15503	15503
P80,2	15504	15519
P23,2	15520	15535
P81,1	15536	15551
P83,2	15552	15567
P24,2	15568	15579
P84,1	15580	15589
P85,1	15590	15605
P86,2	15606	15621
P2,2	15622	15637
P88,2	15638	15653
P89,1	15654	15669
P25,1	15670	15685
P90,2	15686	15701
P91,2	15702	15717
P26,2	15718	15733
P92,1	15734	15749
P7,2	15750	15765
P94,1	15766	15781
P95,1	15782	15797
P96,1	15798	15804
P97,2	15805	15820
P28,2	15821	15836
P98,1	15837	15852
P99,1	15853	15868
P100,1	15869	15873
P29,2	15874	15889
P101,2	15890	15905
P102,2	15906	15921
P103,3	15922	15937
P104,1	15938	15953
P106,1	15954	15969
P30,2	15970	15985
P107,2	15986	16001
P108,2	16002	16017
P109,2	16018	16033
P31,1	16034	16034
P110,1	16035	16050
P111,1	16051	16066
P112,2	16067	16082
P113,2	16083	16098
P114,1	16099	16106
P32,2	16107	16117
P115,1	16118	16133
P116,3	16134	16149
P33,2	16150	16165
P118,1	16166	16181
P34,2	16182	16197
P119,2	16198	16213
P120,1	16214	16229
P35,1	16230	16234
P122,2	16235	16250
P36,2	16251	16266
P123,2	16267	16282
P124,2	16283	16298
P125,1	16299	16314
P126,2	16315	16330
P127,1	16331	16346
P128,1	16347	16362
P129,2	16363	16378
P130,1	16379	16394
P131,2	16395	16410
P132,1	16411	16426
P38,1	16427	16440
P133,2	16441	16456
P134,1	16457	16470
P135,2	16471	16486
P40,2	16487	16502
P137,1	16503	16518
P138,2	16519	16534
P41,2	16535	16550
P139,1	16551	16557
P140,1	16558	16569
P141,2	16570	16585
P10,2	16586	16601
P143,1	16602	16617
P144,2	16618	16633
P146,2	16634	16649
P44,2	16650	16665
P43,2	16666	16681
P148,1	16682	16697
P149,2	16698	16713
P45,1	16714	16729
P150,1	16730	16742
P151,2	16743	16758
P46,2	16759	16759
P152,1	16760	16775
P153,1	16776	16783
P154,1	16784	16799
P11,1	16800	16803
P155,1	16804	16817
P156,1	16818	16833
P47,1	16834	16839
P157,1	16840	16855
P158,3	16856	16871
P159,3	16872	16887
P48,2	16888	16903
P160,1	16904	16919
P161,2	16920	16935
P162,2	16936	16951
P49,2	16952	16967
P164,1	16968	16983
P165,1	16984	16990
P12,3	16991	17006
P167,1	17007	17022
P50,2	17023	17038
P169,2	17039	17054
P171,1	17055	17070
P173,1	17071	17086
P176,2	17087	17102
P177,1	17103	17118
P13,2	17119	17134
P180,1	17135	17150
P181,1	17151	17152
P53,2	17153	17154
P182,2	17155	17170
P183,2	17171	17186
P184,1	17187	17202
P54,2	17203	17218
P185,2	17219	17234
P187,1	17235	17250
P55,1	17251	17262
P188,1	17263	17278
P189,2	17279	17294
P190,2	17295	17310
P56,2	17311	17324
P192,2	17325	17340
P193,1	17341	17356
P194,2	17357	17372
P195,2	17373	17388
P4,2	17389	17404
P58,2	17405	17420
P199,1	17421	17436
P200,1	17437	17452
P60,2	17453	17468
P15,2	17469	17473
P61,1	17474	17481
P16,2	17482	17497
P62,1	17498	17500
P63,2	17501	17516
P17,2	17517	17532
P64,2	17533	17548
P65,2	17549	17564
P66,2	17565	17580
P18,2	17581	17585
P67,2	17586	17601
P68,2	17602	17613
P69,1	17614	17625
P19,3	17626	17641
P70,2	17642	17657
P75,2	17658	17673
P76,1	17674	17677
P21,2	17678	17693
P77,2	17694	17708
P78,2	17709	17724
P22,2	17725	17740
P80,2	17741	17756
P23,2	17757	17767
P81,1	17768	17780
P83,2	17781	17796
P24,3	17797	17812
P84,2	17813	17828
P85,1	17829	17844
P86,2	17845	17853
P2,2	17854	17869
P88,2	17870	17885
P89,1	17886	17886
P25,1	17887	17894
P90,2	17895	17906
P91,2	17907	17922
P26,2	17923	17938
P92,1	17939	17954
P7,2	17955	17970
P94,1	17971	17972
P95,1	17973	17977
P96,2	17978	17993
P97,2	17994	18009
P28,2	18010	18025
P98,1	18026	18041
P99,2	18042	18057
P100,2	18058	18073
P29,2	18074	18089
P101,2	18090	18105
P102,2	18106	18121
P103,3	18122	18137
P104,1	18138	18143
P106,1	18144	18159
P30,2	18160	18175
P107,2	18176	18191
P108,2	18192	18207
P109,2	18208	18223
P31,2	18224	18239
P110,1	18240	18250
P111,1	18251	18261
P112,2	18262	18277
P113,2	18278	18293
P115,1	18294	18296
P116,3	18297	18312
P33,2	18313	18328
P118,1	18329	18336
P34,2	18337	18352
P119,2	18353	18368
P120,1	18369	18384
P35,2	18385	18400
P122,2	18401	18416
P36,2	18417	18432
P123,2	18433	18448
P124,2	18449	18464
P125,1	18465	18475
P126,2	18476	18491
P127,1	18492	18500
P128,1	18501	18505
P129,2	18506	18521
P130,1	18522	18527
P131,2	18528	18543
P132,1	18544	18550
P38,2	18551	18566
P133,2	18567	18582
P134,2	18583	18598
P135,2	18599	18609
P40,2	18610	18622
P137,1	18623	18636
P138,2	18637	18652
P41,2	18653	18655
P139,2	18656	18671
P141,2	18672	18676
P10,2	18677	18679
P143,1	18680	18689
P144,2	18690	18705
P146,2	18706	18721
P44,2	18722	18737
P43,2	18738	18753
P148,1	18754	18769
P149,2	18770	18785
P45,1	18786	18789
P151,2	18790	18805
P46,3	18806	18821
P152,1	18822	18837
P153,2	18838	18853
P154,1	18854	18869
P156,1	18870	18879
P157,1	18880	18895
P158,3	18896	18909
P159,3	18910	18925
P48,2	18926	18941
P160,1	18942	18954
P161,2	18955	18969
P162,2	18970	18985
P49,2	18986	19001
P164,1	19002	19004
P12,3	19005	19020
P50,2	19021	19036
P169,2	19037	19052
P171,1	19053	19063
P173,1	19064	19079
P176,2	19080	19095
P177,1	19096	19103
P13,2	19104	19119
P180,1	19120	19135
P53,3	19136	19151
P181,2	19152	19167
P182,2	19168	19183
P183,2	19184	19199
P184,1	19200	19215
P54,2	19216	19231
P185,2	19232	19247
P187,1	19248	19253
P55,2	19254	19269
P188,1	19270	19285
P189,2	19286	19301
P190,2	19302	19317
P192,2	19318	19333
P193,1	19334	19341
P194,2	19342	19344
P195,2	19345	19360
P4,2	19361	19376
P58,2	19377	19392
P199,1	19393	19408
P200,2	19409	19424
P60,2	19425	19440
P15,3	19441	19456
P61,2	19457	19472
P16,2	19473	19488
P63,2	19489	19497
P17,2	19498	19513
P64,2	19514	19529
P65,2	19530	19545
P66,2	19546	19561
P67,2	19562	19577
P69,2	19578	19593
P19,3	19594	19609
P70,2	19610	19610
P75,2	19611	19626
P76,2	19627	19642
P21,2	19643	19658
P78,2	19659	19674
P22,2	19675	19690
P80,2	19691	19706
P81,2	19707	19722
P83,2	19723	19726
P24,3	19727	19742
P84,2	19743	19758
P85,1	19759	19759
P86,3	19760	19775
P2,2	19776	19791
P88,2	19792	19807
P25,2	19808	19823
P91,2	19824	19839
P26,2	19840	19855
P92,1	19856	19861
P7,2	19862	19870
P95,2	19871	19886
P96,2	19887	19902
P97,2	19903	19918
P28,2	19919	19926
P98,1	19927	19934
P99,2	19935	19950
P100,2	19951	19966
P29,2	19967	19973
P101,2	19974	19989
P102,2	19990	20005
P103,3	20006	20021
P106,1	20022	20022
P30,2	20023	20038
P107,2	20039	20054
P108,2	20055	20070
P109,2	20071	20086
P31,2	20087	20102
P111,2	20103	20118
P112,2	20119	20134
P113,2	20135	20150
P115,2	20151	20166
P116,3	20167	20182
P33,2	20183	20189
P118,2	20190	20205
P34,2	20206	20221
P119,2	20222	20236
P120,1	20237	20242
P35,2	20243	20258
P122,2	20259	20274
P36,2	20275	20290
P123,2	20291	20306
P124,2	20307	20321
P125,2	20322	20337
P126,2	20338	20353
P127,2	20354	20369
P129,2	20370	20385
P130,2	20386	20401
P131,2	20402	20404
P132,2	20405	20420
P38,2	20421	20436
P133,2	20437	20452
P134,2	20453	20468
P40,3	20469	20484
P137,2	20485	20500
P138,2	20501	20511
P41,3	20512	20527
P139,2	20528	20543
P141,3	20544	20559
P143,2	20560	20575
P144,2	20576	20579
P146,2	20580	20595
P44,2	20596	20611
P43,2	20612	20627
P148,1	20628	20634
P149,2	20635	20650
P151,2	20651	20666
P46,3	20667	20682
P152,1	20683	20688
P153,2	20689	20704
P154,2	20705	20720
P156,2	20721	20736
P157,1	20737	20739
P159,3	20740	20755
P48,2	20756	20771
P161,3	20772	20787
P162,2	20788	20803
P49,2	20804	20819
P12,3	20820	20823
P50,2	20824	20839
P169,2	20840	20841
P171,2	20842	20857
P173,1	20858	20862
P176,2	20863	20878
P177,2	20879	20894
P13,2	20895	20910
P180,1	20911	20914
P53,3	20915	20930
P181,2	20931	20946
P182,2	20947	20962
P183,2	20963	20963
P184,1	20964	20970
P54,2	20971	20986
P185,2	20987	21002
P55,2	21003	21018
P188,2	21019	21034
P189,2	21035	21043
P190,2	21044	21059
P192,2	21060	21075
P194,3	21076	21091
P195,2	21092	21106
P4,2	21107	21122
P58,2	21123	21138
P199,1	21139	21140
P200,2	21141	21156
P60,2	21157	21172
P15,3	21173	21188
P61,2	21189	21204
P16,2	21205	21218
P17,2	21219	21234
P64,2	21235	21250
P65,2	21251	21266
P66,2	21267	21282
P67,2	21283	21284
P69,2	21285	21300
P19,3	21301	21316
P75,2	21317	21332
P76,2	21333	21348
P21,2	21349	21351
P78,2	21352	21367
P22,2	21368	21373
P80,2	21374	21386
P81,2	21387	21402
P83,3	21403	21418
P24,3	21419	21432
P84,2	21433	21439
P85,2	21440	21455
P86,3	21456	21470
P2,2	21471	21486
P88,2	21487	21502
P25,2	21503	21518
P91,2	21519	21531
P26,2	21532	21547
P92,2	21548	21563
P95,2	21564	21579
P96,2	21580	21595
P97,2	21596	21611
P28,3	21612	21627
P98,2	21628	21643
P99,2	21644	21659
P100,2	21660	21675
P29,3	21676	21691
P102,2	21692	21707
P103,3	21708	21715
P106,2	21716	21731
P30,2	21732	21747
P107,2	21748	21763
P108,2	21764	21779
P109,2	21780	21795
P31,2	21796	21811
P111,2	21812	21827
P112,2	21828	21843
P113,2	21844	21859
P115,2	21860	21875
P116,3	21876	21891
P33,3	21892	21907
P118,2	21908	21923
P34,2	21924	21932
P120,2	21933	21948
P35,2	21949	21964
P122,2	21965	21980
P36,2	21981	21996
P123,2	21997	22001
P125,2	22002	22017
P126,2	22018	22033
P127,2	22034	22049
P129,2	22050	22055
P130,2	22056	22071
P131,3	22072	22087
P132,2	22088	22103
P38,2	22104	22106
P133,2	22107	22122
P134,2	22123	22138
P40,3	22139	22154
P137,2	22155	22170
P41,3	22171	22186
P139,2	22187	22197
P141,3	22198	22213
P143,2	22214	22229
P144,3	22230	22245
P146,2	22246	22261
P44,2	22262	22277
P43,2	22278	22293
P149,2	22294	22309
P151,2	22310	22325
P46,3	22326	22341
P152,2	22342	22357
P153,2	22358	22373
P154,2	22374	22389
P156,2	22390	22405
P159,3	22406	22421
P48,2	22422	22437
P161,3	22438	22453
P162,2	22454	22469
P49,3	22470	22485
P50,2	22486	22499
P169,3	22500	22515
P171,2	22516	22531
P173,2	22532	22547
P176,2	22548	22563
P177,2	22564	22579
P13,2	22580	22587
P53,3	22588	22603
P181,2	22604	22619
P182,2	22620	22623
P184,2	22624	22639
P54,2	22640	22645
P185,2	22646	22661
P55,2	22662	22677
P188,2	22678	22693
P189,3	22694	22709
P190,2	22710	22714
P192,2	22715	22730
P194,3	22731	22746
P195,3	22747	22762
P4,2	22763	22774
P58,2	22775	22780
P200,2	22781	22796
P60,2	22797	22812
P15,3	22813	22828
P61,2	22829	22844
P17,2	22845	22860
P64,2	22861	22876
P65,2	22877	22889
P66,2	22890	22905
P67,3	22906	22921
P69,2	22922	22937
P19,3	22938	22953
P75,3	22954	22969
P76,2	22970	22985
P78,2	22986	23001
P80,3	23002	23017
P81,2	23018	23033
P83,3	23034	23049
P85,2	23050	23065
P2,2	23066	23074
P88,2	23075	23090
P25,2	23091	23106
P91,3	23107	23122
P26,2	23123	23138
P92,2	23139	23154
P95,2	23155	23170
P96,2	23171	23186
P97,2	23187	23202
P28,3	23203	23218
P98,2	23219	23234
P99,2	23235	23250
P100,2	23251	23266
P29,3	23267	23281
P102,2	23282	23287
P106,2	23288	23303
P30,2	23304	23304
P107,2	23305	23320
P108,2	23321	23328
P109,2	23329	23344
P31,2	23345	23357
P111,2	23358	23373
P112,2	23374	23381
P113,2	23382	23391
P115,2	23392	23407
P116,3	23408	23423
P33,3	23424	23439
P118,2	23440	23455
P34,3	23456	23471
P120,2	23472	23487
P35,2	23488	23503
P122,2	23504	23517
P36,2	23518	23521
P123,3	23522	23537
P125,2	23538	23553
P126,2	23554	23569
P127,2	23570	23585
P130,2	23586	23601
P131,3	23602	23617
P132,2	23618	23633
P38,3	23634	23649
P133,2	23650	23665
P134,2	23666	23677
P40,3	23678	23693
P137,2	23694	23709
P41,3	23710	23725
P139,3	23726	23741
P141,3	23742	23751
P143,2	23752	23767
P144,3	23768	23783
P146,3	23784	23799
P44,2	23800	23812
P43,2	23813	23820
P149,3	23821	23836
P151,2	23837	23852
P46,3	23853	23858
P152,2	23859	23874
P153,2	23875	23890
P154,2	23891	23905
P156,2	23906	23921
P159,3	23922	23925
P48,2	23926	23940
P161,3	23941	23956
P162,2	23957	23972
P49,3	23973	23988
P50,3	23989	24004
P169,3	24005	24020
P171,2	24021	24031
P173,2	24032	24047
P176,2	24048	24063
P177,2	24064	24068
P53,3	24069	24084
P181,2	24085	24100
P184,2	24101	24116
P185,2	24117	24132
P55,2	24133	24145
P188,2	24146	24161
P189,3	24162	24177
P192,2	24178	24184
P194,3	24185	24190
P195,3	24191	24206
P4,3	24207	24222
P58,3	24223	24238
P200,2	24239	24254
P60,2	24255	24257
P15,3	24258	24267
P61,2	24268	24283
P17,2	24284	24299
P64,2	24300	24315
P65,3	24316	24331
P66,2	24332	24347
P67,3	24348	24363
P69,2	24364	24379
P19,3	24380	24395
P75,3	24396	24411
P76,2	24412	24427
P78,2	24428	24432
P80,3	24433	24448
P81,2	24449	24464
P83,3	24465	24480
P85,2	24481	24496
P88,2	24497	24509
P25,2	24510	24525
P91,3	24526	24541
P26,2	24542	24557
P92,2	24558	24573
P95,2	24574	24575
P96,2	24576	24591
P97,2	24592	24606
P28,3	24607	24622
P98,2	24623	24632
P99,2	24633	24648
P100,2	24649	24664
P102,3	24665	24680
P106,2	24681	24696
P30,3	24697	24712
P107,2	24713	24728
P109,2	24729	24744
P31,3	24745	24760
P111,2	24761	24776
P112,3	24777	24792
P115,2	24793	24808
P116,3	24809	24809
P33,3	24810	24825
P118,2	24826	24841
P34,3	24842	24857
P120,2	24858	24873
P35,2	24874	24889
P122,3	24890	24905
P123,3	24906	24921
P125,2	24922	24931
P126,2	24932	24947
P127,2	24948	24963
P130,2	24964	24979
P131,3	24980	24995
P132,2	24996	24999
P38,3	25000	25015
P133,2	25016	25022
P40,3	25023	25038
P137,2	25039	25039
P41,3	25040	25055
P139,3	25056	25071
P143,2	25072	25087
P144,3	25088	25103
P146,3	25104	25119
P43,3	25120	25135
P149,3	25136	25151
P151,2	25152	25155
P152,2	25156	25171
P153,2	25172	25187
P156,2	25188	25203
P161,3	25204	25219
P162,2	25220	25235
P49,3	25236	25251
P50,3	25252	25265
P169,3	25266	25267
P173,2	25268	25283
P176,2	25284	25299
P177,3	25300	25315
P53,3	25316	25331
P181,2	25332	25347
P184,2	25348	25363
P185,2	25364	25366
P188,2	25367	25382
P189,3	25383	25398
P195,3	25399	25414
P4,3	25415	25430
P58,3	25431	25446
P200,2	25447	25462
P61,2	25463	25478
P17,2	25479	25484
P64,2	25485	25500
P65,3	25501	25516
P66,2	25517	25521
P67,3	25522	25537
P69,2	25538	25553
P19,3	25554	25569
P75,3	25570	25574
P76,2	25575	25582
P78,3	25583	25598
P80,3	25599	25610
P81,2	25611	25626
P83,3	25627	25642
P85,2	25643	25658
P25,2	25659	25674
P91,3	25675	25683
P26,2	25684	25699
P92,2	25700	25708
P95,3	25709	25724
P96,2	25725	25734
P97,3	25735	25750
P28,3	25751	25764
P99,2	25765	25780
P100,2	25781	25796
P102,3	25797	25812
P106,2	25813	25822
P30,3	25823	25838
P107,2	25839	25849
P109,2	25850	25856
P31,3	25857	25872
P111,2	25873	25879
P112,3	25880	25895
P115,2	25896	25900
P33,3	25901	25916
P118,2	25917	25932
P34,3	25933	25948
P120,2	25949	25964
P35,2	25965	25966
P122,3	25967	25982
P123,3	25983	25998
P126,2	25999	26014
P127,2	26015	26030
P130,2	26031	26046
P131,3	26047	26062
P132,3	26063	26078
P38,3	26079	26094
P133,3	26095	26110
P40,3	26111	26126
P137,3	26127	26142
P139,3	26143	26158
P143,2	26159	26168
P144,3	26169	26174
P146,3	26175	26190
P43,3	26191	26206
P149,3	26207	26222
P152,2	26223	26238
P153,2	26239	26253
P156,2	26254	26269
P161,3	26270	26285
P162,2	26286	26301
P49,3	26302	26317
P173,2	26318	26333
P176,2	26334	26346
P177,3	26347	26362
P53,3	26363	26366
P181,2	26367	26382
P184,2	26383	26398
P188,2	26399	26414
P189,3	26415	26430
P195,3	26431	26446
P4,3	26447	26462
P58,3	26463	26465
P200,2	26466	26481
P61,2	26482	26491
P17,3	26492	26507
P64,2	26508	26523
P65,3	26524	26539
P66,3	26540	26555
P67,3	26556	26571
P69,2	26572	26584
P19,3	26585	26599
P78,3	26600	26615
P81,2	26616	26629
P83,3	26630	26645
P85,2	26646	26647
P25,2	26648	26663
P26,2	26664	26665
P95,3	26666	26681
P96,3	26682	26697
P97,3	26698	26713
P99,2	26714	26718
P100,2	26719	26731
P102,3	26732	26747
P30,3	26748	26763
P107,3	26764	26779
P31,3	26780	26795
P111,3	26796	26811
P112,3	26812	26818
P33,3	26819	26834
P118,2	26835	26850
P34,3	26851	26866
P120,2	26867	26882
P122,3	26883	26898
P123,3	26899	26914
P126,2	26915	26916
P127,2	26917	26932
P130,2	26933	26948
P131,3	26949	26949
P132,3	26950	26965
P38,3	26966	26981
P133,3	26982	26997
P40,3	26998	27008
P137,3	27009	27024
P139,3	27025	27040
P143,3	27041	27056
P146,3	27057	27072
P43,3	27073	27088
P149,3	27089	27104
P152,2	27105	27112
P156,2	27113	27128
P161,3	27129	27144
P162,2	27145	27150
P49,3	27151	27153
P173,2	27154	27169
P177,3	27170	27185
P181,2	27186	27201
P184,2	27202	27204
P188,2	27205	27218
P189,3	27219	27234
P195,3	27235	27250
P4,3	27251	27266
P200,2	27267	27268
P61,3	27269	27284
P17,3	27285	27300
P64,2	27301	27302
P65,3	27303	27318
P66,3	27319	27334
P67,3	27335	27350
P78,3	27351	27366
P81,3	27367	27382
P83,3	27383	27398
P25,2	27399	27413
P95,3	27414	27429
P96,3	27430	27445
P97,3	27446	27461
P99,3	27462	27477
P100,3	27478	27493
P102,3	27494	27509
P30,3	27510	27513
P107,3	27514	27529
P31,3	27530	27536
P111,3	27537	27552
P33,3	27553	27568
P118,2	27569	27584
P34,3	27585	27600
P120,3	27601	27616
P122,3	27617	27632
P123,3	27633	27648
P127,2	27649	27664
P130,2	27665	27673
P132,3	27674	27678
P38,3	27679	27694
P133,3	27695	27710
P137,3	27711	27723
P139,3	27724	27739
P143,3	27740	27755
P146,3	27756	27757
P43,3	27758	27772
P149,3	27773	27788
P161,3	27789	27791
P162,3	27792	27807
P173,2	27808	27823
P177,3	27824	27826
P181,3	27827	27842
P184,3	27843	27858
P189,3	27859	27863
P195,3	27864	27879
P4,3	27880	27895
P200,3	27896	27911
P61,3	27912	27927
P17,3	27928	27943
P64,3	27944	27959
P65,3	27960	27961
P66,3	27962	27977
P67,3	27978	27979
P78,3	27980	27992
P81,3	27993	28008
P83,3	28009	28009
P25,3	28010	28025
P95,3	28026	28040
P96,3	28041	28056
P97,3	28057	28072
P99,3	28073	28088
P100,3	28089	28104
P102,3	28105	28120
P107,3	28121	28136
P111,3	28137	28152
P33,3	28153	28168
P118,2	28169	28171
P34,3	28172	28173
P120,3	28174	28189
P122,3	28190	28205
P123,3	28206	28206
P127,2	28207	28210
P38,3	28211	28226
P133,3	28227	28242
P139,3	28243	28247
P143,3	28248	28263
P149,3	28264	28279
P162,3	28280	28295
P173,2	28296	28296
P181,3	28297	28312
P184,3	28313	28328
P195,3	28329	28340
P4,3	28341	28356
P200,3	28357	28372
P61,3	28373	28388
P17,3	28389	28404
P64,3	28405	28420
P66,3	28421	28436
P81,3	28437	28452
P25,3	28453	28468
P96,3	28469	28484
P97,3	28485	28489
P99,3	28490	28496
P100,3	28497	28512
P102,3	28513	28528
P107,3	28529	28544
P111,3	28545	28560
P33,3	28561	28566
P120,3	28567	28580
P122,3	28581	28596
P127,3	28597	28612
P38,3	28613	28628
P133,3	28629	28635
P143,3	28636	28651
P149,3	28652	28667
P162,3	28668	28683
P173,3	28684	28699
P181,3	28700	28715
P184,3	28716	28726
P4,3	28727	28742
P200,3	28743	28758
P61,3	28759	28774
P17,3	28775	28780
P64,3	28781	28796
P66,3	28797	28812
P81,3	28813	28817
P25,3	28818	28833
P96,3	28834	28849
P100,3	28850	28865
P102,3	28866	28877
P107,3	28878	28893
P111,3	28894	28909
P122,3	28910	28912
P127,3	28913	28928
P38,3	28929	28936
P143,3	28937	28952
P149,3	28953	28954
P162,3	28955	28970
P173,3	28971	28986
P181,3	28987	29002
P4,3	29003	29009
P200,3	29010	29025
P61,3	29026	29031
P64,3	29032	29040
P66,3	29041	29046
P25,3	29047	29048
P96,3	29049	29064
P100,3	29065	29079
P107,3	29080	29095
P111,3	29096	29107
P127,3	29108	29123
P143,3	29124	29131
P162,3	29132	29147
P173,3	29148	29154
P181,3	29155	29170
P200,3	29171	29186
P96,3	29187	29187
P107,3	29188	29203
P127,3	29204	29219
P162,3	29220	29235
P181,3	29236	29251
P200,3	29252	29267
P107,3	29268	29271
P127,3	29272	29287
P162,3	29288	29303
P181,3	29304	29311
P200,3	29312	29324
P127,3	29325	29340
P162,3	29341	29345
P127,3	29346	29353
