CPU0
P1,1	10	47
P3,1	48	77
P4,1	78	141
P7,1	142	205
P9,1	206	269
P11,1	270	333
P14,1	334	397
P16,1	398	461
P18,1	462	525
P20,1	526	559
P21,1	560	623
P23,1	624	666
P4,1	667	673
P25,1	674	737
P27,1	738	779
P29,1	780	843
P31,1	844	907
P34,1	908	971
P36,1	972	1013
P37,1	1014	1077
P7,1	1078	1093
P39,1	1094	1145
P42,1	1146	1186
P43,1	1187	1240
P45,1	1241	1304
P8,1	1305	1310
P48,1	1311	1374
P50,1	1375	1429
P52,1	1430	1460
P54,1	1461	1524
P55,1	1525	1588
P57,1	1589	1652
P2,2	1653	1716
P60,1	1717	1761
P11,1	1762	1813
P12,2	1814	1867
P63,1	1868	1897
P65,1	1898	1961
P67,1	1962	2025
P69,1	2026	2089
P14,1	2090	2120
P71,1	2121	2157
P73,1	2158	2221
P76,1	2222	2285
P15,1	2286	2298
P78,1	2299	2362
P80,1	2363	2408
P82,1	2409	2465
P84,1	2466	2529
P86,1	2530	2584
P88,1	2585	2635
P17,1	2636	2641
P18,1	2642	2646
P90,1	2647	2695
P92,1	2696	2759
P94,1	2760	2823
P96,1	2824	2887
P98,1	2888	2951
P100,1	2952	3015
P102,1	3016	3079
P104,1	3080	3143
P105,1	3144	3207
P107,1	3208	3271
P22,1	3272	3277
P109,1	3278	3341
P111,1	3342	3405
P113,1	3406	3469
P23,2	3470	3533
P4,2	3534	3597
P24,2	3598	3657
P119,1	3658	3721
P121,1	3722	3785
P25,1	3786	3841
P124,1	3842	3885
P126,1	3886	3949
P127,1	3950	4013
P129,1	4014	4077
P131,1	4078	4141
P133,1	4142	4176
P134,1	4177	4240
P136,1	4241	4302
P138,1	4303	4352
P140,1	4353	4416
P142,1	4417	4480
P30,1	4481	4508
P145,1	4509	4542
P146,1	4543	4572
P148,1	4573	4636
P31,1	4637	4669
P150,1	4670	4733
P152,1	4734	4797
P154,1	4798	4861
P156,1	4862	4925
P158,1	4926	4964
P34,1	4965	4975
P160,1	4976	5039
P162,1	5040	5103
P165,1	5104	5167
P167,1	5168	5231
P36,2	5232	5295
P170,1	5296	5340
P171,1	5341	5404
P173,1	5405	5468
P175,1	5469	5532
P177,1	5533	5596
P179,1	5597	5660
P181,1	5661	5724
P183,1	5725	5772
P38,1	5773	5818
P185,1	5819	5882
P187,1	5883	5946
P189,1	5947	6007
P40,2	6008	6071
P192,1	6072	6135
P194,1	6136	6193
P196,1	6194	6257
P41,2	6258	6308
P199,1	6309	6372
P43,2	6373	6436
P46,2	6437	6500
P48,1	6501	6513
P49,2	6514	6577
P51,1	6578	6591
P53,2	6592	6641
P56,1	6642	6652
P57,1	6653	6672
P2,2	6673	6713
P61,1	6714	6753
P62,1	6754	6788
P63,2	6789	6852
P66,1	6853	6854
P67,1	6855	6872
P70,2	6873	6936
P13,2	6937	6992
P76,1	6993	7028
P15,2	7029	7065
P16,2	7066	7129
P81,1	7130	7174
P84,1	7175	7200
P85,1	7201	7249
P88,2	7250	7313
P18,2	7314	7350
P90,2	7351	7394
P92,1	7395	7448
P95,1	7449	7485
P96,1	7486	7508
P98,1	7509	7564
P99,1	7565	7596
P100,1	7597	7617
P104,1	7618	7655
P105,1	7656	7656
P106,1	7657	7705
P108,2	7706	7769
P111,1	7770	7812
P113,1	7813	7827
P114,1	7828	7851
P23,2	7852	7862
P115,1	7863	7897
P4,2	7898	7941
P118,1	7942	7981
P122,2	7982	8045
P123,2	8046	8109
P125,1	8110	8152
P127,1	8153	8193
P128,1	8194	8230
P131,1	8231	8233
P132,1	8234	8272
P28,2	8273	8296
P134,1	8297	8326
P137,1	8327	8372
P138,2	8373	8431
P140,1	8432	8459
P142,1	8460	8463
P143,1	8464	8505
P144,2	8506	8557
P146,2	8558	8621
P149,1	8622	8637
P150,1	8638	8666
P151,2	8667	8730
P153,1	8731	8754
P155,1	8755	8784
P156,1	8785	8826
P33,2	8827	8881
P159,2	8882	8912
P160,1	8913	8957
P165,1	8958	8980
P166,1	8981	8994
P36,2	8995	9046
P35,2	9047	9110
P173,1	9111	9163
P179,1	9164	9174
P180,1	9175	9226
P183,2	9227	9290
P38,2	9291	9325
P186,1	9326	9328
P188,1	9329	9376
P190,2	9377	9440
P193,1	9441	9480
P195,1	9481	9486
P199,1	9487	9536
P200,1	9537	9568
P44,2	9569	9613
P49,2	9614	9645
P50,2	9646	9675
P53,3	9676	9739
P55,2	9740	9800
P61,2	9801	9864
P63,2	9865	9889
P66,2	9890	9953
P67,2	9954	9987
P76,2	9988	10051
P15,3	10052	10109
P16,2	10110	10123
P80,2	10124	10152
P84,2	10153	10191
P83,2	10192	10195
P85,2	10196	10259
P17,2	10260	10313
P95,2	10314	10363
P19,3	10364	10410
P98,2	10411	10452
P99,2	10453	10516
P100,2	10517	10580
P107,2	10581	10644
P22,2	10645	10650
P109,2	10651	10714
P113,2	10715	10778
P115,2	10779	10842
P4,3	10843	10906
P118,2	10907	10970
P122,2	10971	11000
P123,2	11001	11037
P125,2	11038	11095
P127,2	11096	11159
P131,2	11160	11194
P130,2	11195	11258
P133,2	11259	11313
P134,2	11314	11373
P29,3	11374	11404
P141,3	11405	11446
P144,3	11447	11500
P149,2	11501	11564
P151,2	11565	11600
P153,2	11601	11664
P156,2	11665	11728
P159,3	11729	11792
P162,2	11793	11856
P171,2	11857	11899
P177,2	11900	11936
P173,2	11937	12000
P182,2	12001	12004
P185,2	12005	12068
P188,2	12069	12132
P190,2	12133	12153
P40,3	12154	12217
P194,3	12218	12255
P195,2	12256	12302
P43,3	12303	12365
P49,3	12366	12429
P54,2	12430	12435
P53,3	12436	12455
P61,2	12456	12481
P66,2	12482	12518
P65,3	12519	12582
P69,2	12583	12611
P78,2	12612	12632
P83,3	12633	12696
P85,2	12697	12698
P91,3	12699	12739
P95,3	12740	12802
P99,2	12803	12839
P102,2	12840	12845
P100,2	12846	12890
P109,2	12891	12929
P115,2	12930	12934
P116,3	12935	12951
P4,3	12952	13006
P120,2	13007	13022
P25,3	13023	13072
P123,3	13073	13136
P131,3	13137	13200
P132,3	13201	13237
P137,3	13238	13282
P143,2	13283	13292
P30,3	13293	13344
P149,3	13345	13408
P153,2	13409	13439
P33,3	13440	13493
P159,3	13494	13497
P161,3	13498	13561
P176,2	13562	13606
P173,2	13607	13639
P184,2	13640	13642
P185,2	13643	13661
P38,3	13662	13717
P192,2	13718	13724
P195,3	13725	13788
P66,3	13789	13852
P65,3	13853	13854
P67,3	13855	13872
P78,3	13873	13933
P81,3	13934	13986
P99,3	13987	14025
P97,3	14026	14030
P100,3	14031	14094
P111,3	14095	14158
P122,3	14159	14193
P127,3	14194	14257
P139,3	14258	14278
P34,3	14279	14296
P161,3	14297	14331
P173,3	14332	14370
P184,3	14371	14413
P200,3	14414	14477
P61,3	14478	14483
P66,3	14484	14505
P102,3	14506	14549
P111,3	14550	14577
P127,3	14578	14617
P181,3	14618	14657
P200,3	14658	14702
CPU1
P2,1	17	80
P5,1	81	118
P6,1	119	182
P8,1	183	246
P10,1	247	280
P2,1	281	297
P12,1	298	331
P13,1	332	395
P15,1	396	459
P17,1	460	523
P19,1	524	576
P22,1	577	640
P24,1	641	688
P26,1	689	752
P28,1	753	795
P30,1	796	859
P32,1	860	904
P33,1	905	968
P35,1	969	1032
P38,1	1033	1096
P40,1	1097	1136
P41,1	1137	1197
P44,1	1198	1249
P46,1	1250	1281
P47,1	1282	1345
P49,1	1346	1381
P51,1	1382	1445
P9,1	1446	1451
P53,1	1452	1485
P10,2	1486	1549
P56,1	1550	1613
P58,1	1614	1677
P59,1	1678	1741
P61,1	1742	1805
P62,1	1806	1869
P64,1	1870	1933
P66,1	1934	1997
P68,1	1998	2039
P70,1	2040	2081
P13,1	2082	2125
P72,1	2126	2189
P74,1	2190	2220
P75,1	2221	2263
P77,1	2264	2313
P16,1	2314	2321
P79,1	2322	2385
P81,1	2386	2449
P83,1	2450	2489
P85,1	2490	2553
P87,1	2554	2610
P89,1	2611	2674
P91,1	2675	2729
P93,1	2730	2775
P95,1	2776	2839
P19,2	2840	2885
P97,1	2886	2948
P99,1	2949	3012
P101,1	3013	3076
P103,1	3077	3115
P21,1	3116	3162
P106,1	3163	3226
P108,1	3227	3287
P110,1	3288	3351
P112,1	3352	3413
P114,1	3414	3477
P115,1	3478	3541
P116,1	3542	3588
P117,1	3589	3652
P118,1	3653	3716
P120,1	3717	3780
P122,1	3781	3836
P123,1	3837	3867
P125,1	3868	3931
P26,1	3932	3952
P128,1	3953	4016
P130,1	4017	4080
P132,1	4081	4144
P28,2	4145	4208
P135,1	4209	4252
P137,1	4253	4316
P139,1	4317	4380
P29,1	4381	4383
P141,1	4384	4424
P143,1	4425	4488
P144,1	4489	4547
P147,1	4548	4580
P149,1	4581	4644
P32,2	4645	4703
P151,1	4704	4754
P153,1	4755	4818
P155,1	4819	4882
P157,1	4883	4946
P33,1	4947	4948
P159,1	4949	4996
P161,1	4997	5060
P163,1	5061	5097
P164,1	5098	5161
P166,1	5162	5225
P168,1	5226	5282
P169,1	5283	5334
P35,1	5335	5371
P172,1	5372	5428
P174,1	5429	5481
P176,1	5482	5545
P178,1	5546	5609
P37,1	5610	5610
P180,1	5611	5674
P182,1	5675	5729
P184,1	5730	5793
P7,2	5794	5857
P186,1	5858	5921
P188,1	5922	5985
P190,1	5986	6018
P191,1	6019	6080
P193,1	6081	6144
P195,1	6145	6208
P197,1	6209	6254
P198,1	6255	6315
P200,1	6316	6379
P44,2	6380	6443
P45,1	6444	6495
P47,1	6496	6533
P50,2	6534	6597
P54,1	6598	6602
P10,2	6603	6621
P55,1	6622	6665
P58,1	6666	6687
P59,1	6688	6708
P60,2	6709	6772
P12,3	6773	6808
P64,1	6809	6839
P65,1	6840	6863
P68,2	6864	6923
P69,1	6924	6967
P72,1	6968	6976
P75,2	6977	7040
P77,2	7041	7087
P78,1	7088	7088
P79,1	7089	7105
P80,2	7106	7169
P83,2	7170	7233
P86,2	7234	7274
P17,2	7275	7338
P89,1	7339	7371
P91,2	7372	7435
P94,1	7436	7469
P19,3	7470	7533
P97,2	7534	7597
P101,1	7598	7604
P102,1	7605	7609
P103,2	7610	7640
P21,2	7641	7675
P107,1	7676	7691
P22,2	7692	7755
P109,1	7756	7763
P110,1	7764	7806
P112,2	7807	7870
P116,2	7871	7902
P117,1	7903	7903
P24,3	7904	7949
P119,1	7950	7953
P120,1	7954	8007
P25,2	8008	8071
P124,2	8072	8135
P126,1	8136	8137
P26,2	8138	8201
P129,1	8202	8211
P130,1	8212	8249
P133,2	8250	8313
P135,2	8314	8372
P139,1	8373	8395
P29,2	8396	8450
P141,2	8451	8503
P30,2	8504	8567
P148,1	8568	8622
P31,2	8623	8683
P152,1	8684	8737
P154,1	8738	8785
P157,1	8786	8836
P158,2	8837	8868
P34,2	8869	8932
P161,1	8933	8936
P162,1	8937	8950
P164,1	8951	8985
P167,1	8986	9017
P169,2	9018	9067
P171,1	9068	9110
P175,1	9111	9111
P176,1	9112	9120
P177,1	9121	9160
P178,1	9161	9176
P181,1	9177	9194
P182,2	9195	9258
P184,1	9259	9313
P7,2	9314	9322
P185,1	9323	9325
P187,1	9326	9363
P189,2	9364	9420
P40,2	9421	9433
P192,1	9434	9445
P194,2	9446	9480
P196,1	9481	9483
P41,3	9484	9547
P43,2	9548	9587
P46,2	9588	9588
P48,2	9589	9652
P54,2	9653	9716
P56,2	9717	9746
P58,2	9747	9800
P60,2	9801	9851
P64,2	9852	9915
P65,2	9916	9976
P70,2	9977	9977
P69,2	9978	10041
P75,2	10042	10073
P78,2	10074	10137
P81,2	10138	10201
P86,3	10202	10232
P88,2	10233	10277
P91,2	10278	10290
P92,2	10291	10347
P96,2	10348	10411
P97,2	10412	10458
P101,2	10459	10506
P102,2	10507	10570
P103,3	10571	10626
P106,2	10627	10684
P108,2	10685	10708
P111,2	10709	10772
P112,2	10773	10796
P116,3	10797	10860
P119,2	10861	10907
P120,2	10908	10971
P25,2	10972	11018
P124,2	11019	11033
P126,2	11034	11097
P26,2	11098	11147
P129,2	11148	11201
P132,2	11202	11253
P28,3	11254	11315
P137,2	11316	11364
P139,2	11365	11407
P143,2	11408	11471
P30,2	11472	11472
P146,2	11473	11520
P31,3	11521	11575
P152,2	11576	11639
P154,2	11640	11686
P158,3	11687	11716
P33,3	11717	11780
P34,2	11781	11789
P161,2	11790	11820
P169,3	11821	11854
P35,2	11855	11872
P176,2	11873	11936
P181,2	11937	12000
P183,2	12001	12001
P184,2	12002	12065
P38,3	12066	12129
P189,3	12130	12193
P192,2	12194	12257
P200,2	12258	12321
P46,3	12322	12375
P48,2	12376	12406
P50,3	12407	12436
P58,3	12437	12471
P64,2	12472	12521
P67,3	12522	12585
P76,2	12586	12593
P75,3	12594	12630
P80,3	12631	12674
P81,2	12675	12704
P17,3	12705	12768
P96,2	12769	12794
P97,3	12795	12858
P107,2	12859	12901
P111,2	12902	12908
P113,2	12909	12918
P112,3	12919	12957
P118,2	12958	13008
P122,3	13009	13072
P126,2	13073	13122
P127,2	13123	13174
P130,2	13175	13215
P133,3	13216	13279
P139,3	13280	13343
P146,3	13344	13407
P152,2	13408	13415
P156,2	13416	13447
P34,3	13448	13511
P162,2	13512	13565
P177,3	13566	13616
P181,2	13617	13664
P188,2	13665	13694
P189,3	13695	13715
P40,3	13716	13742
P200,2	13743	13776
P49,3	13777	13779
P61,3	13780	13843
P64,3	13844	13900
P83,3	13901	13933
P17,3	13934	13939
P96,3	13940	14003
P102,3	14004	14067
P107,3	14068	14131
P120,3	14132	14177
P123,3	14178	14194
P131,3	14195	14195
P133,3	14196	14202
P143,3	14203	14266
P146,3	14267	14268
P149,3	14269	14318
P162,3	14319	14382
P181,3	14383	14446
P195,3	14447	14490
P96,3	14491	14523
P100,3	14524	14538
P107,3	14539	14590
P143,3	14591	14614
P162,3	14615	14667
