CPU0
P1,1	10	41
P2,1	42	73
P3,1	74	103
P4,1	104	135
P5,1	136	167
P6,1	168	199
P1,1	200	205
P7,1	206	237
P8,1	238	269
P9,1	270	301
P2,1	302	333
P10,1	334	365
P11,1	366	397
P12,1	398	429
P13,1	430	461
P14,1	462	493
P15,1	494	525
P16,1	526	557
P17,1	558	589
P18,1	590	621
P19,1	622	653
P20,1	654	685
P21,1	686	717
P22,1	718	749
P23,1	750	781
P24,1	782	813
P4,1	814	845
P25,1	846	877
P26,1	878	909
P27,1	910	941
P28,1	942	973
P29,1	974	1005
P5,1	1006	1011
P30,1	1012	1043
P31,1	1044	1075
P32,1	1076	1107
P33,1	1108	1139
P34,1	1140	1171
P35,1	1172	1203
P36,1	1204	1235
P37,1	1236	1267
P6,1	1268	1299
P38,1	1300	1331
P39,1	1332	1363
P40,1	1364	1395
P41,1	1396	1427
P42,1	1428	1459
P43,1	1460	1491
P44,1	1492	1523
P45,1	1524	1555
P46,1	1556	1587
P7,1	1588	1619
P47,1	1620	1651
P48,1	1652	1683
P49,1	1684	1715
P50,1	1716	1747
P51,1	1748	1779
P52,1	1780	1810
P8,1	1811	1842
P53,1	1843	1874
P54,1	1875	1906
P55,1	1907	1938
P56,1	1939	1970
P57,1	1971	2002
P9,1	2003	2034
P58,1	2035	2066
P59,1	2067	2098
P60,1	2099	2130
P61,1	2131	2162
P2,1	2163	2179
P62,1	2180	2211
P63,1	2212	2241
P64,1	2242	2273
P65,1	2274	2305
P66,1	2306	2337
P10,1	2338	2339
P67,1	2340	2371
P68,1	2372	2403
P69,1	2404	2435
P70,1	2436	2467
P11,1	2468	2499
P71,1	2500	2531
P72,1	2532	2563
P73,1	2564	2595
P12,1	2596	2597
P74,1	2598	2628
P75,1	2629	2660
P76,1	2661	2692
P77,1	2693	2724
P78,1	2725	2756
P13,1	2757	2788
P79,1	2789	2820
P80,1	2821	2852
P81,1	2853	2884
P82,1	2885	2916
P83,1	2917	2948
P14,1	2949	2980
P84,1	2981	3012
P85,1	3013	3044
P86,1	3045	3076
P87,1	3077	3108
P88,1	3109	3140
P89,1	3141	3172
P15,1	3173	3204
P90,1	3205	3236
P91,1	3237	3268
P92,1	3269	3300
P93,1	3301	3332
P16,1	3333	3364
P94,1	3365	3396
P95,1	3397	3428
P96,1	3429	3460
P97,1	3461	3492
P17,1	3493	3524
P98,1	3525	3556
P99,1	3557	3588
P100,1	3589	3620
P101,1	3621	3652
P102,1	3653	3684
P103,1	3685	3716
P104,1	3717	3748
P18,1	3749	3780
P105,1	3781	3812
P106,1	3813	3844
P107,1	3845	3876
P108,1	3877	3908
P109,1	3909	3940
P19,1	3941	3961
P110,1	3962	3993
P111,1	3994	4025
P112,1	4026	4057
P113,1	4058	4089
P114,1	4090	4121
P115,1	4122	4153
P116,1	4154	4185
P20,1	4186	4187
P117,1	4188	4219
P118,1	4220	4251
P119,1	4252	4283
P120,1	4284	4315
P21,1	4316	4347
P121,1	4348	4379
P122,1	4380	4411
P123,1	4412	4442
P124,1	4443	4474
P125,1	4475	4506
P126,1	4507	4538
P22,1	4539	4570
P127,1	4571	4602
P128,1	4603	4634
P129,1	4635	4666
P130,1	4667	4698
P131,1	4699	4730
P132,1	4731	4762
P23,1	4763	4773
P133,1	4774	4805
P134,1	4806	4837
P135,1	4838	4869
P136,1	4870	4901
P24,1	4902	4917
P137,1	4918	4949
P138,1	4950	4981
P139,1	4982	5013
P140,1	5014	5045
P141,1	5046	5077
P4,1	5078	5084
P142,1	5085	5116
P143,1	5117	5148
P144,1	5149	5180
P145,1	5181	5212
P146,1	5213	5242
P25,1	5243	5274
P147,1	5275	5306
P148,1	5307	5338
P149,1	5339	5370
P26,1	5371	5402
P150,1	5403	5434
P151,1	5435	5466
P152,1	5467	5498
P153,1	5499	5530
P154,1	5531	5562
P27,1	5563	5572
P155,1	5573	5604
P156,1	5605	5636
P157,1	5637	5668
P158,1	5669	5700
P159,1	5701	5732
P28,1	5733	5743
P160,1	5744	5775
P161,1	5776	5807
P162,1	5808	5839
P163,1	5840	5871
P164,1	5872	5903
P165,1	5904	5935
P29,1	5936	5967
P166,1	5968	5999
P167,1	6000	6031
P168,1	6032	6063
P169,1	6064	6095
P170,1	6096	6127
P171,1	6128	6159
P172,1	6160	6191
P30,1	6192	6223
P173,1	6224	6255
P174,1	6256	6287
P175,1	6288	6319
P176,1	6320	6351
P177,1	6352	6383
P178,1	6384	6415
P31,1	6416	6447
P179,1	6448	6479
P180,1	6480	6511
P181,1	6512	6543
P182,1	6544	6575
P183,1	6576	6607
P184,1	6608	6639
P185,1	6640	6671
P186,1	6672	6703
P32,1	6704	6716
P187,1	6717	6748
P188,1	6749	6780
P189,1	6781	6812
P190,1	6813	6844
P33,1	6845	6876
P191,1	6877	6908
P192,1	6909	6940
P193,1	6941	6972
P194,1	6973	7004
P195,1	7005	7036
P34,1	7037	7068
P196,1	7069	7100
P197,1	7101	7132
P198,1	7133	7164
P35,1	7165	7196
P199,1	7197	7228
P200,1	7229	7260
P36,1	7261	7270
P37,1	7271	7302
P38,1	7303	7334
P39,1	7335	7354
P40,1	7355	7362
P41,1	7363	7391
P42,1	7392	7400
P43,1	7401	7422
P44,1	7423	7442
P45,1	7443	7474
P46,2	7475	7506
P7,1	7507	7522
P47,1	7523	7554
P48,1	7555	7586
P49,1	7587	7590
P50,1	7591	7613
P51,1	7614	7645
P8,1	7646	7651
P53,1	7652	7653
P54,1	7654	7685
P55,1	7686	7717
P56,1	7718	7749
P57,1	7750	7781
P9,1	7782	7787
P58,1	7788	7819
P59,1	7820	7851
P60,1	7852	7864
P61,1	7865	7896
P2,2	7897	7928
P62,1	7929	7960
P63,2	7961	7992
P64,1	7993	8024
P65,1	8025	8056
P66,1	8057	8088
P10,2	8089	8120
P67,1	8121	8152
P68,1	8153	8162
P69,1	8163	8194
P70,1	8195	8204
P11,1	8205	8236
P71,1	8237	8241
P72,1	8242	8273
P73,1	8274	8305
P12,2	8306	8337
P75,1	8338	8348
P76,1	8349	8380
P77,1	8381	8398
P78,1	8399	8430
P13,1	8431	8462
P79,1	8463	8494
P80,1	8495	8508
P81,1	8509	8540
P82,1	8541	8565
P83,1	8566	8573
P14,1	8574	8604
P84,1	8605	8636
P85,1	8637	8668
P86,1	8669	8691
P87,1	8692	8716
P88,1	8717	8735
P89,1	8736	8767
P15,1	8768	8780
P90,1	8781	8797
P91,1	8798	8820
P92,1	8821	8852
P93,1	8853	8866
P16,1	8867	8874
P94,1	8875	8906
P95,1	8907	8938
P96,1	8939	8970
P97,1	8971	9001
P17,1	9002	9007
P98,1	9008	9039
P99,1	9040	9071
P100,1	9072	9103
P101,1	9104	9135
P102,1	9136	9167
P103,1	9168	9174
P104,1	9175	9206
P18,1	9207	9211
P105,1	9212	9243
P106,1	9244	9275
P107,1	9276	9307
P108,1	9308	9336
P109,1	9337	9368
P19,2	9369	9400
P110,1	9401	9432
P111,1	9433	9464
P112,1	9465	9494
P113,1	9495	9526
P114,1	9527	9558
P115,1	9559	9590
P116,1	9591	9605
P117,1	9606	9637
P118,1	9638	9669
P119,1	9670	9701
P120,1	9702	9733
P21,1	9734	9765
P121,1	9766	9797
P122,1	9798	9821
P123,2	9822	9853
P124,1	9854	9865
P125,1	9866	9897
P126,1	9898	9929
P22,1	9930	9935
P127,1	9936	9967
P128,1	9968	9999
P129,1	10000	10031
P130,1	10032	10063
P131,1	10064	10095
P132,1	10096	10127
P23,2	10128	10159
P133,1	10160	10162
P134,1	10163	10194
P135,1	10195	10206
P136,1	10207	10236
P24,2	10237	10268
P137,1	10269	10300
P138,1	10301	10318
P139,1	10319	10350
P140,1	10351	10382
P141,1	10383	10391
P4,2	10392	10423
P142,1	10424	10455
P143,1	10456	10487
P144,1	10488	10514
P145,1	10515	10516
P146,2	10517	10548
P25,1	10549	10580
P147,1	10581	10581
P148,1	10582	10613
P149,1	10614	10645
P26,1	10646	10666
P150,1	10667	10698
P151,1	10699	10717
P152,1	10718	10749
P153,1	10750	10781
P154,1	10782	10813
P155,1	10814	10845
P156,1	10846	10877
P157,1	10878	10909
P158,1	10910	10916
P159,1	10917	10932
P28,2	10933	10964
P160,1	10965	10996
P161,1	10997	11028
P162,1	11029	11060
P163,1	11061	11065
P164,1	11066	11097
P165,1	11098	11129
P29,1	11130	11132
P166,1	11133	11164
P167,1	11165	11196
P168,1	11197	11221
P169,1	11222	11241
P170,1	11242	11254
P171,1	11255	11286
P172,1	11287	11311
P30,1	11312	11339
P173,1	11340	11371
P174,1	11372	11392
P175,1	11393	11424
P176,1	11425	11456
P177,1	11457	11488
P178,1	11489	11520
P31,1	11521	11552
P179,1	11553	11584
P180,1	11585	11616
P181,1	11617	11648
P182,1	11649	11671
P183,1	11672	11687
P184,1	11688	11719
P185,1	11720	11751
P186,1	11752	11783
P32,2	11784	11815
P187,1	11816	11847
P188,1	11848	11879
P189,1	11880	11908
P190,1	11909	11909
P33,1	11910	11911
P191,1	11912	11941
P192,1	11942	11973
P193,1	11974	12005
P194,1	12006	12031
P195,1	12032	12063
P34,1	12064	12074
P196,1	12075	12106
P197,1	12107	12120
P198,1	12121	12149
P35,1	12150	12181
P199,1	12182	12213
P200,1	12214	12245
P36,2	12246	12277
P37,1	12278	12278
P38,1	12279	12310
P40,2	12311	12342
P41,2	12343	12374
P43,2	12375	12406
P44,2	12407	12438
P45,1	12439	12470
P46,2	12471	12502
P7,2	12503	12534
P47,1	12535	12566
P48,1	12567	12579
P49,2	12580	12611
P50,2	12612	12643
P51,1	12644	12657
P53,2	12658	12689
P54,1	12690	12694
P55,1	12695	12726
P56,1	12727	12737
P57,1	12738	12757
P58,1	12758	12779
P59,1	12780	12800
P60,2	12801	12832
P61,1	12833	12864
P2,2	12865	12896
P62,1	12897	12928
P63,2	12929	12960
P64,1	12961	12991
P65,1	12992	13015
P66,1	13016	13017
P10,2	13018	13049
P67,1	13050	13067
P68,2	13068	13099
P69,1	13100	13131
P70,2	13132	13163
P11,1	13164	13183
P72,1	13184	13192
P12,2	13193	13214
P75,2	13215	13246
P76,1	13247	13278
P77,2	13279	13310
P78,1	13311	13311
P13,1	13312	13323
P79,1	13324	13340
P80,2	13341	13372
P81,1	13373	13404
P83,2	13405	13436
P84,1	13437	13462
P85,1	13463	13494
P86,2	13495	13526
P88,2	13527	13558
P89,1	13559	13590
P15,2	13591	13622
P90,2	13623	13654
P91,2	13655	13686
P92,1	13687	13718
P16,2	13719	13750
P94,1	13751	13782
P95,1	13783	13814
P96,1	13815	13837
P97,2	13838	13869
P17,2	13870	13901
P98,1	13902	13933
P99,1	13934	13965
P100,1	13966	13986
P101,1	13987	13993
P102,1	13994	13998
P103,2	13999	14029
P104,1	14030	14061
P18,2	14062	14093
P105,1	14094	14094
P106,1	14095	14126
P107,1	14127	14142
P108,2	14143	14174
P109,1	14175	14182
P19,2	14183	14196
P110,1	14197	14228
P111,1	14229	14260
P112,2	14261	14292
P113,1	14293	14307
P114,1	14308	14331
P115,1	14332	14363
P116,2	14364	14395
P117,1	14396	14396
P118,1	14397	14428
P119,1	14429	14432
P120,1	14433	14464
P21,1	14465	14479
P122,2	14480	14511
P123,2	14512	14543
P124,2	14544	14575
P125,1	14576	14607
P126,1	14608	14609
P22,2	14610	14641
P127,1	14642	14673
P128,1	14674	14705
P129,1	14706	14715
P130,1	14716	14747
P131,1	14748	14750
P132,1	14751	14782
P23,2	14783	14814
P133,2	14815	14846
P134,1	14847	14876
P135,2	14877	14908
P24,2	14909	14936
P137,1	14937	14968
P138,2	14969	15000
P139,1	15001	15023
P140,1	15024	15051
P141,2	15052	15083
P4,2	15084	15115
P142,1	15116	15119
P143,1	15120	15151
P144,2	15152	15183
P146,2	15184	15215
P25,1	15216	15239
P148,1	15240	15271
P149,1	15272	15287
P26,2	15288	15319
P150,1	15320	15348
P151,2	15349	15380
P152,1	15381	15412
P153,1	15413	15436
P154,1	15437	15468
P155,1	15469	15498
P156,1	15499	15530
P157,1	15531	15562
P158,2	15563	15594
P159,2	15595	15625
P28,2	15626	15657
P160,1	15658	15689
P161,1	15690	15693
P162,1	15694	15707
P164,1	15708	15739
P165,1	15740	15762
P29,2	15763	15794
P166,1	15795	15808
P167,1	15809	15840
P169,2	15841	15872
P171,1	15873	15904
P30,2	15905	15936
P173,1	15937	15968
P175,1	15969	15969
P176,1	15970	15978
P177,1	15979	16010
P178,1	16011	16026
P31,1	16027	16027
P179,1	16028	16038
P180,1	16039	16070
P181,1	16071	16088
P182,2	16089	16120
P183,2	16121	16152
P184,1	16153	16184
P185,1	16185	16187
P186,1	16188	16190
P32,2	16191	16217
P187,1	16218	16249
P188,1	16250	16281
P189,2	16282	16313
P190,2	16314	16345
P33,2	16346	16377
P192,1	16378	16389
P193,1	16390	16421
P194,2	16422	16453
P195,1	16454	16459
P34,2	16460	16491
P196,1	16492	16494
P35,1	16495	16499
P199,1	16500	16531
P200,1	16532	16563
P36,2	16564	16595
P38,1	16596	16609
P40,2	16610	16641
P41,2	16642	16660
P43,2	16661	16692
P44,2	16693	16724
P45,1	16725	16744
P46,2	16745	16745
P7,2	16746	16777
P47,1	16778	16783
P48,2	16784	16815
P49,2	16816	16847
P50,2	16848	16879
P53,2	16880	16897
P54,2	16898	16929
P55,1	16930	16941
P56,2	16942	16971
P58,2	16972	17003
P60,2	17004	17035
P61,1	17036	17043
P2,2	17044	17075
P62,1	17076	17078
P63,2	17079	17103
P64,2	17104	17135
P65,2	17136	17167
P66,2	17168	17199
P10,2	17200	17218
P67,2	17219	17250
P68,2	17251	17278
P69,1	17279	17290
P70,2	17291	17322
P12,3	17323	17354
P75,2	17355	17386
P76,1	17387	17390
P77,2	17391	17405
P78,2	17406	17437
P13,2	17438	17469
P80,2	17470	17501
P81,1	17502	17514
P83,2	17515	17546
P84,2	17547	17578
P85,1	17579	17595
P86,2	17596	17604
P88,2	17605	17636
P89,1	17637	17637
P15,2	17638	17642
P90,2	17643	17654
P91,2	17655	17686
P92,1	17687	17708
P16,2	17709	17740
P94,1	17741	17742
P95,1	17743	17747
P96,2	17748	17779
P97,2	17780	17811
P17,2	17812	17843
P98,1	17844	17867
P99,2	17868	17899
P100,2	17900	17931
P101,2	17932	17963
P102,2	17964	17995
P103,3	17996	18027
P104,1	18028	18033
P18,2	18034	18038
P106,1	18039	18055
P107,2	18056	18087
P108,2	18088	18119
P109,2	18120	18151
P19,3	18152	18183
P110,1	18184	18194
P111,1	18195	18205
P112,2	18206	18237
P113,2	18238	18269
P115,1	18270	18272
P116,3	18273	18304
P118,1	18305	18312
P119,2	18313	18344
P120,1	18345	18366
P21,2	18367	18398
P122,2	18399	18430
P123,2	18431	18462
P124,2	18463	18494
P125,1	18495	18505
P126,2	18506	18537
P22,2	18538	18569
P127,1	18570	18578
P128,1	18579	18583
P129,2	18584	18615
P130,1	18616	18621
P131,2	18622	18653
P132,1	18654	18660
P23,2	18661	18671
P133,2	18672	18703
P134,2	18704	18735
P135,2	18736	18762
P24,3	18763	18794
P137,1	18795	18808
P138,2	18809	18835
P139,2	18836	18867
P141,2	18868	18888
P4,2	18889	18920
P143,1	18921	18930
P144,2	18931	18950
P146,2	18951	18982
P25,2	18983	19014
P148,1	19015	19037
P149,2	19038	19069
P26,2	19070	19101
P151,2	19102	19133
P152,1	19134	19155
P153,2	19156	19187
P154,1	19188	19203
P156,1	19204	19213
P157,1	19214	19232
P158,3	19233	19262
P159,3	19263	19294
P28,2	19295	19318
P160,1	19319	19331
P161,2	19332	19362
P162,2	19363	19394
P164,1	19395	19397
P29,2	19398	19420
P169,2	19421	19438
P171,1	19439	19449
P30,2	19450	19481
P173,1	19482	19502
P176,2	19503	19534
P177,1	19535	19542
P31,2	19543	19574
P180,1	19575	19594
P181,2	19595	19626
P182,2	19627	19658
P183,2	19659	19690
P184,1	19691	19713
P185,2	19714	19745
P187,1	19746	19751
P188,1	19752	19767
P189,2	19768	19792
P190,2	19793	19824
P33,2	19825	19847
P192,2	19848	19879
P193,1	19880	19887
P194,2	19888	19890
P195,2	19891	19922
P34,2	19923	19954
P35,2	19955	19986
P199,1	19987	20004
P200,2	20005	20036
P36,2	20037	20068
P38,2	20069	20100
P40,2	20101	20113
P41,3	20114	20145
P43,2	20146	20177
P44,2	20178	20209
P46,3	20210	20241
P7,2	20242	20250
P48,2	20251	20282
P49,2	20283	20314
P50,2	20315	20344
P53,3	20345	20376
P54,2	20377	20408
P55,2	20409	20440
P58,2	20441	20462
P60,2	20463	20494
P61,2	20495	20526
P2,2	20527	20535
P64,2	20536	20567
P65,2	20568	20596
P66,2	20597	20628
P67,2	20629	20630
P69,2	20631	20662
P70,2	20663	20663
P12,3	20664	20667
P75,2	20668	20699
P76,2	20700	20731
P78,2	20732	20763
P13,2	20764	20787
P80,2	20788	20816
P81,2	20817	20848
P83,2	20849	20852
P84,2	20853	20859
P85,2	20860	20891
P86,3	20892	20922
P88,2	20923	20954
P15,3	20955	20986
P91,2	20987	20999
P92,2	21000	21031
P16,2	21032	21045
P95,2	21046	21077
P96,2	21078	21109
P97,2	21110	21141
P17,2	21142	21173
P98,2	21174	21205
P99,2	21206	21237
P100,2	21238	21269
P101,2	21270	21285
P102,2	21286	21317
P103,3	21318	21341
P106,2	21342	21373
P107,2	21374	21405
P108,2	21406	21429
P109,2	21430	21461
P19,3	21462	21493
P111,2	21494	21525
P112,2	21526	21549
P113,2	21550	21581
P115,2	21582	21613
P116,3	21614	21645
P118,2	21646	21677
P119,2	21678	21692
P120,2	21693	21724
P21,2	21725	21727
P122,2	21728	21757
P123,2	21758	21762
P124,2	21763	21777
P125,2	21778	21809
P126,2	21810	21841
P22,2	21842	21847
P127,2	21848	21879
P129,2	21880	21901
P130,2	21902	21933
P131,2	21934	21936
P132,2	21937	21968
P133,2	21969	22000
P134,2	22001	22028
P24,3	22029	22042
P137,2	22043	22074
P139,2	22075	22085
P141,3	22086	22117
P4,2	22118	22129
P143,2	22130	22161
P144,3	22162	22193
P146,2	22194	22209
P25,2	22210	22241
P149,2	22242	22273
P26,2	22274	22305
P151,2	22306	22337
P152,2	22338	22369
P153,2	22370	22401
P154,2	22402	22433
P156,2	22434	22465
P159,3	22466	22497
P28,3	22498	22529
P161,3	22530	22561
P162,2	22562	22593
P29,3	22594	22624
P169,3	22625	22656
P171,2	22657	22688
P30,2	22689	22689
P173,2	22690	22721
P176,2	22722	22753
P177,2	22754	22785
P31,2	22786	22814
P181,2	22815	22846
P182,2	22847	22850
P183,2	22851	22851
P184,2	22852	22883
P185,2	22884	22915
P188,2	22916	22947
P189,3	22948	22979
P190,2	22980	23000
P33,3	23001	23032
P192,2	23033	23064
P194,3	23065	23096
P195,2	23097	23111
P34,2	23112	23120
P35,2	23121	23152
P200,2	23153	23184
P36,2	23185	23204
P38,2	23205	23207
P40,3	23208	23239
P41,3	23240	23271
P43,2	23272	23279
P44,2	23280	23292
P46,3	23293	23314
P48,2	23315	23345
P49,3	23346	23377
P50,3	23378	23407
P53,3	23408	23439
P54,2	23440	23445
P55,2	23446	23474
P58,3	23475	23506
P60,2	23507	23525
P61,2	23526	23557
P64,2	23558	23589
P65,3	23590	23621
P66,2	23622	23653
P67,3	23654	23685
P69,2	23686	23717
P75,3	23718	23749
P76,2	23750	23781
P78,2	23782	23802
P80,3	23803	23834
P81,2	23835	23866
P83,3	23867	23898
P85,2	23899	23930
P88,2	23931	23943
P15,3	23944	23969
P91,3	23970	24001
P92,2	24002	24026
P95,2	24027	24044
P96,2	24045	24070
P97,2	24071	24085
P17,2	24086	24107
P98,2	24108	24117
P99,2	24118	24149
P100,2	24150	24181
P102,2	24182	24187
P106,2	24188	24213
P107,2	24214	24245
P109,2	24246	24277
P19,3	24278	24309
P111,2	24310	24341
P112,3	24342	24373
P113,2	24374	24383
P115,2	24384	24415
P116,3	24416	24432
P118,2	24433	24464
P120,2	24465	24496
P122,3	24497	24528
P123,3	24529	24560
P125,2	24561	24586
P126,2	24587	24618
P127,2	24619	24650
P130,2	24651	24682
P131,3	24683	24714
P132,2	24715	24734
P133,2	24735	24757
P137,2	24758	24774
P139,3	24775	24806
P141,3	24807	24816
P4,3	24817	24848
P143,2	24849	24880
P144,3	24881	24902
P146,3	24903	24934
P25,2	24935	24966
P149,3	24967	24998
P26,2	24999	25016
P151,2	25017	25020
P152,2	25021	25052
P153,2	25053	25083
P154,2	25084	25098
P156,2	25099	25130
P159,3	25131	25134
P28,3	25135	25164
P161,3	25165	25196
P162,2	25197	25228
P169,3	25229	25230
P171,2	25231	25241
P30,3	25242	25273
P173,2	25274	25305
P176,2	25306	25337
P177,2	25338	25342
P31,3	25343	25374
P181,2	25375	25406
P184,2	25407	25438
P185,2	25439	25457
P188,2	25458	25489
P189,3	25490	25521
P33,3	25522	25553
P192,2	25554	25560
P194,3	25561	25566
P195,3	25567	25598
P34,3	25599	25630
P35,2	25631	25648
P200,2	25649	25680
P38,3	25681	25712
P40,3	25713	25744
P43,3	25745	25776
P49,3	25777	25808
P53,3	25809	25828
P58,3	25829	25831
P61,2	25832	25857
P64,2	25858	25875
P65,3	25876	25907
P66,2	25908	25912
P67,3	25913	25944
P69,2	25945	25973
P75,3	25974	25978
P76,2	25979	25986
P78,3	25987	26018
P80,3	26019	26030
P81,2	26031	26060
P83,3	26061	26092
P85,2	26093	26094
P91,3	26095	26103
P95,3	26104	26135
P96,3	26136	26167
P97,3	26168	26199
P17,3	26200	26231
P99,2	26232	26236
P100,2	26237	26249
P102,3	26250	26281
P107,2	26282	26292
P109,2	26293	26299
P19,3	26300	26314
P111,2	26315	26321
P112,3	26322	26328
P115,2	26329	26333
P118,2	26334	26365
P120,2	26366	26381
P122,3	26382	26413
P123,3	26414	26445
P126,2	26446	26463
P127,2	26464	26495
P130,2	26496	26527
P131,3	26528	26559
P132,3	26560	26591
P133,3	26592	26623
P137,3	26624	26655
P139,3	26656	26687
P4,3	26688	26719
P143,2	26720	26729
P146,3	26730	26761
P25,2	26762	26776
P149,3	26777	26808
P152,2	26809	26816
P156,2	26817	26848
P161,3	26849	26880
P162,2	26881	26902
P30,3	26903	26922
P173,2	26923	26954
P176,2	26955	26967
P177,3	26968	26999
P31,3	27000	27022
P181,2	27023	27038
P184,2	27039	27041
P188,2	27042	27071
P189,3	27072	27092
P33,3	27093	27124
P195,3	27125	27156
P34,3	27157	27188
P200,2	27189	27190
P38,3	27191	27222
P40,3	27223	27249
P43,3	27250	27280
P49,3	27281	27283
P61,3	27284	27315
P64,3	27316	27347
P65,3	27348	27349
P66,3	27350	27381
P67,3	27382	27399
P78,3	27400	27428
P81,3	27429	27460
P83,3	27461	27492
P95,3	27493	27523
P96,3	27524	27555
P97,3	27556	27587
P17,3	27588	27619
P99,3	27620	27651
P100,3	27652	27683
P102,3	27684	27715
P107,3	27716	27747
P111,3	27748	27779
P118,2	27780	27798
P120,3	27799	27830
P122,3	27831	27862
P123,3	27863	27879
P127,2	27880	27899
P130,2	27900	27908
P131,3	27909	27909
P132,3	27910	27914
P133,3	27915	27946
P137,3	27947	27959
P139,3	27960	27980
P4,3	27981	28012
P143,3	28013	28044
P146,3	28045	28046
P25,3	28047	28078
P149,3	28079	28110
P161,3	28111	28113
P162,3	28114	28145
P173,2	28146	28146
P177,3	28147	28165
P181,3	28166	28197
P184,3	28198	28229
P33,3	28230	28251
P195,3	28252	28283
P34,3	28284	28301
P200,3	28302	28333
P38,3	28334	28365
P61,3	28366	28397
P64,3	28398	28422
P66,3	28423	28454
P81,3	28455	28475
P83,3	28476	28476
P96,3	28477	28508
P97,3	28509	28513
P17,3	28514	28519
P99,3	28520	28526
P100,3	28527	28558
P102,3	28559	28590
P107,3	28591	28622
P111,3	28623	28654
P120,3	28655	28668
P122,3	28669	28671
P127,3	28672	28703
P133,3	28704	28710
P4,3	28711	28733
P143,3	28734	28765
P25,3	28766	28783
P149,3	28784	28801
P162,3	28802	28833
P173,3	28834	28865
P181,3	28866	28897
P184,3	28898	28908
P195,3	28909	28920
P200,3	28921	28952
P38,3	28953	28976
P61,3	28977	28982
P66,3	28983	29004
P96,3	29005	29005
P100,3	29006	29020
P102,3	29021	29032
P107,3	29033	29064
P111,3	29065	29092
P127,3	29093	29124
P143,3	29125	29148
P162,3	29149	29180
P173,3	29181	29187
P181,3	29188	29219
P200,3	29220	29251
P107,3	29252	29271
P127,3	29272	29303
P162,3	29304	29324
P181,3	29325	29332
P200,3	29333	29345
P127,3	29346	29353
