CPU0
P1,1	10	17
P2,1	18	25
P1,1	26	33
P3,1	34	41
P2,1	42	49
P4,1	50	57
P5,1	58	65
P6,1	66	73
P1,1	74	81
P3,1	82	89
P7,1	90	97
P2,1	98	105
P8,1	106	113
P4,1	114	121
P9,1	122	129
P5,1	130	137
P6,1	138	145
P10,1	146	153
P11,1	154	161
P1,1	162	169
P12,1	170	177
P13,1	178	185
P14,1	186	193
P3,1	194	201
P15,1	202	209
P7,1	210	217
P16,1	218	225
P17,1	226	233
P18,1	234	241
P2,1	242	249
P19,1	250	257
P8,1	258	265
P20,1	266	273
P4,1	274	281
P21,1	282	289
P22,1	290	297
P23,1	298	305
P9,1	306	313
P24,1	314	321
P5,1	322	329
P25,1	330	337
P6,1	338	345
P26,1	346	353
P10,1	354	361
P27,1	362	369
P11,1	370	377
P28,1	378	385
P29,1	386	393
P1,1	394	399
P30,1	400	407
P12,1	408	415
P31,1	416	423
P13,1	424	431
P32,1	432	439
P33,1	440	447
P34,1	448	455
P14,1	456	463
P35,1	464	471
P36,1	472	479
P37,1	480	487
P38,1	488	495
P3,1	496	501
P15,1	502	509
P39,1	510	517
P7,1	518	525
P40,1	526	533
P41,1	534	541
P42,1	542	549
P43,1	550	557
P16,1	558	565
P44,1	566	573
P45,1	574	581
P46,1	582	589
P17,1	590	597
P47,1	598	605
P18,1	606	613
P48,1	614	621
P2,1	622	629
P49,1	630	637
P19,1	638	645
P50,1	646	653
P51,1	654	661
P8,1	662	669
P52,1	670	677
P53,1	678	685
P20,1	686	693
P54,1	694	701
P4,1	702	709
P55,1	710	717
P21,1	718	725
P56,1	726	733
P22,1	734	741
P57,1	742	749
P58,1	750	757
P23,1	758	765
P59,1	766	773
P60,1	774	781
P9,1	782	789
P24,1	790	797
P61,1	798	805
P5,1	806	813
P62,1	814	821
P25,1	822	829
P63,1	830	837
P6,1	838	845
P64,1	846	853
P26,1	854	861
P10,1	862	869
P65,1	870	877
P66,1	878	885
P27,1	886	893
P67,1	894	901
P11,1	902	909
P68,1	910	917
P28,1	918	925
P69,1	926	933
P29,1	934	941
P70,1	942	949
P71,1	950	957
P30,1	958	965
P72,1	966	973
P12,1	974	981
P31,1	982	989
P73,1	990	997
P13,1	998	1005
P74,1	1006	1013
P75,1	1014	1021
P32,1	1022	1029
P76,1	1030	1037
P33,1	1038	1045
P77,1	1046	1053
P34,1	1054	1061
P78,1	1062	1069
P79,1	1070	1077
P14,1	1078	1085
P35,1	1086	1093
P80,1	1094	1101
P36,1	1102	1109
P81,1	1110	1117
P82,1	1118	1125
P83,1	1126	1133
P37,1	1134	1141
P84,1	1142	1149
P38,1	1150	1157
P85,1	1158	1165
P86,1	1166	1173
P87,1	1174	1181
P15,1	1182	1189
P88,1	1190	1197
P39,1	1198	1205
P89,1	1206	1213
P7,1	1214	1221
P90,1	1222	1229
P40,1	1230	1237
P91,1	1238	1245
P41,1	1246	1253
P42,1	1254	1261
P92,1	1262	1269
P93,1	1270	1277
P43,1	1278	1285
P94,1	1286	1293
P16,1	1294	1301
P95,1	1302	1309
P44,1	1310	1317
P96,1	1318	1325
P45,1	1326	1333
P97,1	1334	1341
P46,1	1342	1349
P98,1	1350	1357
P17,1	1358	1365
P99,1	1366	1373
P100,1	1374	1381
P47,1	1382	1389
P101,1	1390	1397
P102,1	1398	1405
P18,1	1406	1413
P103,1	1414	1421
P104,1	1422	1429
P48,1	1430	1437
P105,1	1438	1445
P106,1	1446	1453
P2,1	1454	1461
P49,1	1462	1469
P107,1	1470	1477
P108,1	1478	1485
P19,1	1486	1493
P109,1	1494	1501
P50,1	1502	1509
P110,1	1510	1517
P111,1	1518	1525
P112,1	1526	1533
P51,1	1534	1541
P113,1	1542	1549
P114,1	1550	1557
P8,1	1558	1565
P52,1	1566	1573
P115,1	1574	1581
P116,1	1582	1589
P53,1	1590	1597
P117,1	1598	1605
P20,1	1606	1613
P118,1	1614	1621
P54,1	1622	1629
P119,1	1630	1637
P4,1	1638	1645
P120,1	1646	1653
P55,1	1654	1661
P121,1	1662	1669
P21,1	1670	1677
P122,1	1678	1685
P56,1	1686	1693
P123,1	1694	1701
P22,1	1702	1709
P124,1	1710	1717
P125,1	1718	1725
P126,1	1726	1733
P57,1	1734	1741
P127,1	1742	1749
P58,1	1750	1757
P128,1	1758	1765
P129,1	1766	1773
P23,1	1774	1781
P130,1	1782	1789
P131,1	1790	1797
P59,1	1798	1805
P132,1	1806	1813
P60,1	1814	1821
P133,1	1822	1829
P9,1	1830	1837
P24,1	1838	1845
P134,1	1846	1853
P135,1	1854	1861
P61,1	1862	1869
P136,1	1870	1877
P5,1	1878	1883
P137,1	1884	1891
P138,1	1892	1899
P62,1	1900	1907
P25,1	1908	1915
P139,1	1916	1923
P140,1	1924	1931
P63,1	1932	1939
P141,1	1940	1947
P6,1	1948	1955
P64,1	1956	1963
P142,1	1964	1971
P143,1	1972	1979
P26,1	1980	1987
P144,1	1988	1995
P10,1	1996	2003
P145,1	2004	2011
P146,1	2012	2019
P65,1	2020	2027
P66,1	2028	2035
P147,1	2036	2043
P27,1	2044	2051
P148,1	2052	2059
P67,1	2060	2067
P149,1	2068	2075
P11,1	2076	2083
P150,1	2084	2091
P68,1	2092	2099
P151,1	2100	2107
P28,1	2108	2115
P152,1	2116	2123
P69,1	2124	2131
P153,1	2132	2139
P154,1	2140	2147
P29,1	2148	2155
P155,1	2156	2163
P156,1	2164	2171
P70,1	2172	2179
P71,1	2180	2187
P157,1	2188	2195
P158,1	2196	2203
P30,1	2204	2211
P159,1	2212	2219
P72,1	2220	2227
P160,1	2228	2235
P161,1	2236	2243
P162,1	2244	2251
P12,1	2252	2259
P31,1	2260	2267
P163,1	2268	2275
P164,1	2276	2283
P165,1	2284	2291
P73,1	2292	2299
P13,1	2300	2307
P166,1	2308	2315
P167,1	2316	2323
P74,1	2324	2331
P168,1	2332	2339
P75,1	2340	2347
P169,1	2348	2355
P170,1	2356	2363
P32,1	2364	2371
P171,1	2372	2379
P76,1	2380	2387
P172,1	2388	2395
P33,1	2396	2403
P173,1	2404	2411
P77,1	2412	2419
P174,1	2420	2427
P34,1	2428	2435
P175,1	2436	2443
P176,1	2444	2451
P177,1	2452	2459
P178,1	2460	2467
P78,1	2468	2475
P179,1	2476	2483
P79,1	2484	2491
P180,1	2492	2499
P181,1	2500	2507
P14,1	2508	2515
P182,1	2516	2523
P183,1	2524	2531
P35,1	2532	2539
P184,1	2540	2547
P80,1	2548	2555
P185,1	2556	2563
P186,1	2564	2571
P36,1	2572	2579
P187,1	2580	2587
P81,1	2588	2595
P82,1	2596	2603
P188,1	2604	2611
P83,1	2612	2619
P189,1	2620	2627
P190,1	2628	2635
P37,1	2636	2643
P191,1	2644	2651
P84,1	2652	2659
P192,1	2660	2667
P38,1	2668	2675
P193,1	2676	2683
P85,1	2684	2691
P194,1	2692	2699
P195,1	2700	2707
P86,1	2708	2715
P87,1	2716	2723
P196,1	2724	2731
P15,1	2732	2739
P197,1	2740	2747
P198,1	2748	2755
P88,1	2756	2763
P199,1	2764	2771
P39,1	2772	2779
P200,1	2780	2787
P89,1	2788	2795
P7,1	2796	2803
P90,1	2804	2811
P40,1	2812	2819
P91,1	2820	2827
P41,1	2828	2835
P42,1	2836	2843
P92,1	2844	2851
P93,1	2852	2859
P43,1	2860	2867
P94,1	2868	2875
P16,1	2876	2883
P95,1	2884	2891
P44,1	2892	2899
P96,1	2900	2907
P45,1	2908	2915
P97,1	2916	2923
P46,1	2924	2931
P98,1	2932	2939
P17,1	2940	2947
P99,1	2948	2955
P100,1	2956	2963
P47,1	2964	2971
P101,1	2972	2979
P102,1	2980	2987
P18,1	2988	2995
P103,1	2996	3003
P104,1	3004	3011
P48,1	3012	3019
P105,1	3020	3027
P106,1	3028	3035
P2,1	3036	3043
P49,1	3044	3051
P107,1	3052	3059
P108,1	3060	3067
P19,1	3068	3075
P109,1	3076	3083
P50,1	3084	3091
P110,1	3092	3099
P111,1	3100	3107
P112,1	3108	3115
P51,1	3116	3123
P113,1	3124	3131
P114,1	3132	3139
P8,1	3140	3147
P52,1	3148	3155
P115,1	3156	3163
P116,1	3164	3171
P53,1	3172	3179
P117,1	3180	3187
P20,1	3188	3195
P118,1	3196	3203
P54,1	3204	3211
P119,1	3212	3219
P4,1	3220	3227
P120,1	3228	3235
P55,1	3236	3243
P121,1	3244	3251
P21,1	3252	3259
P122,1	3260	3267
P56,1	3268	3275
P123,1	3276	3283
P22,1	3284	3291
P124,1	3292	3299
P125,1	3300	3307
P126,1	3308	3315
P57,1	3316	3323
P127,1	3324	3331
P58,1	3332	3339
P128,1	3340	3347
P129,1	3348	3355
P23,1	3356	3363
P130,1	3364	3371
P131,1	3372	3379
P59,1	3380	3387
P132,1	3388	3395
P60,1	3396	3403
P133,1	3404	3411
P9,1	3412	3419
P24,1	3420	3427
P134,1	3428	3435
P135,1	3436	3443
P61,1	3444	3451
P136,1	3452	3459
P137,1	3460	3467
P138,1	3468	3475
P62,1	3476	3483
P25,1	3484	3491
P139,1	3492	3499
P140,1	3500	3507
P63,1	3508	3515
P141,1	3516	3523
P6,1	3524	3531
P64,1	3532	3539
P142,1	3540	3547
P143,1	3548	3555
P26,1	3556	3563
P144,1	3564	3571
P10,1	3572	3573
P145,1	3574	3581
P146,1	3582	3589
P65,1	3590	3597
P66,1	3598	3605
P147,1	3606	3613
P27,1	3614	3621
P148,1	3622	3629
P67,1	3630	3637
P149,1	3638	3645
P11,1	3646	3653
P150,1	3654	3661
P68,1	3662	3669
P151,1	3670	3677
P28,1	3678	3685
P152,1	3686	3693
P69,1	3694	3701
P153,1	3702	3709
P154,1	3710	3717
P29,1	3718	3725
P155,1	3726	3733
P156,1	3734	3741
P70,1	3742	3749
P71,1	3750	3757
P157,1	3758	3765
P158,1	3766	3773
P30,1	3774	3781
P159,1	3782	3789
P72,1	3790	3797
P160,1	3798	3805
P161,1	3806	3813
P162,1	3814	3821
P12,1	3822	3823
P31,1	3824	3831
P163,1	3832	3839
P164,1	3840	3847
P165,1	3848	3855
P73,1	3856	3863
P13,1	3864	3871
P166,1	3872	3879
P167,1	3880	3887
P74,1	3888	3895
P168,1	3896	3903
P75,1	3904	3911
P169,1	3912	3919
P170,1	3920	3927
P32,1	3928	3935
P171,1	3936	3943
P76,1	3944	3951
P172,1	3952	3959
P33,1	3960	3967
P173,1	3968	3975
P77,1	3976	3983
P174,1	3984	3991
P34,1	3992	3999
P175,1	4000	4007
P176,1	4008	4015
P177,1	4016	4023
P178,1	4024	4031
P78,1	4032	4039
P179,1	4040	4047
P79,1	4048	4055
P180,1	4056	4063
P181,1	4064	4071
P14,1	4072	4079
P182,1	4080	4087
P183,1	4088	4095
P35,1	4096	4103
P184,1	4104	4111
P80,1	4112	4119
P185,1	4120	4127
P186,1	4128	4135
P36,1	4136	4143
P187,1	4144	4151
P81,1	4152	4159
P82,1	4160	4167
P188,1	4168	4175
P83,1	4176	4183
P189,1	4184	4191
P190,1	4192	4199
P37,1	4200	4207
P191,1	4208	4215
P84,1	4216	4223
P192,1	4224	4231
P38,1	4232	4239
P193,1	4240	4247
P85,1	4248	4255
P194,1	4256	4263
P195,1	4264	4271
P86,1	4272	4279
P87,1	4280	4287
P196,1	4288	4295
P15,1	4296	4303
P197,1	4304	4311
P198,1	4312	4319
P88,1	4320	4327
P199,1	4328	4335
P39,1	4336	4343
P200,1	4344	4351
P89,1	4352	4359
P7,1	4360	4367
P90,1	4368	4375
P40,1	4376	4383
P91,1	4384	4391
P41,1	4392	4399
P42,1	4400	4407
P92,1	4408	4415
P93,1	4416	4423
P43,1	4424	4431
P94,1	4432	4439
P16,1	4440	4447
P95,1	4448	4455
P44,1	4456	4463
P96,1	4464	4471
P45,1	4472	4479
P97,1	4480	4487
P46,1	4488	4495
P98,1	4496	4503
P17,1	4504	4511
P99,1	4512	4519
P100,1	4520	4527
P47,1	4528	4535
P101,1	4536	4543
P102,1	4544	4551
P18,1	4552	4559
P103,1	4560	4567
P104,1	4568	4575
P48,1	4576	4583
P105,1	4584	4591
P106,1	4592	4599
P2,1	4600	4607
P49,1	4608	4615
P107,1	4616	4623
P108,1	4624	4631
P19,1	4632	4639
P109,1	4640	4647
P50,1	4648	4655
P110,1	4656	4663
P111,1	4664	4671
P112,1	4672	4679
P51,1	4680	4687
P113,1	4688	4695
P114,1	4696	4703
P8,1	4704	4711
P52,1	4712	4718
P115,1	4719	4726
P116,1	4727	4734
P53,1	4735	4742
P117,1	4743	4750
P20,1	4751	4752
P118,1	4753	4760
P54,1	4761	4768
P119,1	4769	4776
P4,1	4777	4784
P120,1	4785	4792
P55,1	4793	4800
P121,1	4801	4808
P21,1	4809	4816
P122,1	4817	4824
P56,1	4825	4832
P123,1	4833	4840
P22,1	4841	4848
P124,1	4849	4856
P125,1	4857	4864
P126,1	4865	4872
P57,1	4873	4880
P127,1	4881	4888
P58,1	4889	4896
P128,1	4897	4904
P129,1	4905	4912
P23,1	4913	4920
P130,1	4921	4928
P131,1	4929	4936
P59,1	4937	4944
P132,1	4945	4952
P60,1	4953	4960
P133,1	4961	4968
P9,1	4969	4976
P24,1	4977	4984
P134,1	4985	4992
P135,1	4993	5000
P61,1	5001	5008
P136,1	5009	5016
P137,1	5017	5024
P138,1	5025	5032
P62,1	5033	5040
P25,1	5041	5048
P139,1	5049	5056
P140,1	5057	5064
P63,1	5065	5070
P141,1	5071	5078
P6,1	5079	5086
P64,1	5087	5094
P142,1	5095	5102
P143,1	5103	5110
P26,1	5111	5118
P144,1	5119	5126
P10,2	5127	5134
P145,1	5135	5142
P146,1	5143	5150
P65,1	5151	5158
P66,1	5159	5166
P147,1	5167	5174
P27,1	5175	5182
P148,1	5183	5190
P67,1	5191	5198
P149,1	5199	5206
P11,1	5207	5214
P150,1	5215	5222
P68,1	5223	5230
P151,1	5231	5238
P28,1	5239	5246
P152,1	5247	5254
P69,1	5255	5262
P153,1	5263	5270
P154,1	5271	5278
P29,1	5279	5286
P155,1	5287	5294
P156,1	5295	5302
P70,1	5303	5310
P71,1	5311	5318
P157,1	5319	5326
P158,1	5327	5334
P30,1	5335	5342
P159,1	5343	5350
P72,1	5351	5358
P160,1	5359	5366
P161,1	5367	5374
P162,1	5375	5382
P12,2	5383	5390
P31,1	5391	5398
P163,1	5399	5406
P164,1	5407	5414
P165,1	5415	5422
P73,1	5423	5430
P13,1	5431	5438
P166,1	5439	5446
P167,1	5447	5454
P74,1	5455	5461
P168,1	5462	5469
P75,1	5470	5477
P169,1	5478	5485
P170,1	5486	5493
P32,1	5494	5501
P171,1	5502	5509
P76,1	5510	5517
P172,1	5518	5525
P33,1	5526	5533
P173,1	5534	5541
P77,1	5542	5549
P174,1	5550	5557
P34,1	5558	5565
P175,1	5566	5573
P176,1	5574	5581
P177,1	5582	5589
P178,1	5590	5597
P78,1	5598	5605
P179,1	5606	5613
P79,1	5614	5621
P180,1	5622	5629
P181,1	5630	5637
P14,1	5638	5645
P182,1	5646	5653
P183,1	5654	5661
P35,1	5662	5669
P184,1	5670	5677
P80,1	5678	5685
P185,1	5686	5693
P186,1	5694	5701
P36,1	5702	5709
P187,1	5710	5717
P81,1	5718	5725
P82,1	5726	5733
P188,1	5734	5741
P83,1	5742	5749
P189,1	5750	5757
P190,1	5758	5765
P37,1	5766	5773
P191,1	5774	5781
P84,1	5782	5789
P192,1	5790	5797
P38,1	5798	5805
P193,1	5806	5813
P85,1	5814	5821
P194,1	5822	5829
P195,1	5830	5837
P86,1	5838	5845
P87,1	5846	5853
P196,1	5854	5861
P15,1	5862	5869
P197,1	5870	5877
P198,1	5878	5885
P88,1	5886	5893
P199,1	5894	5901
P39,1	5902	5909
P200,1	5910	5917
P89,1	5918	5925
P7,1	5926	5933
P90,1	5934	5941
P40,1	5942	5949
P91,1	5950	5957
P41,1	5958	5965
P42,1	5966	5973
P92,1	5974	5981
P93,1	5982	5989
P43,1	5990	5997
P94,1	5998	6005
P16,1	6006	6013
P95,1	6014	6021
P44,1	6022	6029
P96,1	6030	6037
P45,1	6038	6045
P97,1	6046	6053
P46,2	6054	6061
P98,1	6062	6069
P17,1	6070	6077
P99,1	6078	6085
P100,1	6086	6093
P47,1	6094	6101
P101,1	6102	6109
P102,1	6110	6117
P18,1	6118	6125
P103,1	6126	6133
P104,1	6134	6141
P48,1	6142	6149
P105,1	6150	6157
P106,1	6158	6165
P2,1	6166	6173
P49,1	6174	6177
P107,1	6178	6185
P108,1	6186	6193
P19,1	6194	6201
P109,1	6202	6209
P50,1	6210	6217
P110,1	6218	6225
P111,1	6226	6233
P112,1	6234	6241
P51,1	6242	6249
P113,1	6250	6257
P114,1	6258	6265
P8,1	6266	6273
P115,1	6274	6281
P116,1	6282	6289
P53,1	6290	6291
P117,1	6292	6299
P118,1	6300	6307
P54,1	6308	6315
P119,1	6316	6323
P4,1	6324	6331
P120,1	6332	6339
P55,1	6340	6347
P121,1	6348	6355
P21,1	6356	6363
P122,1	6364	6371
P56,1	6372	6379
P123,1	6380	6386
P22,1	6387	6394
P124,1	6395	6402
P125,1	6403	6410
P126,1	6411	6418
P57,1	6419	6426
P127,1	6427	6434
P58,1	6435	6442
P128,1	6443	6450
P129,1	6451	6458
P23,1	6459	6461
P130,1	6462	6469
P131,1	6470	6477
P59,1	6478	6485
P132,1	6486	6493
P60,1	6494	6501
P133,1	6502	6509
P9,1	6510	6517
P24,1	6518	6525
P134,1	6526	6533
P135,1	6534	6541
P61,1	6542	6549
P136,1	6550	6557
P137,1	6558	6565
P138,1	6566	6573
P62,1	6574	6581
P25,1	6582	6589
P139,1	6590	6597
P140,1	6598	6605
P63,2	6606	6613
P141,1	6614	6621
P6,1	6622	6629
P64,1	6630	6637
P142,1	6638	6645
P143,1	6646	6653
P26,1	6654	6661
P144,1	6662	6669
P10,2	6670	6677
P145,1	6678	6685
P146,1	6686	6691
P65,1	6692	6699
P66,1	6700	6707
P147,1	6708	6715
P27,1	6716	6717
P148,1	6718	6725
P67,1	6726	6733
P149,1	6734	6741
P11,1	6742	6749
P150,1	6750	6757
P68,1	6758	6765
P151,1	6766	6773
P28,1	6774	6776
P152,1	6777	6784
P69,1	6785	6792
P153,1	6793	6800
P154,1	6801	6808
P29,1	6809	6816
P155,1	6817	6824
P156,1	6825	6832
P70,1	6833	6840
P71,1	6841	6845
P157,1	6846	6853
P158,1	6854	6861
P30,1	6862	6869
P159,1	6870	6877
P72,1	6878	6885
P160,1	6886	6893
P161,1	6894	6901
P162,1	6902	6909
P12,2	6910	6917
P31,1	6918	6925
P163,1	6926	6933
P164,1	6934	6941
P165,1	6942	6949
P73,1	6950	6957
P13,1	6958	6965
P166,1	6966	6973
P167,1	6974	6981
P168,1	6982	6989
P75,1	6990	6997
P169,1	6998	7005
P170,1	7006	7013
P32,1	7014	7018
P171,1	7019	7026
P76,1	7027	7034
P172,1	7035	7042
P33,1	7043	7050
P173,1	7051	7058
P77,1	7059	7066
P174,1	7067	7074
P34,1	7075	7082
P175,1	7083	7090
P176,1	7091	7098
P177,1	7099	7106
P178,1	7107	7114
P78,1	7115	7122
P179,1	7123	7130
P79,1	7131	7138
P180,1	7139	7146
P181,1	7147	7154
P14,1	7155	7162
P182,1	7163	7170
P183,1	7171	7178
P35,1	7179	7186
P184,1	7187	7194
P80,1	7195	7202
P185,1	7203	7210
P186,1	7211	7218
P36,1	7219	7220
P187,1	7221	7228
P81,1	7229	7236
P82,1	7237	7244
P188,1	7245	7252
P83,1	7253	7260
P189,1	7261	7268
P190,1	7269	7276
P37,1	7277	7284
P191,1	7285	7292
P84,1	7293	7300
P192,1	7301	7308
P38,1	7309	7316
P193,1	7317	7324
P85,1	7325	7332
P194,1	7333	7340
P195,1	7341	7348
P86,1	7349	7356
P87,1	7357	7364
P196,1	7365	7372
P15,1	7373	7380
P197,1	7381	7388
P198,1	7389	7396
P88,1	7397	7404
P199,1	7405	7412
P39,1	7413	7420
P200,1	7421	7428
P89,1	7429	7436
P7,1	7437	7444
P90,1	7445	7452
P40,2	7453	7460
P91,1	7461	7468
P41,1	7469	7476
P42,1	7477	7477
P92,1	7478	7485
P93,1	7486	7493
P43,1	7494	7501
P94,1	7502	7509
P16,1	7510	7517
P95,1	7518	7525
P44,1	7526	7533
P96,1	7534	7541
P45,1	7542	7549
P97,1	7550	7557
P46,2	7558	7565
P98,1	7566	7573
P17,1	7574	7581
P99,1	7582	7589
P100,1	7590	7597
P47,1	7598	7605
P101,1	7606	7613
P102,1	7614	7621
P18,1	7622	7629
P103,1	7630	7636
P104,1	7637	7644
P48,1	7645	7652
P105,1	7653	7660
P106,1	7661	7668
P2,1	7669	7676
P49,2	7677	7684
P107,1	7685	7692
P108,1	7693	7700
P19,1	7701	7705
P109,1	7706	7713
P50,1	7714	7721
P110,1	7722	7729
P111,1	7730	7737
P112,1	7738	7745
P51,1	7746	7753
P113,1	7754	7761
P114,1	7762	7769
P8,1	7770	7777
P115,1	7778	7785
P116,1	7786	7793
P53,2	7794	7801
P117,1	7802	7809
P118,1	7810	7817
P54,1	7818	7825
P119,1	7826	7833
P4,1	7834	7840
P120,1	7841	7848
P55,1	7849	7856
P121,1	7857	7864
P21,1	7865	7872
P122,1	7873	7880
P56,1	7881	7888
P123,2	7889	7896
P22,1	7897	7904
P124,1	7905	7912
P125,1	7913	7920
P126,1	7921	7928
P57,1	7929	7936
P127,1	7937	7944
P58,1	7945	7952
P128,1	7953	7960
P129,1	7961	7968
P23,2	7969	7976
P130,1	7977	7984
P131,1	7985	7992
P59,1	7993	8000
P132,1	8001	8008
P60,1	8009	8013
P133,1	8014	8016
P9,1	8017	8024
P24,2	8025	8032
P134,1	8033	8040
P135,1	8041	8048
P61,1	8049	8056
P136,1	8057	8064
P137,1	8065	8072
P138,1	8073	8080
P62,1	8081	8088
P25,1	8089	8096
P139,1	8097	8104
P140,1	8105	8112
P63,2	8113	8120
P141,1	8121	8128
P64,1	8129	8136
P142,1	8137	8144
P143,1	8145	8152
P26,1	8153	8160
P144,1	8161	8168
P10,2	8169	8176
P145,1	8177	8178
P146,2	8179	8186
P65,1	8187	8194
P66,1	8195	8202
P147,1	8203	8203
P148,1	8204	8211
P67,1	8212	8219
P149,1	8220	8227
P11,1	8228	8235
P150,1	8236	8243
P68,1	8244	8245
P151,1	8246	8253
P28,2	8254	8261
P152,1	8262	8269
P69,1	8270	8277
P153,1	8278	8285
P154,1	8286	8293
P29,1	8294	8301
P155,1	8302	8309
P156,1	8310	8317
P70,1	8318	8319
P157,1	8320	8327
P158,1	8328	8334
P30,1	8335	8342
P159,1	8343	8350
P72,1	8351	8358
P160,1	8359	8366
P161,1	8367	8374
P162,1	8375	8382
P12,2	8383	8390
P31,1	8391	8398
P163,1	8399	8403
P164,1	8404	8411
P165,1	8412	8419
P73,1	8420	8427
P13,1	8428	8435
P166,1	8436	8443
P167,1	8444	8451
P168,1	8452	8459
P75,1	8460	8462
P169,1	8463	8470
P170,1	8471	8478
P32,2	8479	8486
P171,1	8487	8494
P76,1	8495	8502
P172,1	8503	8510
P33,1	8511	8518
P173,1	8519	8526
P77,1	8527	8534
P174,1	8535	8542
P34,1	8543	8550
P175,1	8551	8558
P176,1	8559	8566
P177,1	8567	8574
P178,1	8575	8582
P78,1	8583	8590
P179,1	8591	8598
P79,1	8599	8606
P180,1	8607	8614
P181,1	8615	8622
P14,1	8623	8630
P182,1	8631	8638
P183,1	8639	8646
P35,1	8647	8654
P184,1	8655	8662
P80,1	8663	8668
P185,1	8669	8676
P186,1	8677	8684
P36,2	8685	8692
P187,1	8693	8700
P81,1	8701	8708
P82,1	8709	8716
P188,1	8717	8724
P83,2	8725	8732
P189,1	8733	8740
P190,1	8741	8741
P37,1	8742	8749
P191,1	8750	8757
P84,1	8758	8765
P192,1	8766	8773
P38,1	8774	8781
P193,1	8782	8789
P85,1	8790	8797
P194,1	8798	8805
P195,1	8806	8813
P86,1	8814	8821
P87,1	8822	8829
P196,1	8830	8837
P15,1	8838	8845
P197,1	8846	8853
P198,1	8854	8861
P88,1	8862	8869
P199,1	8870	8877
P39,1	8878	8881
P200,1	8882	8889
P89,1	8890	8897
P7,1	8898	8905
P90,1	8906	8913
P40,2	8914	8921
P91,1	8922	8929
P41,1	8930	8937
P92,1	8938	8945
P93,1	8946	8951
P43,1	8952	8957
P94,1	8958	8965
P16,1	8966	8973
P95,1	8974	8981
P44,1	8982	8985
P96,1	8986	8993
P45,1	8994	9001
P97,1	9002	9009
P46,2	9010	9017
P98,1	9018	9025
P17,1	9026	9033
P99,1	9034	9041
P100,1	9042	9049
P47,1	9050	9057
P101,1	9058	9065
P102,1	9066	9073
P18,1	9074	9081
P103,2	9082	9089
P104,1	9090	9097
P48,1	9098	9105
P105,1	9106	9113
P106,1	9114	9121
P2,1	9122	9122
P49,2	9123	9130
P107,1	9131	9138
P108,1	9139	9146
P19,2	9147	9154
P109,1	9155	9162
P50,1	9163	9169
P110,1	9170	9177
P111,1	9178	9185
P112,1	9186	9193
P51,1	9194	9201
P113,1	9202	9209
P114,1	9210	9217
P8,1	9218	9223
P115,1	9224	9231
P116,1	9232	9238
P53,2	9239	9246
P117,1	9247	9254
P118,1	9255	9262
P54,1	9263	9270
P119,1	9271	9278
P4,2	9279	9286
P120,1	9287	9294
P55,1	9295	9302
P121,1	9303	9310
P21,1	9311	9318
P122,1	9319	9326
P56,1	9327	9334
P123,2	9335	9342
P22,1	9343	9350
P124,1	9351	9354
P125,1	9355	9362
P126,1	9363	9370
P57,1	9371	9378
P127,1	9379	9386
P58,1	9387	9394
P128,1	9395	9402
P129,1	9403	9410
P23,2	9411	9418
P130,1	9419	9426
P131,1	9427	9434
P59,1	9435	9442
P132,1	9443	9450
P60,2	9451	9458
P133,2	9459	9466
P9,1	9467	9472
P24,2	9473	9480
P134,1	9481	9488
P135,1	9489	9492
P61,1	9493	9500
P136,1	9501	9508
P137,1	9509	9516
P138,1	9517	9524
P62,1	9525	9532
P25,1	9533	9540
P139,1	9541	9548
P140,1	9549	9556
P63,2	9557	9564
P141,1	9565	9565
P64,1	9566	9573
P142,1	9574	9581
P143,1	9582	9589
P26,1	9590	9597
P144,1	9598	9605
P10,2	9606	9613
P146,2	9614	9621
P65,1	9622	9629
P66,1	9630	9637
P148,1	9638	9645
P67,1	9646	9653
P149,1	9654	9661
P11,1	9662	9669
P150,1	9670	9677
P68,2	9678	9685
P151,1	9686	9693
P28,2	9694	9701
P152,1	9702	9709
P69,1	9710	9717
P153,1	9718	9725
P154,1	9726	9733
P29,1	9734	9741
P155,1	9742	9749
P156,1	9750	9757
P70,2	9758	9765
P157,1	9766	9773
P158,2	9774	9781
P30,1	9782	9789
P159,1	9790	9797
P72,1	9798	9805
P160,1	9806	9813
P161,1	9814	9821
P162,1	9822	9829
P12,2	9830	9837
P31,1	9838	9845
P164,1	9846	9853
P165,1	9854	9861
P73,1	9862	9869
P13,1	9870	9877
P166,1	9878	9885
P167,1	9886	9893
P168,1	9894	9901
P75,2	9902	9909
P169,1	9910	9917
P170,1	9918	9922
P32,2	9923	9930
P171,1	9931	9938
P76,1	9939	9946
P172,1	9947	9954
P33,1	9955	9962
P173,1	9963	9970
P77,1	9971	9972
P174,1	9973	9980
P34,1	9981	9988
P175,1	9989	9996
P176,1	9997	10004
P177,1	10005	10012
P178,1	10013	10020
P78,1	10021	10028
P179,1	10029	10036
P79,1	10037	10044
P180,1	10045	10052
P181,1	10053	10060
P14,1	10061	10068
P182,1	10069	10076
P183,1	10077	10084
P35,1	10085	10092
P184,1	10093	10100
P80,2	10101	10108
P185,1	10109	10116
P186,1	10117	10124
P36,2	10125	10132
P187,1	10133	10140
P81,1	10141	10148
P82,1	10149	10156
P188,1	10157	10164
P83,2	10165	10172
P189,1	10173	10180
P190,2	10181	10188
P37,1	10189	10196
P191,1	10197	10204
P84,1	10205	10212
P192,1	10213	10220
P38,1	10221	10228
P193,1	10229	10236
P85,1	10237	10244
P194,1	10245	10252
P195,1	10253	10260
P86,1	10261	10267
P87,1	10268	10275
P196,1	10276	10283
P15,1	10284	10291
P197,1	10292	10297
P198,1	10298	10305
P88,1	10306	10308
P199,1	10309	10316
P200,1	10317	10324
P89,1	10325	10332
P7,1	10333	10340
P90,1	10341	10341
P40,2	10342	10349
P91,1	10350	10356
P41,1	10357	10361
P92,1	10362	10369
P43,2	10370	10377
P94,1	10378	10385
P16,1	10386	10393
P95,1	10394	10401
P44,2	10402	10409
P96,1	10410	10417
P45,1	10418	10425
P97,1	10426	10433
P46,2	10434	10441
P98,1	10442	10449
P17,1	10450	10455
P99,1	10456	10463
P100,1	10464	10471
P47,1	10472	10479
P101,1	10480	10487
P102,1	10488	10495
P18,1	10496	10500
P103,2	10501	10508
P104,1	10509	10516
P48,1	10517	10524
P105,1	10525	10532
P106,1	10533	10540
P2,2	10541	10548
P49,2	10549	10556
P107,1	10557	10564
P108,1	10565	10572
P19,2	10573	10580
P109,1	10581	10588
P50,2	10589	10596
P110,1	10597	10604
P111,1	10605	10612
P112,1	10613	10620
P51,1	10621	10628
P113,1	10629	10636
P114,1	10637	10644
P115,1	10645	10652
P116,2	10653	10660
P53,2	10661	10668
P117,1	10669	10676
P118,1	10677	10684
P54,1	10685	10692
P119,1	10693	10700
P4,2	10701	10708
P120,1	10709	10716
P55,1	10717	10724
P121,1	10725	10732
P21,1	10733	10740
P122,1	10741	10748
P56,1	10749	10756
P123,2	10757	10764
P22,1	10765	10770
P124,2	10771	10778
P125,1	10779	10786
P126,1	10787	10794
P57,1	10795	10802
P127,1	10803	10810
P58,1	10811	10818
P128,1	10819	10826
P129,1	10827	10834
P23,2	10835	10842
P130,1	10843	10850
P131,1	10851	10858
P59,1	10859	10866
P132,1	10867	10874
P60,2	10875	10882
P133,2	10883	10890
P24,2	10891	10898
P134,1	10899	10906
P135,2	10907	10914
P61,1	10915	10922
P136,1	10923	10930
P137,1	10931	10938
P138,1	10939	10940
P62,1	10941	10948
P25,1	10949	10956
P139,1	10957	10964
P140,1	10965	10972
P63,2	10973	10980
P141,2	10981	10988
P64,1	10989	10996
P142,1	10997	11004
P143,1	11005	11012
P26,1	11013	11020
P144,1	11021	11028
P10,2	11029	11036
P146,2	11037	11044
P65,1	11045	11052
P66,1	11053	11060
P148,1	11061	11068
P67,1	11069	11076
P149,1	11077	11084
P11,1	11085	11092
P150,1	11093	11100
P68,2	11101	11108
P151,1	11109	11111
P28,2	11112	11119
P152,1	11120	11127
P69,1	11128	11135
P153,1	11136	11143
P154,1	11144	11151
P29,1	11152	11154
P155,1	11155	11162
P156,1	11163	11170
P70,2	11171	11178
P157,1	11179	11186
P158,2	11187	11194
P30,1	11195	11202
P159,2	11203	11210
P72,1	11211	11218
P160,1	11219	11226
P161,1	11227	11234
P162,1	11235	11242
P12,2	11243	11250
P31,1	11251	11258
P164,1	11259	11266
P165,1	11267	11274
P73,1	11275	11282
P13,1	11283	11290
P166,1	11291	11298
P167,1	11299	11306
P168,1	11307	11314
P75,2	11315	11322
P169,1	11323	11326
P32,2	11327	11334
P171,1	11335	11342
P76,1	11343	11350
P172,1	11351	11358
P33,1	11359	11360
P173,1	11361	11368
P77,2	11369	11376
P174,1	11377	11381
P34,1	11382	11389
P175,1	11390	11397
P176,1	11398	11405
P177,1	11406	11413
P178,1	11414	11421
P78,1	11422	11429
P179,1	11430	11437
P79,1	11438	11445
P180,1	11446	11453
P181,1	11454	11461
P14,1	11462	11469
P182,1	11470	11476
P183,2	11477	11484
P35,1	11485	11492
P184,1	11493	11500
P80,2	11501	11508
P185,1	11509	11516
P186,1	11517	11524
P36,2	11525	11532
P187,1	11533	11540
P81,1	11541	11548
P82,1	11549	11549
P188,1	11550	11557
P83,2	11558	11565
P189,1	11566	11573
P190,2	11574	11581
P37,1	11582	11582
P191,1	11583	11590
P84,1	11591	11598
P192,1	11599	11606
P38,1	11607	11614
P193,1	11615	11622
P85,1	11623	11630
P194,1	11631	11638
P195,1	11639	11646
P86,2	11647	11654
P87,1	11655	11655
P196,1	11656	11663
P15,1	11664	11668
P198,1	11669	11676
P88,2	11677	11684
P199,1	11685	11692
P200,1	11693	11700
P89,1	11701	11708
P7,2	11709	11716
P90,2	11717	11724
P40,2	11725	11732
P91,2	11733	11740
P41,2	11741	11748
P92,1	11749	11756
P43,2	11757	11764
P94,1	11765	11772
P16,2	11773	11780
P95,1	11781	11788
P44,2	11789	11796
P96,1	11797	11804
P45,1	11805	11812
P97,1	11813	11819
P46,2	11820	11827
P98,1	11828	11835
P17,2	11836	11843
P99,1	11844	11851
P100,1	11852	11859
P47,1	11860	11867
P101,1	11868	11875
P102,1	11876	11883
P18,2	11884	11891
P103,2	11892	11899
P104,1	11900	11907
P48,1	11908	11915
P105,1	11916	11923
P106,1	11924	11931
P2,2	11932	11939
P49,2	11940	11947
P107,1	11948	11955
P108,1	11956	11960
P19,2	11961	11968
P109,1	11969	11976
P50,2	11977	11984
P110,1	11985	11992
P111,1	11993	12000
P112,1	12001	12006
P51,1	12007	12014
P113,1	12015	12022
P114,1	12023	12030
P115,1	12031	12038
P116,2	12039	12046
P53,2	12047	12054
P117,1	12055	12062
P118,1	12063	12070
P54,1	12071	12075
P119,1	12076	12083
P4,2	12084	12091
P120,1	12092	12099
P55,1	12100	12107
P121,1	12108	12115
P21,1	12116	12123
P122,2	12124	12131
P56,1	12132	12139
P123,2	12140	12147
P22,2	12148	12155
P124,2	12156	12163
P125,1	12164	12171
P126,1	12172	12179
P57,1	12180	12187
P127,1	12188	12195
P58,1	12196	12203
P128,1	12204	12211
P129,1	12212	12219
P23,2	12220	12227
P130,1	12228	12235
P131,1	12236	12243
P59,1	12244	12251
P132,1	12252	12259
P60,2	12260	12267
P133,2	12268	12275
P24,2	12276	12283
P134,1	12284	12291
P135,2	12292	12299
P61,1	12300	12307
P136,1	12308	12313
P137,1	12314	12321
P138,2	12322	12329
P62,1	12330	12337
P25,1	12338	12345
P139,1	12346	12353
P140,1	12354	12361
P63,2	12362	12369
P141,2	12370	12377
P64,1	12378	12385
P142,1	12386	12393
P143,1	12394	12401
P26,1	12402	12409
P144,1	12410	12412
P10,2	12413	12420
P146,2	12421	12428
P65,1	12429	12436
P66,1	12437	12438
P148,1	12439	12446
P67,1	12447	12454
P149,1	12455	12462
P11,1	12463	12470
P150,1	12471	12478
P68,2	12479	12486
P151,2	12487	12494
P28,2	12495	12502
P152,1	12503	12510
P69,1	12511	12518
P153,1	12519	12526
P154,1	12527	12534
P29,2	12535	12542
P155,1	12543	12550
P156,1	12551	12558
P70,2	12559	12566
P157,1	12567	12574
P158,2	12575	12582
P30,1	12583	12590
P159,2	12591	12598
P72,1	12599	12606
P160,1	12607	12614
P161,1	12615	12622
P162,1	12623	12630
P12,2	12631	12638
P31,1	12639	12646
P164,1	12647	12654
P165,1	12655	12662
P13,1	12663	12670
P166,1	12671	12678
P167,1	12679	12686
P168,1	12687	12687
P75,2	12688	12695
P169,2	12696	12703
P32,2	12704	12711
P171,1	12712	12719
P76,1	12720	12727
P172,1	12728	12728
P33,2	12729	12736
P173,1	12737	12744
P77,2	12745	12752
P34,1	12753	12755
P175,1	12756	12763
P176,1	12764	12771
P177,1	12772	12779
P178,1	12780	12787
P78,1	12788	12788
P179,1	12789	12796
P79,1	12797	12804
P180,1	12805	12812
P181,1	12813	12820
P14,1	12821	12828
P182,2	12829	12836
P183,2	12837	12844
P35,1	12845	12852
P184,1	12853	12860
P80,2	12861	12868
P185,1	12869	12876
P186,1	12877	12884
P36,2	12885	12892
P187,1	12893	12900
P81,1	12901	12908
P188,1	12909	12916
P83,2	12917	12924
P189,1	12925	12929
P190,2	12930	12937
P191,1	12938	12943
P84,1	12944	12951
P192,1	12952	12959
P38,1	12960	12967
P193,1	12968	12975
P85,1	12976	12983
P194,1	12984	12985
P195,1	12986	12993
P86,2	12994	13001
P196,1	13002	13009
P15,2	13010	13017
P198,1	13018	13022
P88,2	13023	13030
P199,1	13031	13038
P200,1	13039	13046
P89,1	13047	13054
P7,2	13055	13062
P90,2	13063	13070
P40,2	13071	13078
P91,2	13079	13086
P41,2	13087	13094
P92,1	13095	13102
P43,2	13103	13110
P94,1	13111	13118
P16,2	13119	13126
P95,1	13127	13134
P44,2	13135	13142
P96,1	13143	13150
P45,1	13151	13158
P97,2	13159	13166
P46,2	13167	13174
P98,1	13175	13182
P17,2	13183	13190
P99,1	13191	13198
P100,1	13199	13206
P47,1	13207	13214
P101,1	13215	13221
P102,1	13222	13226
P18,2	13227	13234
P103,2	13235	13241
P104,1	13242	13249
P48,1	13250	13254
P105,1	13255	13255
P106,1	13256	13263
P2,2	13264	13271
P49,2	13272	13279
P107,1	13280	13287
P108,2	13288	13295
P19,2	13296	13303
P109,1	13304	13311
P50,2	13312	13319
P110,1	13320	13327
P111,1	13328	13335
P112,2	13336	13343
P51,1	13344	13349
P113,1	13350	13357
P114,1	13358	13365
P115,1	13366	13373
P116,2	13374	13381
P53,2	13382	13389
P117,1	13390	13390
P118,1	13391	13398
P54,2	13399	13406
P119,1	13407	13410
P4,2	13411	13418
P120,1	13419	13426
P55,1	13427	13434
P21,1	13435	13442
P122,2	13443	13450
P56,1	13451	13453
P123,2	13454	13461
P22,2	13462	13469
P124,2	13470	13477
P125,1	13478	13485
P126,1	13486	13487
P57,1	13488	13495
P127,1	13496	13503
P58,1	13504	13511
P128,1	13512	13519
P129,1	13520	13527
P23,2	13528	13535
P130,1	13536	13543
P131,1	13544	13546
P59,1	13547	13554
P132,1	13555	13562
P60,2	13563	13570
P133,2	13571	13578
P24,2	13579	13586
P134,1	13587	13594
P135,2	13595	13602
P61,1	13603	13610
P137,1	13611	13618
P138,2	13619	13626
P62,1	13627	13634
P25,1	13635	13642
P139,1	13643	13650
P140,1	13651	13658
P63,2	13659	13666
P141,2	13667	13674
P64,1	13675	13682
P142,1	13683	13686
P143,1	13687	13694
P26,1	13695	13699
P144,2	13700	13707
P10,2	13708	13715
P146,2	13716	13723
P65,1	13724	13731
P66,2	13732	13739
P148,1	13740	13747
P67,1	13748	13755
P149,1	13756	13763
P11,1	13764	13771
P150,1	13772	13779
P68,2	13780	13787
P151,2	13788	13795
P28,2	13796	13803
P152,1	13804	13811
P69,1	13812	13819
P153,1	13820	13827
P154,1	13828	13835
P29,2	13836	13843
P155,1	13844	13851
P156,1	13852	13859
P70,2	13860	13867
P157,1	13868	13875
P158,2	13876	13883
P30,1	13884	13891
P159,2	13892	13899
P72,1	13900	13900
P160,1	13901	13908
P161,1	13909	13912
P162,1	13913	13920
P12,2	13921	13926
P31,1	13927	13934
P164,1	13935	13942
P165,1	13943	13950
P13,1	13951	13958
P166,1	13959	13966
P167,1	13967	13974
P75,2	13975	13982
P169,2	13983	13990
P32,2	13991	13998
P171,1	13999	14006
P76,1	14007	14014
P33,2	14015	14022
P173,1	14023	14030
P77,2	14031	14038
P34,2	14039	14046
P175,1	14047	14047
P176,1	14048	14055
P177,1	14056	14063
P178,1	14064	14071
P78,2	14072	14079
P179,1	14080	14087
P79,1	14088	14095
P180,1	14096	14103
P181,1	14104	14111
P14,1	14112	14118
P182,2	14119	14126
P183,2	14127	14134
P35,1	14135	14142
P184,1	14143	14150
P80,2	14151	14158
P185,1	14159	14161
P186,1	14162	14164
P36,2	14165	14172
P187,1	14173	14180
P81,1	14181	14188
P188,1	14189	14196
P83,2	14197	14204
P189,2	14205	14212
P190,2	14213	14220
P84,1	14221	14228
P192,1	14229	14236
P38,1	14237	14244
P193,1	14245	14252
P85,1	14253	14260
P194,2	14261	14268
P195,1	14269	14274
P86,2	14275	14282
P196,1	14283	14285
P15,2	14286	14293
P88,2	14294	14301
P199,1	14302	14309
P200,1	14310	14317
P89,1	14318	14325
P7,2	14326	14333
P90,2	14334	14341
P40,2	14342	14349
P91,2	14350	14357
P41,2	14358	14365
P92,1	14366	14373
P43,2	14374	14381
P94,1	14382	14389
P16,2	14390	14397
P95,1	14398	14405
P44,2	14406	14413
P96,1	14414	14421
P45,1	14422	14429
P97,2	14430	14437
P46,2	14438	14445
P98,1	14446	14453
P17,2	14454	14461
P99,1	14462	14469
P100,1	14470	14477
P47,1	14478	14485
P101,2	14486	14493
P102,2	14494	14501
P18,2	14502	14509
P103,3	14510	14517
P104,1	14518	14525
P48,2	14526	14533
P106,1	14534	14541
P2,2	14542	14549
P49,2	14550	14557
P107,1	14558	14565
P108,2	14566	14573
P19,2	14574	14581
P109,2	14582	14589
P50,2	14590	14597
P110,1	14598	14605
P111,1	14606	14613
P112,2	14614	14621
P113,1	14622	14628
P114,1	14629	14636
P115,1	14637	14644
P116,2	14645	14652
P53,2	14653	14660
P118,1	14661	14668
P54,2	14669	14676
P119,2	14677	14684
P4,2	14685	14692
P120,1	14693	14700
P55,1	14701	14708
P21,1	14709	14716
P122,2	14717	14724
P56,2	14725	14732
P123,2	14733	14740
P22,2	14741	14748
P124,2	14749	14756
P125,1	14757	14764
P126,2	14765	14772
P57,1	14773	14776
P127,1	14777	14784
P58,1	14785	14790
P128,1	14791	14798
P129,1	14799	14800
P23,2	14801	14808
P130,1	14809	14816
P131,2	14817	14824
P59,1	14825	14829
P132,1	14830	14837
P60,2	14838	14845
P133,2	14846	14853
P24,2	14854	14861
P134,1	14862	14869
P135,2	14870	14877
P61,1	14878	14885
P137,1	14886	14893
P138,2	14894	14901
P62,1	14902	14909
P25,1	14910	14917
P139,1	14918	14925
P140,1	14926	14933
P63,2	14934	14941
P141,2	14942	14949
P64,1	14950	14957
P143,1	14958	14965
P26,2	14966	14973
P144,2	14974	14981
P10,2	14982	14989
P146,2	14990	14997
P65,1	14998	15005
P66,2	15006	15013
P148,1	15014	15021
P67,1	15022	15023
P149,1	15024	15031
P11,1	15032	15039
P150,1	15040	15047
P68,2	15048	15055
P151,2	15056	15063
P28,2	15064	15071
P152,1	15072	15079
P69,1	15080	15087
P153,1	15088	15095
P154,1	15096	15103
P29,2	15104	15111
P155,1	15112	15119
P156,1	15120	15127
P70,2	15128	15135
P157,1	15136	15143
P158,3	15144	15151
P30,1	15152	15155
P159,2	15156	15162
P160,1	15163	15170
P161,2	15171	15178
P162,1	15179	15184
P12,3	15185	15192
P31,1	15193	15200
P164,1	15201	15208
P165,1	15209	15216
P13,1	15217	15224
P166,1	15225	15230
P167,1	15231	15238
P75,2	15239	15246
P169,2	15247	15254
P32,2	15255	15262
P171,1	15263	15270
P76,1	15271	15278
P33,2	15279	15286
P173,1	15287	15294
P77,2	15295	15302
P34,2	15303	15310
P176,1	15311	15311
P177,1	15312	15319
P178,1	15320	15327
P78,2	15328	15335
P179,1	15336	15338
P79,1	15339	15339
P180,1	15340	15347
P181,1	15348	15355
P182,2	15356	15363
P183,2	15364	15371
P35,1	15372	15379
P184,1	15380	15387
P80,2	15388	15395
P185,2	15396	15403
P36,2	15404	15411
P187,1	15412	15419
P81,1	15420	15427
P188,1	15428	15435
P83,2	15436	15443
P189,2	15444	15451
P190,2	15452	15459
P84,1	15460	15467
P192,1	15468	15471
P38,1	15472	15479
P193,1	15480	15487
P85,1	15488	15495
P194,2	15496	15503
P195,2	15504	15511
P86,2	15512	15519
P15,2	15520	15527
P88,2	15528	15535
P199,1	15536	15543
P200,1	15544	15551
P89,1	15552	15559
P7,2	15560	15567
P90,2	15568	15575
P40,2	15576	15583
P91,2	15584	15591
P41,2	15592	15599
P92,1	15600	15607
P43,2	15608	15615
P94,1	15616	15623
P16,2	15624	15631
P95,1	15632	15639
P44,2	15640	15647
P96,1	15648	15654
P45,1	15655	15662
P97,2	15663	15670
P46,2	15671	15678
P98,1	15679	15686
P17,2	15687	15694
P99,1	15695	15702
P100,1	15703	15707
P47,1	15708	15715
P101,2	15716	15723
P102,2	15724	15731
P18,2	15732	15739
P103,3	15740	15747
P104,1	15748	15755
P48,2	15756	15763
P106,1	15764	15771
P2,2	15772	15779
P49,2	15780	15787
P107,2	15788	15795
P108,2	15796	15803
P19,2	15804	15809
P109,2	15810	15817
P50,2	15818	15825
P110,1	15826	15833
P111,1	15834	15841
P112,2	15842	15849
P113,2	15850	15857
P114,1	15858	15865
P115,1	15866	15873
P116,3	15874	15881
P53,2	15882	15883
P118,1	15884	15891
P54,2	15892	15899
P119,2	15900	15907
P4,2	15908	15915
P120,1	15916	15923
P55,1	15924	15931
P21,1	15932	15939
P122,2	15940	15947
P56,2	15948	15955
P123,2	15956	15963
P22,2	15964	15971
P124,2	15972	15979
P125,1	15980	15987
P126,2	15988	15995
P127,1	15996	16003
P58,2	16004	16011
P128,1	16012	16019
P129,2	16020	16027
P23,2	16028	16035
P130,1	16036	16043
P131,2	16044	16051
P132,1	16052	16059
P60,2	16060	16067
P133,2	16068	16075
P24,2	16076	16083
P134,1	16084	16091
P135,2	16092	16099
P61,1	16100	16107
P137,1	16108	16115
P138,2	16116	16123
P62,1	16124	16131
P25,1	16132	16139
P139,1	16140	16146
P140,1	16147	16154
P63,2	16155	16162
P141,2	16163	16170
P64,1	16171	16177
P143,1	16178	16185
P26,2	16186	16193
P144,2	16194	16201
P10,2	16202	16209
P146,2	16210	16217
P65,2	16218	16225
P66,2	16226	16233
P148,1	16234	16241
P67,2	16242	16249
P149,2	16250	16257
P11,1	16258	16265
P150,1	16266	16273
P68,2	16274	16281
P151,2	16282	16289
P28,2	16290	16297
P152,1	16298	16305
P69,1	16306	16313
P153,1	16314	16321
P154,1	16322	16329
P29,2	16330	16337
P155,1	16338	16345
P156,1	16346	16353
P70,2	16354	16361
P157,1	16362	16369
P158,3	16370	16377
P30,2	16378	16385
P159,3	16386	16393
P160,1	16394	16401
P161,2	16402	16409
P162,2	16410	16417
P12,3	16418	16425
P31,1	16426	16426
P164,1	16427	16434
P165,1	16435	16441
P13,1	16442	16445
P167,1	16446	16453
P75,2	16454	16461
P169,2	16462	16469
P32,2	16470	16477
P171,1	16478	16485
P76,1	16486	16493
P33,2	16494	16501
P173,1	16502	16509
P77,2	16510	16517
P34,2	16518	16525
P176,2	16526	16533
P177,1	16534	16541
P78,2	16542	16549
P180,1	16550	16557
P181,1	16558	16559
P182,2	16560	16567
P183,2	16568	16575
P35,1	16576	16580
P184,1	16581	16588
P80,2	16589	16596
P185,2	16597	16604
P36,2	16605	16612
P187,1	16613	16620
P81,1	16621	16628
P188,1	16629	16636
P83,2	16637	16644
P189,2	16645	16652
P190,2	16653	16660
P84,1	16661	16662
P192,2	16663	16670
P38,1	16671	16678
P193,1	16679	16686
P85,1	16687	16694
P194,2	16695	16702
P195,2	16703	16710
P86,2	16711	16718
P15,2	16719	16726
P88,2	16727	16734
P199,1	16735	16742
P200,1	16743	16750
P89,1	16751	16758
P7,2	16759	16766
P90,2	16767	16774
P40,2	16775	16782
P91,2	16783	16790
P41,2	16791	16798
P92,1	16799	16806
P43,2	16807	16814
P94,1	16815	16822
P16,2	16823	16830
P95,1	16831	16838
P44,2	16839	16846
P96,2	16847	16854
P45,1	16855	16862
P97,2	16863	16870
P46,2	16871	16871
P98,1	16872	16879
P17,2	16880	16887
P99,1	16888	16895
P100,2	16896	16903
P47,1	16904	16909
P101,2	16910	16917
P102,2	16918	16925
P18,2	16926	16930
P103,3	16931	16938
P104,1	16939	16946
P48,2	16947	16954
P106,1	16955	16962
P2,2	16963	16970
P49,2	16971	16978
P107,2	16979	16986
P108,2	16987	16994
P19,3	16995	17002
P109,2	17003	17010
P50,2	17011	17018
P110,1	17019	17026
P111,1	17027	17034
P112,2	17035	17042
P113,2	17043	17050
P115,1	17051	17058
P116,3	17059	17066
P53,3	17067	17074
P118,1	17075	17082
P54,2	17083	17090
P119,2	17091	17098
P4,2	17099	17106
P120,1	17107	17114
P55,1	17115	17122
P21,1	17123	17129
P122,2	17130	17137
P56,2	17138	17145
P123,2	17146	17153
P22,2	17154	17161
P124,2	17162	17169
P125,1	17170	17177
P126,2	17178	17185
P127,1	17186	17193
P58,2	17194	17201
P128,1	17202	17209
P129,2	17210	17217
P23,2	17218	17225
P130,1	17226	17233
P131,2	17234	17241
P132,1	17242	17249
P60,2	17250	17257
P133,2	17258	17265
P24,2	17266	17269
P134,1	17270	17275
P135,2	17276	17283
P61,1	17284	17291
P137,1	17292	17299
P138,2	17300	17307
P62,1	17308	17310
P25,1	17311	17318
P139,2	17319	17326
P140,1	17327	17330
P63,2	17331	17338
P141,2	17339	17346
P64,2	17347	17354
P143,1	17355	17362
P26,2	17363	17370
P144,2	17371	17378
P10,2	17379	17386
P146,2	17387	17394
P65,2	17395	17402
P66,2	17403	17410
P148,1	17411	17418
P67,2	17419	17426
P149,2	17427	17434
P11,1	17435	17438
P150,1	17439	17443
P68,2	17444	17451
P151,2	17452	17459
P28,2	17460	17467
P152,1	17468	17475
P69,1	17476	17483
P153,2	17484	17491
P154,1	17492	17499
P29,2	17500	17507
P155,1	17508	17513
P156,1	17514	17521
P70,2	17522	17529
P157,1	17530	17537
P158,3	17538	17545
P30,2	17546	17553
P159,3	17554	17561
P160,1	17562	17569
P161,2	17570	17577
P162,2	17578	17585
P12,3	17586	17593
P31,2	17594	17601
P164,1	17602	17609
P13,2	17610	17617
P167,1	17618	17625
P75,2	17626	17633
P169,2	17634	17641
P32,2	17642	17644
P171,1	17645	17652
P76,1	17653	17656
P33,2	17657	17664
P173,1	17665	17672
P77,2	17673	17679
P34,2	17680	17687
P176,2	17688	17695
P177,1	17696	17703
P78,2	17704	17711
P180,1	17712	17719
P181,2	17720	17727
P182,2	17728	17735
P183,2	17736	17743
P35,2	17744	17751
P184,1	17752	17759
P80,2	17760	17767
P185,2	17768	17775
P36,2	17776	17783
P187,1	17784	17791
P81,1	17792	17799
P188,1	17800	17807
P83,2	17808	17815
P189,2	17816	17823
P190,2	17824	17831
P84,2	17832	17839
P192,2	17840	17847
P38,1	17848	17853
P193,1	17854	17861
P85,1	17862	17869
P194,2	17870	17877
P195,2	17878	17885
P86,2	17886	17886
P15,2	17887	17891
P88,2	17892	17899
P199,1	17900	17907
P200,1	17908	17915
P89,1	17916	17916
P7,2	17917	17924
P90,2	17925	17928
P40,2	17929	17936
P91,2	17937	17944
P41,2	17945	17952
P92,1	17953	17960
P43,2	17961	17968
P94,1	17969	17970
P16,2	17971	17978
P95,1	17979	17983
P44,2	17984	17991
P96,2	17992	17999
P45,1	18000	18007
P97,2	18008	18015
P46,3	18016	18023
P98,1	18024	18031
P17,2	18032	18039
P99,2	18040	18047
P100,2	18048	18055
P101,2	18056	18063
P102,2	18064	18071
P103,3	18072	18079
P104,1	18080	18085
P48,2	18086	18093
P106,1	18094	18101
P2,2	18102	18109
P49,2	18110	18117
P107,2	18118	18125
P108,2	18126	18133
P19,3	18134	18141
P109,2	18142	18149
P50,2	18150	18157
P110,1	18158	18165
P111,1	18166	18173
P112,2	18174	18181
P113,2	18182	18189
P115,1	18190	18192
P116,3	18193	18200
P53,3	18201	18208
P118,1	18209	18216
P54,2	18217	18224
P119,2	18225	18232
P4,2	18233	18240
P120,1	18241	18248
P55,1	18249	18252
P21,2	18253	18260
P122,2	18261	18268
P56,2	18269	18274
P123,2	18275	18282
P22,2	18283	18290
P124,2	18291	18298
P125,1	18299	18306
P126,2	18307	18314
P127,1	18315	18322
P58,2	18323	18330
P128,1	18331	18335
P129,2	18336	18343
P23,2	18344	18351
P130,1	18352	18357
P131,2	18358	18365
P132,1	18366	18372
P60,2	18373	18380
P133,2	18381	18388
P24,3	18389	18396
P134,2	18397	18404
P135,2	18405	18412
P61,2	18413	18420
P137,1	18421	18428
P138,2	18429	18436
P25,1	18437	18444
P139,2	18445	18452
P63,2	18453	18460
P141,2	18461	18465
P64,2	18466	18473
P143,1	18474	18481
P26,2	18482	18489
P144,2	18490	18497
P10,2	18498	18500
P146,2	18501	18508
P65,2	18509	18516
P66,2	18517	18524
P148,1	18525	18532
P67,2	18533	18540
P149,2	18541	18548
P68,2	18549	18552
P151,2	18553	18560
P28,2	18561	18568
P152,1	18569	18576
P69,1	18577	18580
P153,2	18581	18588
P154,1	18589	18596
P29,2	18597	18604
P156,1	18605	18612
P70,2	18613	18620
P157,1	18621	18628
P158,3	18629	18634
P30,2	18635	18642
P159,3	18643	18650
P160,1	18651	18658
P161,2	18659	18665
P162,2	18666	18673
P12,3	18674	18681
P31,2	18682	18689
P164,1	18690	18692
P13,2	18693	18700
P75,2	18701	18708
P169,2	18709	18716
P171,1	18717	18724
P76,2	18725	18732
P33,2	18733	18740
P173,1	18741	18748
P34,2	18749	18756
P176,2	18757	18764
P177,1	18765	18772
P78,2	18773	18780
P180,1	18781	18788
P181,2	18789	18796
P182,2	18797	18804
P183,2	18805	18812
P35,2	18813	18820
P184,1	18821	18828
P80,2	18829	18836
P185,2	18837	18844
P36,2	18845	18852
P187,1	18853	18858
P81,1	18859	18863
P188,1	18864	18871
P83,2	18872	18875
P189,2	18876	18883
P190,2	18884	18891
P84,2	18892	18899
P192,2	18900	18907
P38,2	18908	18915
P193,1	18916	18923
P85,1	18924	18931
P194,2	18932	18934
P195,2	18935	18942
P86,3	18943	18950
P15,3	18951	18958
P88,2	18959	18966
P199,1	18967	18974
P200,2	18975	18982
P7,2	18983	18990
P40,2	18991	18995
P91,2	18996	19003
P41,2	19004	19006
P92,1	19007	19014
P43,2	19015	19022
P16,2	19023	19030
P95,2	19031	19038
P44,2	19039	19046
P96,2	19047	19054
P45,1	19055	19058
P97,2	19059	19066
P46,3	19067	19074
P98,1	19075	19082
P17,2	19083	19090
P99,2	19091	19098
P100,2	19099	19106
P101,2	19107	19114
P102,2	19115	19122
P103,3	19123	19130
P48,2	19131	19138
P106,1	19139	19146
P2,2	19147	19154
P49,2	19155	19162
P107,2	19163	19170
P108,2	19171	19178
P19,3	19179	19186
P109,2	19187	19194
P50,2	19195	19202
P110,1	19203	19205
P111,1	19206	19208
P112,2	19209	19216
P113,2	19217	19224
P115,2	19225	19232
P116,3	19233	19240
P53,3	19241	19248
P118,2	19249	19256
P54,2	19257	19264
P119,2	19265	19272
P4,2	19273	19280
P120,1	19281	19288
P55,2	19289	19296
P21,2	19297	19304
P122,2	19305	19312
P123,2	19313	19320
P22,2	19321	19328
P124,2	19329	19336
P125,1	19337	19339
P126,2	19340	19347
P127,1	19348	19348
P58,2	19349	19356
P129,2	19357	19364
P23,2	19365	19367
P130,2	19368	19375
P131,2	19376	19378
P132,2	19379	19386
P60,2	19387	19394
P133,2	19395	19402
P24,3	19403	19410
P134,2	19411	19418
P135,2	19419	19421
P61,2	19422	19429
P137,1	19430	19435
P138,2	19436	19443
P25,2	19444	19451
P139,2	19452	19459
P63,2	19460	19467
P141,3	19468	19475
P64,2	19476	19483
P143,1	19484	19485
P26,2	19486	19493
P144,2	19494	19501
P146,2	19502	19509
P65,2	19510	19517
P66,2	19518	19525
P148,1	19526	19533
P67,2	19534	19541
P149,2	19542	19549
P151,2	19550	19557
P28,2	19558	19565
P152,1	19566	19573
P69,2	19574	19581
P153,2	19582	19589
P154,1	19590	19597
P29,2	19598	19604
P156,1	19605	19606
P70,2	19607	19607
P157,1	19608	19615
P30,2	19616	19623
P159,3	19624	19631
P160,1	19632	19636
P161,3	19637	19644
P162,2	19645	19652
P12,3	19653	19656
P31,2	19657	19664
P13,2	19665	19672
P75,2	19673	19680
P169,2	19681	19682
P171,1	19683	19685
P76,2	19686	19693
P33,2	19694	19700
P173,1	19701	19708
P34,2	19709	19716
P176,2	19717	19724
P177,2	19725	19732
P78,2	19733	19740
P180,1	19741	19748
P181,2	19749	19756
P182,2	19757	19764
P183,2	19765	19772
P35,2	19773	19780
P184,1	19781	19788
P80,2	19789	19796
P185,2	19797	19804
P36,2	19805	19812
P81,2	19813	19820
P188,1	19821	19828
P83,3	19829	19836
P189,2	19837	19844
P190,2	19845	19852
P84,2	19853	19860
P192,2	19861	19868
P38,2	19869	19876
P85,1	19877	19877
P194,3	19878	19885
P195,2	19886	19893
P86,3	19894	19901
P15,3	19902	19909
P88,2	19910	19917
P199,1	19918	19925
P200,2	19926	19933
P7,2	19934	19941
P40,3	19942	19949
P91,2	19950	19957
P41,3	19958	19965
P92,1	19966	19971
P43,2	19972	19979
P16,2	19980	19987
P95,2	19988	19995
P44,2	19996	20003
P96,2	20004	20011
P97,2	20012	20019
P46,3	20020	20027
P98,1	20028	20035
P17,2	20036	20043
P99,2	20044	20051
P100,2	20052	20059
P101,2	20060	20067
P102,2	20068	20075
P103,3	20076	20083
P48,2	20084	20091
P106,1	20092	20092
P2,2	20093	20100
P49,2	20101	20108
P107,2	20109	20116
P108,2	20117	20124
P19,3	20125	20132
P109,2	20133	20140
P50,2	20141	20148
P111,2	20149	20156
P112,2	20157	20164
P113,2	20165	20172
P115,2	20173	20180
P116,3	20181	20188
P53,3	20189	20196
P118,2	20197	20204
P54,2	20205	20212
P119,2	20213	20219
P4,2	20220	20227
P120,1	20228	20233
P55,2	20234	20241
P21,2	20242	20249
P122,2	20250	20257
P123,2	20258	20265
P22,2	20266	20273
P124,2	20274	20281
P125,2	20282	20289
P126,2	20290	20297
P127,2	20298	20305
P58,2	20306	20313
P129,2	20314	20321
P130,2	20322	20329
P131,3	20330	20337
P132,2	20338	20345
P60,2	20346	20353
P133,2	20354	20361
P24,3	20362	20369
P134,2	20370	20377
P61,2	20378	20385
P137,2	20386	20393
P138,2	20394	20396
P25,2	20397	20404
P139,2	20405	20412
P63,2	20413	20413
P141,3	20414	20421
P64,2	20422	20429
P143,2	20430	20437
P26,2	20438	20445
P144,2	20446	20449
P146,2	20450	20457
P65,2	20458	20465
P66,2	20466	20473
P148,1	20474	20480
P67,2	20481	20482
P149,2	20483	20490
P151,2	20491	20498
P28,2	20499	20506
P152,1	20507	20512
P69,2	20513	20520
P153,2	20521	20528
P154,2	20529	20536
P29,3	20537	20544
P156,2	20545	20552
P157,1	20553	20555
P30,2	20556	20563
P159,3	20564	20571
P161,3	20572	20579
P162,2	20580	20587
P31,2	20588	20595
P13,2	20596	20603
P75,2	20604	20611
P169,3	20612	20619
P171,2	20620	20627
P76,2	20628	20635
P33,3	20636	20643
P173,1	20644	20648
P34,2	20649	20656
P176,2	20657	20664
P177,2	20665	20672
P78,2	20673	20680
P180,1	20681	20684
P181,2	20685	20692
P182,2	20693	20700
P183,2	20701	20701
P35,2	20702	20709
P184,1	20710	20716
P80,2	20717	20724
P185,2	20725	20732
P36,2	20733	20740
P81,2	20741	20748
P188,2	20749	20756
P83,3	20757	20764
P189,2	20765	20772
P190,2	20773	20780
P84,2	20781	20788
P192,2	20789	20796
P38,2	20797	20804
P85,2	20805	20812
P194,3	20813	20820
P195,2	20821	20827
P86,3	20828	20835
P15,3	20836	20843
P88,2	20844	20851
P199,1	20852	20853
P200,2	20854	20861
P7,2	20862	20869
P40,3	20870	20877
P91,2	20878	20885
P41,3	20886	20893
P92,2	20894	20901
P43,2	20902	20909
P16,2	20910	20917
P95,2	20918	20925
P44,2	20926	20933
P96,2	20934	20941
P97,2	20942	20949
P46,3	20950	20957
P98,2	20958	20965
P17,2	20966	20973
P99,2	20974	20981
P100,2	20982	20989
P102,2	20990	20997
P103,3	20998	21005
P48,2	21006	21013
P106,2	21014	21021
P2,2	21022	21029
P49,2	21030	21037
P107,2	21038	21045
P108,2	21046	21053
P19,3	21054	21061
P109,2	21062	21069
P50,2	21070	21077
P111,2	21078	21085
P112,2	21086	21093
P113,2	21094	21101
P115,2	21102	21109
P116,3	21110	21117
P53,3	21118	21125
P118,2	21126	21133
P54,2	21134	21141
P4,2	21142	21149
P120,2	21150	21157
P55,2	21158	21165
P21,2	21166	21173
P122,2	21174	21181
P123,2	21182	21189
P22,2	21190	21195
P124,2	21196	21202
P125,2	21203	21210
P126,2	21211	21218
P127,2	21219	21226
P58,2	21227	21234
P129,2	21235	21242
P130,2	21243	21250
P131,3	21251	21258
P132,2	21259	21266
P60,2	21267	21274
P133,2	21275	21282
P24,3	21283	21290
P134,2	21291	21298
P61,2	21299	21306
P137,2	21307	21314
P25,2	21315	21322
P139,2	21323	21330
P141,3	21331	21338
P64,2	21339	21346
P143,2	21347	21354
P26,2	21355	21362
P144,3	21363	21370
P146,2	21371	21378
P65,2	21379	21386
P66,2	21387	21394
P67,3	21395	21402
P149,2	21403	21410
P151,2	21411	21418
P28,3	21419	21426
P152,2	21427	21434
P69,2	21435	21442
P153,2	21443	21450
P154,2	21451	21458
P29,3	21459	21466
P156,2	21467	21474
P30,2	21475	21482
P159,3	21483	21490
P161,3	21491	21498
P162,2	21499	21506
P31,2	21507	21514
P13,2	21515	21522
P75,2	21523	21530
P169,3	21531	21538
P171,2	21539	21546
P76,2	21547	21554
P33,3	21555	21562
P173,2	21563	21570
P34,2	21571	21578
P176,2	21579	21586
P177,2	21587	21594
P78,2	21595	21602
P181,2	21603	21610
P182,2	21611	21614
P35,2	21615	21622
P184,2	21623	21630
P80,2	21631	21638
P185,2	21639	21646
P36,2	21647	21654
P81,2	21655	21662
P188,2	21663	21670
P83,3	21671	21678
P189,2	21679	21679
P190,2	21680	21684
P84,2	21685	21691
P192,2	21692	21699
P38,2	21700	21707
P85,2	21708	21715
P194,3	21716	21723
P195,3	21724	21731
P86,3	21732	21738
P15,3	21739	21746
P88,2	21747	21754
P200,2	21755	21762
P7,2	21763	21763
P40,3	21764	21771
P91,2	21772	21776
P41,3	21777	21784
P92,2	21785	21792
P43,2	21793	21800
P16,2	21801	21806
P95,2	21807	21814
P44,2	21815	21822
P96,2	21823	21830
P97,2	21831	21838
P46,3	21839	21846
P98,2	21847	21854
P17,2	21855	21862
P99,2	21863	21870
P100,2	21871	21878
P102,2	21879	21886
P48,2	21887	21894
P106,2	21895	21902
P2,2	21903	21910
P49,3	21911	21918
P107,2	21919	21926
P108,2	21927	21934
P19,3	21935	21942
P109,2	21943	21950
P50,2	21951	21958
P111,2	21959	21966
P112,2	21967	21974
P113,2	21975	21982
P115,2	21983	21990
P116,3	21991	21998
P53,3	21999	22006
P118,2	22007	22014
P54,2	22015	22020
P4,2	22021	22028
P120,2	22029	22036
P55,2	22037	22044
P21,2	22045	22047
P122,2	22048	22055
P123,2	22056	22060
P125,2	22061	22068
P126,2	22069	22076
P127,2	22077	22084
P58,2	22085	22090
P129,2	22091	22096
P130,2	22097	22104
P131,3	22105	22112
P132,2	22113	22120
P60,2	22121	22128
P133,2	22129	22136
P24,3	22137	22144
P134,2	22145	22152
P61,2	22153	22160
P137,2	22161	22168
P25,2	22169	22176
P139,2	22177	22179
P141,3	22180	22187
P64,2	22188	22195
P143,2	22196	22203
P26,2	22204	22211
P144,3	22212	22219
P146,2	22220	22227
P65,2	22228	22235
P66,2	22236	22243
P67,3	22244	22251
P149,2	22252	22259
P151,2	22260	22267
P28,3	22268	22275
P152,2	22276	22283
P69,2	22284	22291
P153,2	22292	22299
P154,2	22300	22307
P29,3	22308	22315
P156,2	22316	22323
P30,2	22324	22331
P159,3	22332	22339
P161,3	22340	22347
P162,2	22348	22355
P31,2	22356	22363
P13,2	22364	22371
P75,2	22372	22379
P169,3	22380	22387
P171,2	22388	22395
P76,2	22396	22403
P33,3	22404	22411
P173,2	22412	22419
P34,2	22420	22427
P176,2	22428	22435
P177,2	22436	22443
P78,2	22444	22451
P181,2	22452	22459
P35,2	22460	22467
P184,2	22468	22475
P80,2	22476	22480
P185,2	22481	22488
P36,2	22489	22496
P81,2	22497	22504
P188,2	22505	22512
P83,3	22513	22520
P189,3	22521	22528
P192,2	22529	22536
P38,2	22537	22539
P85,2	22540	22547
P194,3	22548	22555
P195,3	22556	22563
P15,3	22564	22571
P88,2	22572	22579
P200,2	22580	22587
P40,3	22588	22595
P91,3	22596	22603
P41,3	22604	22611
P92,2	22612	22619
P43,2	22620	22627
P95,2	22628	22635
P44,2	22636	22643
P96,2	22644	22651
P97,2	22652	22659
P46,3	22660	22667
P98,2	22668	22675
P17,2	22676	22683
P99,2	22684	22691
P100,2	22692	22699
P102,2	22700	22705
P48,2	22706	22713
P106,2	22714	22721
P2,2	22722	22729
P49,3	22730	22737
P107,2	22738	22745
P108,2	22746	22753
P19,3	22754	22761
P109,2	22762	22769
P50,2	22770	22775
P111,2	22776	22783
P112,2	22784	22791
P113,2	22792	22799
P115,2	22800	22807
P116,3	22808	22815
P53,3	22816	22823
P118,2	22824	22831
P4,2	22832	22839
P120,2	22840	22847
P55,2	22848	22855
P122,2	22856	22863
P123,3	22864	22871
P125,2	22872	22879
P126,2	22880	22887
P127,2	22888	22895
P58,3	22896	22903
P130,2	22904	22911
P131,3	22912	22919
P132,2	22920	22927
P60,2	22928	22935
P133,2	22936	22943
P24,3	22944	22949
P134,2	22950	22957
P61,2	22958	22965
P137,2	22966	22973
P25,2	22974	22981
P139,3	22982	22989
P141,3	22990	22997
P64,2	22998	23005
P143,2	23006	23013
P26,2	23014	23021
P144,3	23022	23029
P146,2	23030	23037
P65,2	23038	23042
P66,2	23043	23050
P67,3	23051	23058
P149,2	23059	23066
P151,2	23067	23074
P28,3	23075	23082
P152,2	23083	23090
P69,2	23091	23098
P153,2	23099	23106
P154,2	23107	23114
P29,3	23115	23121
P156,2	23122	23129
P30,2	23130	23137
P159,3	23138	23145
P161,3	23146	23153
P162,2	23154	23161
P31,2	23162	23169
P13,2	23170	23177
P75,3	23178	23185
P169,3	23186	23193
P171,2	23194	23201
P76,2	23202	23209
P33,3	23210	23217
P173,2	23218	23225
P34,2	23226	23226
P176,2	23227	23234
P177,2	23235	23239
P78,2	23240	23247
P181,2	23248	23255
P35,2	23256	23263
P184,2	23264	23271
P80,3	23272	23279
P185,2	23280	23287
P36,2	23288	23295
P81,2	23296	23303
P188,2	23304	23311
P83,3	23312	23319
P189,3	23320	23327
P192,2	23328	23335
P38,3	23336	23343
P85,2	23344	23351
P194,3	23352	23357
P195,3	23358	23365
P15,3	23366	23373
P88,2	23374	23381
P200,2	23382	23389
P40,3	23390	23397
P91,3	23398	23405
P41,3	23406	23413
P92,2	23414	23421
P43,2	23422	23429
P95,2	23430	23437
P44,2	23438	23445
P96,2	23446	23453
P97,2	23454	23461
P46,3	23462	23467
P98,2	23468	23475
P17,2	23476	23483
P99,2	23484	23491
P100,2	23492	23499
P102,3	23500	23507
P48,2	23508	23515
P106,2	23516	23523
P2,2	23524	23531
P49,3	23532	23539
P107,2	23540	23547
P108,2	23548	23555
P19,3	23556	23563
P109,2	23564	23571
P50,3	23572	23579
P111,2	23580	23587
P112,2	23588	23595
P113,2	23596	23603
P115,2	23604	23611
P116,3	23612	23619
P53,3	23620	23627
P118,2	23628	23635
P4,2	23636	23639
P120,2	23640	23647
P55,2	23648	23655
P122,2	23656	23661
P123,3	23662	23669
P125,2	23670	23677
P126,2	23678	23685
P127,2	23686	23693
P58,3	23694	23701
P130,2	23702	23709
P131,3	23710	23717
P132,2	23718	23725
P60,2	23726	23733
P133,2	23734	23741
P134,2	23742	23749
P61,2	23750	23757
P137,2	23758	23765
P25,2	23766	23773
P139,3	23774	23781
P141,3	23782	23783
P64,2	23784	23791
P143,2	23792	23799
P26,2	23800	23807
P144,3	23808	23815
P65,3	23816	23823
P146,3	23824	23831
P66,2	23832	23839
P67,3	23840	23847
P149,3	23848	23855
P151,2	23856	23863
P28,3	23864	23871
P152,2	23872	23879
P69,2	23880	23887
P153,2	23888	23895
P154,2	23896	23903
P156,2	23904	23911
P30,2	23912	23912
P159,3	23913	23916
P161,3	23917	23924
P162,2	23925	23932
P31,2	23933	23937
P75,3	23938	23945
P169,3	23946	23947
P171,2	23948	23955
P76,2	23956	23963
P33,3	23964	23971
P173,2	23972	23979
P34,3	23980	23987
P176,2	23988	23995
P177,3	23996	24003
P78,2	24004	24008
P181,2	24009	24016
P35,2	24017	24024
P184,2	24025	24032
P80,3	24033	24040
P185,2	24041	24048
P36,2	24049	24052
P81,2	24053	24060
P188,2	24061	24068
P83,3	24069	24076
P189,3	24077	24084
P192,2	24085	24091
P38,3	24092	24099
P85,2	24100	24107
P195,3	24108	24115
P15,3	24116	24123
P88,2	24124	24131
P200,2	24132	24139
P40,3	24140	24147
P91,3	24148	24155
P41,3	24156	24163
P92,2	24164	24171
P43,3	24172	24179
P95,2	24180	24181
P44,2	24182	24186
P96,2	24187	24194
P97,2	24195	24202
P98,2	24203	24210
P17,2	24211	24218
P99,2	24219	24226
P100,2	24227	24234
P102,3	24235	24242
P48,2	24243	24250
P106,2	24251	24258
P2,2	24259	24259
P49,3	24260	24267
P107,2	24268	24275
P19,3	24276	24283
P109,2	24284	24291
P50,3	24292	24299
P111,2	24300	24307
P112,3	24308	24315
P113,2	24316	24317
P115,2	24318	24325
P116,3	24326	24333
P53,3	24334	24341
P118,2	24342	24349
P4,3	24350	24357
P120,2	24358	24365
P55,2	24366	24373
P122,3	24374	24381
P123,3	24382	24389
P125,2	24390	24397
P126,2	24398	24405
P127,2	24406	24413
P58,3	24414	24421
P130,2	24422	24429
P131,3	24430	24437
P132,2	24438	24441
P60,2	24442	24444
P133,2	24445	24451
P134,2	24452	24455
P61,2	24456	24463
P137,2	24464	24471
P25,2	24472	24479
P139,3	24480	24487
P64,2	24488	24495
P143,2	24496	24503
P26,2	24504	24511
P144,3	24512	24519
P65,3	24520	24527
P146,3	24528	24535
P66,2	24536	24543
P67,3	24544	24551
P149,3	24552	24559
P151,2	24560	24563
P28,3	24564	24571
P152,2	24572	24579
P69,2	24580	24587
P153,2	24588	24595
P154,2	24596	24602
P156,2	24603	24610
P30,3	24611	24618
P161,3	24619	24626
P162,2	24627	24634
P31,3	24635	24642
P75,3	24643	24650
P171,2	24651	24653
P76,2	24654	24661
P33,3	24662	24669
P173,2	24670	24677
P34,3	24678	24685
P176,2	24686	24693
P177,3	24694	24701
P78,3	24702	24709
P181,2	24710	24717
P35,2	24718	24725
P184,2	24726	24733
P80,3	24734	24741
P185,2	24742	24744
P81,2	24745	24752
P188,2	24753	24760
P83,3	24761	24768
P189,3	24769	24776
P38,3	24777	24784
P85,2	24785	24792
P195,3	24793	24800
P15,3	24801	24802
P88,2	24803	24807
P200,2	24808	24815
P40,3	24816	24823
P91,3	24824	24831
P41,3	24832	24839
P92,2	24840	24847
P43,3	24848	24855
P95,3	24856	24863
P96,2	24864	24871
P97,2	24872	24879
P98,2	24880	24881
P17,2	24882	24889
P99,2	24890	24897
P100,2	24898	24905
P102,3	24906	24913
P48,2	24914	24920
P106,2	24921	24928
P49,3	24929	24936
P107,2	24937	24944
P19,3	24945	24952
P109,2	24953	24960
P50,3	24961	24968
P111,2	24969	24976
P112,3	24977	24984
P115,2	24985	24992
P116,3	24993	24993
P53,3	24994	25001
P118,2	25002	25009
P4,3	25010	25017
P120,2	25018	25025
P55,2	25026	25030
P122,3	25031	25038
P123,3	25039	25046
P125,2	25047	25054
P126,2	25055	25062
P127,2	25063	25070
P58,3	25071	25078
P130,2	25079	25086
P131,3	25087	25094
P132,3	25095	25102
P133,3	25103	25110
P61,2	25111	25118
P137,2	25119	25119
P25,2	25120	25127
P139,3	25128	25135
P64,2	25136	25143
P143,2	25144	25151
P26,2	25152	25159
P144,3	25160	25167
P65,3	25168	25175
P146,3	25176	25183
P66,2	25184	25188
P67,3	25189	25196
P149,3	25197	25204
P28,3	25205	25212
P152,2	25213	25220
P69,2	25221	25228
P153,2	25229	25236
P156,2	25237	25244
P30,3	25245	25252
P161,3	25253	25260
P162,2	25261	25268
P31,3	25269	25276
P75,3	25277	25284
P76,2	25285	25292
P33,3	25293	25300
P173,2	25301	25308
P34,3	25309	25316
P176,2	25317	25324
P177,3	25325	25332
P78,3	25333	25340
P181,2	25341	25348
P35,2	25349	25356
P184,2	25357	25364
P80,3	25365	25372
P81,2	25373	25380
P188,2	25381	25388
P83,3	25389	25396
P189,3	25397	25404
P38,3	25405	25412
P85,2	25413	25420
P195,3	25421	25428
P200,2	25429	25436
P40,3	25437	25444
P91,3	25445	25452
P41,3	25453	25460
P92,2	25461	25468
P43,3	25469	25476
P95,3	25477	25484
P96,2	25485	25492
P97,2	25493	25499
P17,2	25500	25505
P99,2	25506	25513
P100,2	25514	25521
P102,3	25522	25529
P106,2	25530	25537
P49,3	25538	25545
P107,2	25546	25553
P19,3	25554	25561
P109,2	25562	25568
P50,3	25569	25574
P111,2	25575	25582
P112,3	25583	25590
P115,2	25591	25595
P53,3	25596	25599
P118,2	25600	25607
P4,3	25608	25615
P120,2	25616	25623
P122,3	25624	25631
P123,3	25632	25639
P125,2	25640	25641
P126,2	25642	25649
P127,2	25650	25657
P58,3	25658	25660
P130,2	25661	25668
P131,3	25669	25676
P132,3	25677	25684
P133,3	25685	25692
P61,2	25693	25700
P137,3	25701	25708
P25,2	25709	25716
P139,3	25717	25724
P64,2	25725	25732
P143,2	25733	25740
P26,2	25741	25748
P144,3	25749	25754
P65,3	25755	25762
P146,3	25763	25770
P66,3	25771	25778
P67,3	25779	25786
P149,3	25787	25794
P28,3	25795	25802
P152,2	25803	25810
P69,2	25811	25818
P153,2	25819	25826
P156,2	25827	25834
P30,3	25835	25842
P161,3	25843	25850
P162,2	25851	25858
P31,3	25859	25866
P75,3	25867	25871
P33,3	25872	25879
P173,2	25880	25887
P34,3	25888	25895
P176,2	25896	25903
P177,3	25904	25911
P78,3	25912	25919
P181,2	25920	25927
P35,2	25928	25929
P184,2	25930	25937
P80,3	25938	25945
P81,2	25946	25953
P188,2	25954	25961
P83,3	25962	25969
P189,3	25970	25977
P38,3	25978	25985
P85,2	25986	25993
P195,3	25994	26001
P200,2	26002	26009
P40,3	26010	26017
P91,3	26018	26018
P92,2	26019	26019
P43,3	26020	26027
P95,3	26028	26035
P96,2	26036	26037
P97,3	26038	26045
P17,3	26046	26053
P99,2	26054	26061
P100,2	26062	26069
P102,3	26070	26077
P106,2	26078	26079
P49,3	26080	26087
P107,2	26088	26095
P19,3	26096	26103
P111,2	26104	26110
P112,3	26111	26118
P118,2	26119	26126
P4,3	26127	26134
P120,2	26135	26142
P122,3	26143	26150
P123,3	26151	26158
P126,2	26159	26166
P127,2	26167	26174
P130,2	26175	26182
P131,3	26183	26183
P132,3	26184	26191
P133,3	26192	26199
P61,2	26200	26207
P137,3	26208	26215
P25,2	26216	26223
P139,3	26224	26231
P64,2	26232	26239
P143,2	26240	26247
P26,2	26248	26255
P65,3	26256	26263
P146,3	26264	26271
P66,3	26272	26279
P67,3	26280	26287
P149,3	26288	26295
P28,3	26296	26301
P152,2	26302	26309
P69,2	26310	26317
P153,2	26318	26324
P156,2	26325	26332
P30,3	26333	26340
P161,3	26341	26348
P162,2	26349	26356
P31,3	26357	26364
P33,3	26365	26372
P173,2	26373	26380
P34,3	26381	26388
P176,2	26389	26396
P177,3	26397	26404
P78,3	26405	26412
P181,2	26413	26420
P184,2	26421	26428
P80,3	26429	26432
P81,2	26433	26440
P188,2	26441	26448
P83,3	26449	26456
P189,3	26457	26464
P38,3	26465	26472
P85,2	26473	26474
P195,3	26475	26482
P200,2	26483	26490
P40,3	26491	26498
P43,3	26499	26506
P95,3	26507	26514
P96,3	26515	26522
P97,3	26523	26530
P17,3	26531	26538
P99,2	26539	26546
P100,2	26547	26554
P102,3	26555	26562
P49,3	26563	26570
P107,2	26571	26573
P19,3	26574	26581
P111,3	26582	26589
P112,3	26590	26596
P118,2	26597	26604
P4,3	26605	26612
P120,2	26613	26620
P122,3	26621	26628
P123,3	26629	26636
P126,2	26637	26638
P127,2	26639	26646
P130,2	26647	26654
P132,3	26655	26662
P133,3	26663	26670
P61,2	26671	26672
P137,3	26673	26680
P25,2	26681	26688
P139,3	26689	26696
P64,2	26697	26704
P143,2	26705	26706
P26,2	26707	26708
P65,3	26709	26716
P146,3	26717	26724
P66,3	26725	26732
P67,3	26733	26740
P149,3	26741	26748
P152,2	26749	26756
P69,2	26757	26764
P156,2	26765	26772
P30,3	26773	26780
P161,3	26781	26788
P162,2	26789	26796
P31,3	26797	26804
P33,3	26805	26812
P173,2	26813	26820
P34,3	26821	26828
P176,2	26829	26833
P177,3	26834	26841
P78,3	26842	26849
P181,2	26850	26857
P184,2	26858	26860
P81,2	26861	26868
P188,2	26869	26876
P83,3	26877	26884
P189,3	26885	26892
P38,3	26893	26900
P195,3	26901	26908
P200,2	26909	26916
P40,3	26917	26924
P43,3	26925	26932
P95,3	26933	26940
P96,3	26941	26948
P97,3	26949	26956
P17,3	26957	26964
P99,2	26965	26969
P100,2	26970	26974
P102,3	26975	26982
P49,3	26983	26985
P107,3	26986	26993
P19,3	26994	27000
P111,3	27001	27008
P118,2	27009	27016
P4,3	27017	27024
P120,2	27025	27032
P122,3	27033	27040
P123,3	27041	27048
P127,2	27049	27056
P130,2	27057	27064
P132,3	27065	27069
P133,3	27070	27077
P61,3	27078	27085
P137,3	27086	27093
P25,2	27094	27101
P139,3	27102	27109
P64,2	27110	27117
P143,3	27118	27125
P65,3	27126	27133
P146,3	27134	27141
P66,3	27142	27149
P67,3	27150	27157
P149,3	27158	27165
P69,2	27166	27170
P156,2	27171	27178
P30,3	27179	27186
P161,3	27187	27194
P162,2	27195	27200
P31,3	27201	27208
P33,3	27209	27216
P173,2	27217	27224
P34,3	27225	27232
P177,3	27233	27235
P78,3	27236	27243
P181,2	27244	27251
P184,3	27252	27259
P81,2	27260	27265
P188,2	27266	27273
P83,3	27274	27281
P189,3	27282	27289
P38,3	27290	27297
P195,3	27298	27305
P200,2	27306	27307
P40,3	27308	27310
P43,3	27311	27318
P95,3	27319	27326
P96,3	27327	27334
P97,3	27335	27342
P17,3	27343	27350
P99,3	27351	27358
P100,3	27359	27366
P102,3	27367	27374
P107,3	27375	27382
P111,3	27383	27390
P118,2	27391	27398
P4,3	27399	27406
P120,3	27407	27414
P122,3	27415	27422
P123,3	27423	27430
P127,2	27431	27438
P130,2	27439	27446
P133,3	27447	27454
P61,3	27455	27462
P137,3	27463	27470
P25,2	27471	27478
P139,3	27479	27486
P64,2	27487	27488
P143,3	27489	27496
P65,3	27497	27504
P146,3	27505	27512
P66,3	27513	27520
P67,3	27521	27522
P149,3	27523	27530
P156,2	27531	27538
P30,3	27539	27542
P161,3	27543	27545
P162,3	27546	27553
P31,3	27554	27560
P33,3	27561	27568
P173,2	27569	27576
P34,3	27577	27584
P78,3	27585	27592
P181,3	27593	27600
P184,3	27601	27608
P81,3	27609	27616
P188,2	27617	27622
P83,3	27623	27623
P189,3	27624	27631
P38,3	27632	27639
P195,3	27640	27647
P200,3	27648	27655
P43,3	27656	27662
P95,3	27663	27670
P96,3	27671	27678
P97,3	27679	27686
P17,3	27687	27694
P99,3	27695	27702
P100,3	27703	27710
P102,3	27711	27718
P107,3	27719	27726
P111,3	27727	27734
P118,2	27735	27742
P4,3	27743	27750
P120,3	27751	27758
P122,3	27759	27766
P123,3	27767	27774
P127,2	27775	27782
P130,2	27783	27783
P133,3	27784	27791
P61,3	27792	27799
P137,3	27800	27804
P25,2	27805	27811
P139,3	27812	27819
P64,3	27820	27827
P143,3	27828	27835
P65,3	27836	27837
P146,3	27838	27839
P66,3	27840	27847
P149,3	27848	27855
P162,3	27856	27863
P33,3	27864	27871
P173,2	27872	27879
P34,3	27880	27887
P78,3	27888	27892
P181,3	27893	27900
P184,3	27901	27908
P81,3	27909	27916
P189,3	27917	27921
P38,3	27922	27929
P195,3	27930	27937
P200,3	27938	27945
P95,3	27946	27952
P96,3	27953	27960
P97,3	27961	27968
P17,3	27969	27976
P99,3	27977	27984
P100,3	27985	27992
P102,3	27993	28000
P107,3	28001	28008
P111,3	28009	28016
P118,2	28017	28019
P4,3	28020	28027
P120,3	28028	28035
P122,3	28036	28043
P123,3	28044	28044
P127,2	28045	28052
P133,3	28053	28060
P61,3	28061	28068
P25,3	28069	28076
P139,3	28077	28081
P64,3	28082	28089
P143,3	28090	28097
P66,3	28098	28105
P149,3	28106	28113
P162,3	28114	28121
P33,3	28122	28129
P173,2	28130	28130
P34,3	28131	28138
P181,3	28139	28146
P184,3	28147	28154
P81,3	28155	28162
P38,3	28163	28170
P195,3	28171	28178
P200,3	28179	28186
P96,3	28187	28194
P97,3	28195	28202
P17,3	28203	28210
P99,3	28211	28218
P100,3	28219	28226
P102,3	28227	28234
P107,3	28235	28242
P111,3	28243	28250
P4,3	28251	28258
P120,3	28259	28266
P122,3	28267	28274
P127,2	28275	28278
P133,3	28279	28285
P61,3	28286	28293
P25,3	28294	28301
P64,3	28302	28309
P143,3	28310	28317
P66,3	28318	28325
P149,3	28326	28333
P162,3	28334	28341
P33,3	28342	28347
P173,3	28348	28355
P34,3	28356	28357
P181,3	28358	28365
P184,3	28366	28373
P81,3	28374	28381
P38,3	28382	28389
P195,3	28390	28393
P200,3	28394	28401
P96,3	28402	28409
P97,3	28410	28417
P17,3	28418	28425
P99,3	28426	28432
P100,3	28433	28440
P102,3	28441	28448
P107,3	28449	28456
P111,3	28457	28464
P4,3	28465	28472
P120,3	28473	28480
P122,3	28481	28488
P127,3	28489	28496
P61,3	28497	28504
P25,3	28505	28512
P64,3	28513	28520
P143,3	28521	28528
P66,3	28529	28536
P149,3	28537	28544
P162,3	28545	28552
P173,3	28553	28560
P181,3	28561	28568
P184,3	28569	28571
P81,3	28572	28579
P38,3	28580	28587
P200,3	28588	28595
P96,3	28596	28603
P97,3	28604	28608
P17,3	28609	28614
P100,3	28615	28622
P102,3	28623	28630
P107,3	28631	28638
P111,3	28639	28646
P4,3	28647	28654
P120,3	28655	28660
P122,3	28661	28668
P127,3	28669	28676
P61,3	28677	28684
P25,3	28685	28692
P64,3	28693	28700
P143,3	28701	28708
P66,3	28709	28716
P149,3	28717	28724
P162,3	28725	28732
P173,3	28733	28740
P181,3	28741	28748
P81,3	28749	28756
P38,3	28757	28764
P200,3	28765	28772
P96,3	28773	28780
P100,3	28781	28788
P102,3	28789	28792
P107,3	28793	28800
P111,3	28801	28808
P4,3	28809	28816
P122,3	28817	28819
P127,3	28820	28827
P61,3	28828	28835
P25,3	28836	28843
P64,3	28844	28851
P143,3	28852	28859
P66,3	28860	28865
P149,3	28866	28873
P162,3	28874	28881
P173,3	28882	28889
P181,3	28890	28897
P81,3	28898	28902
P38,3	28903	28910
P200,3	28911	28918
P96,3	28919	28926
P100,3	28927	28934
P107,3	28935	28942
P111,3	28943	28950
P4,3	28951	28958
P127,3	28959	28966
P61,3	28967	28972
P25,3	28973	28980
P64,3	28981	28988
P143,3	28989	28996
P149,3	28997	28998
P162,3	28999	29006
P173,3	29007	29013
P181,3	29014	29021
P200,3	29022	29029
P96,3	29030	29037
P100,3	29038	29045
P107,3	29046	29053
P111,3	29054	29061
P4,3	29062	29068
P127,3	29069	29076
P25,3	29077	29078
P64,3	29079	29079
P143,3	29080	29087
P162,3	29088	29095
P181,3	29096	29103
P200,3	29104	29111
P96,3	29112	29119
P100,3	29120	29126
P107,3	29127	29134
P111,3	29135	29138
P127,3	29139	29146
P143,3	29147	29154
P162,3	29155	29162
P181,3	29163	29170
P200,3	29171	29178
P96,3	29179	29179
P107,3	29180	29187
P127,3	29188	29195
P162,3	29196	29203
P181,3	29204	29211
P200,3	29212	29219
P107,3	29220	29227
P127,3	29228	29235
P162,3	29236	29243
P181,3	29244	29251
P200,3	29252	29259
P107,3	29260	29267
P127,3	29268	29275
P162,3	29276	29283
P181,3	29284	29291
P200,3	29292	29299
P107,3	29300	29303
P127,3	29304	29311
P162,3	29312	29319
P200,3	29320	29324
P127,3	29325	29332
P162,3	29333	29337
P127,3	29338	29353
