CPU0
P1,1	10	25
P3,1	26	41
P4,1	42	57
P6,1	58	73
P3,1	74	87
P1,1	88	93
P8,1	94	109
P9,1	110	125
P6,1	126	141
P11,1	142	157
P12,1	158	173
P14,1	174	189
P7,1	190	205
P17,1	206	221
P8,1	222	237
P4,1	238	253
P21,1	254	269
P9,1	270	285
P5,1	286	291
P6,1	292	307
P25,1	308	323
P11,1	324	339
P2,1	340	355
P29,1	356	371
P30,1	372	387
P31,1	388	403
P33,1	404	419
P34,1	420	435
P35,1	436	451
P37,1	452	467
P7,1	468	483
P39,1	484	499
P41,1	500	515
P42,1	516	531
P43,1	532	547
P45,1	548	563
P8,1	564	579
P19,1	580	595
P49,1	596	611
P20,1	612	627
P51,1	628	643
P21,1	644	659
P22,1	660	675
P55,1	676	691
P23,1	692	707
P57,1	708	723
P24,1	724	739
P6,1	740	755
P10,1	756	757
P61,1	758	773
P62,1	774	789
P63,1	790	805
P64,1	806	821
P2,1	822	837
P66,1	838	853
P29,1	854	869
P68,1	870	885
P30,1	886	901
P13,1	902	917
P31,1	918	933
P32,1	934	949
P73,1	950	965
P74,1	966	981
P75,1	982	997
P15,1	998	1013
P77,1	1014	1029
P79,1	1030	1045
P37,1	1046	1061
P38,1	1062	1077
P7,1	1078	1093
P83,1	1094	1109
P16,1	1110	1125
P39,1	1126	1141
P87,1	1142	1157
P40,1	1158	1173
P89,1	1174	1189
P90,1	1190	1205
P91,1	1206	1221
P43,1	1222	1237
P93,1	1238	1253
P94,1	1254	1269
P95,1	1270	1285
P96,1	1286	1301
P97,1	1302	1317
P47,1	1318	1333
P99,1	1334	1349
P101,1	1350	1365
P102,1	1366	1381
P103,1	1382	1397
P4,1	1398	1404
P105,1	1405	1420
P107,1	1421	1436
P50,1	1437	1452
P109,1	1453	1468
P52,1	1469	1483
P21,1	1484	1499
P113,1	1500	1515
P53,1	1516	1531
P115,1	1532	1547
P54,1	1548	1563
P55,1	1564	1579
P119,1	1580	1595
P23,1	1596	1606
P56,1	1607	1622
P121,1	1623	1638
P58,1	1639	1654
P24,1	1655	1670
P125,1	1671	1686
P59,1	1687	1702
P10,2	1703	1718
P129,1	1719	1734
P130,1	1735	1750
P61,1	1751	1766
P25,1	1767	1782
P62,1	1783	1798
P134,1	1799	1814
P63,1	1815	1828
P136,1	1829	1844
P137,1	1845	1860
P64,1	1861	1876
P27,1	1877	1886
P2,1	1887	1887
P141,1	1888	1903
P66,1	1904	1919
P143,1	1920	1935
P144,1	1936	1951
P145,1	1952	1967
P67,1	1968	1983
P147,1	1984	1999
P148,1	2000	2015
P30,1	2016	2031
P70,1	2032	2047
P13,1	2048	2063
P152,1	2064	2079
P31,1	2080	2095
P154,1	2096	2111
P72,1	2112	2127
P32,1	2128	2140
P33,1	2141	2156
P73,1	2157	2172
P160,1	2173	2188
P161,1	2189	2204
P74,1	2205	2219
P164,1	2220	2235
P165,1	2236	2251
P166,1	2252	2267
P76,1	2268	2283
P168,1	2284	2299
P170,1	2300	2315
P77,1	2316	2331
P172,1	2332	2347
P79,1	2348	2363
P36,1	2364	2373
P37,1	2374	2389
P176,1	2390	2405
P178,1	2406	2421
P179,1	2422	2437
P180,1	2438	2453
P182,1	2454	2469
P183,1	2470	2485
P184,1	2486	2501
P186,1	2502	2517
P83,1	2518	2533
P84,1	2534	2549
P188,1	2550	2565
P85,1	2566	2581
P39,1	2582	2597
P192,1	2598	2613
P87,1	2614	2629
P194,1	2630	2645
P88,1	2646	2661
P196,1	2662	2677
P89,1	2678	2693
P198,1	2694	2709
P199,1	2710	2725
P200,1	2726	2741
P18,1	2742	2757
P92,1	2758	2773
P44,1	2774	2789
P45,1	2790	2805
P96,1	2806	2821
P8,1	2822	2827
P97,1	2828	2843
P47,1	2844	2859
P100,1	2860	2875
P48,1	2876	2891
P49,1	2892	2895
P103,1	2896	2911
P4,2	2912	2927
P106,1	2928	2943
P108,1	2944	2959
P51,1	2960	2975
P110,1	2976	2991
P21,1	2992	3007
P113,1	3008	3023
P53,1	3024	3025
P22,1	3026	3041
P116,1	3042	3057
P117,1	3058	3073
P118,1	3074	3089
P9,1	3090	3095
P120,1	3096	3111
P57,1	3112	3127
P122,1	3128	3143
P123,1	3144	3158
P124,1	3159	3174
P126,1	3175	3190
P127,1	3191	3206
P128,1	3207	3222
P60,1	3223	3235
P130,1	3236	3251
P61,1	3252	3267
P25,1	3268	3283
P62,1	3284	3299
P134,1	3300	3315
P63,2	3316	3331
P11,1	3332	3347
P138,1	3348	3363
P139,1	3364	3379
P2,2	3380	3395
P65,1	3396	3411
P142,1	3412	3427
P28,2	3428	3443
P29,1	3444	3459
P146,1	3460	3473
P68,1	3474	3483
P12,2	3484	3499
P69,1	3500	3515
P149,1	3516	3531
P150,1	3532	3547
P151,1	3548	3563
P71,1	3564	3568
P153,1	3569	3584
P155,1	3585	3600
P156,1	3601	3616
P32,2	3617	3632
P158,1	3633	3648
P159,1	3649	3664
P14,1	3665	3680
P162,1	3681	3696
P164,1	3697	3712
P165,1	3713	3728
P166,1	3729	3744
P76,1	3745	3760
P168,1	3761	3776
P170,1	3777	3792
P77,1	3793	3808
P172,1	3809	3824
P79,1	3825	3840
P36,2	3841	3856
P37,1	3857	3872
P176,1	3873	3888
P178,1	3889	3904
P179,1	3905	3920
P180,1	3921	3936
P182,1	3937	3952
P183,1	3953	3968
P184,1	3969	3984
P186,1	3985	4000
P83,1	4001	4008
P84,1	4009	4024
P188,1	4025	4040
P85,1	4041	4056
P39,1	4057	4060
P191,1	4061	4076
P86,1	4077	4092
P193,1	4093	4108
P195,1	4109	4124
P40,2	4125	4140
P41,1	4141	4153
P197,1	4154	4169
P17,1	4170	4175
P90,1	4176	4191
P91,1	4192	4207
P43,1	4208	4213
P93,1	4214	4227
P94,1	4228	4243
P95,1	4244	4259
P46,2	4260	4275
P98,1	4276	4291
P47,1	4292	4307
P100,1	4308	4323
P48,1	4324	4339
P49,2	4340	4355
P4,2	4356	4371
P106,1	4372	4387
P108,1	4388	4403
P51,1	4404	4419
P110,1	4420	4435
P21,1	4436	4451
P113,1	4452	4467
P53,2	4468	4483
P116,1	4484	4498
P117,1	4499	4514
P118,1	4515	4530
P23,2	4531	4546
P56,1	4547	4562
P121,1	4563	4578
P58,1	4579	4594
P24,2	4595	4610
P125,1	4611	4626
P59,1	4627	4642
P10,2	4643	4658
P129,1	4659	4674
P130,1	4675	4690
P61,1	4691	4706
P25,1	4707	4722
P26,1	4723	4738
P135,1	4739	4750
P136,1	4751	4766
P137,1	4767	4782
P64,1	4783	4798
P140,1	4799	4814
P141,1	4815	4823
P65,1	4824	4839
P142,1	4840	4855
P28,2	4856	4871
P29,1	4872	4874
P146,2	4875	4890
P68,2	4891	4906
P148,1	4907	4922
P30,1	4923	4938
P70,2	4939	4954
P13,1	4955	4970
P152,1	4971	4986
P153,1	4987	5002
P155,1	5003	5018
P156,1	5019	5034
P32,2	5035	5050
P159,1	5051	5066
P14,1	5067	5081
P162,1	5082	5097
P164,1	5098	5113
P75,2	5114	5129
P167,1	5130	5145
P15,2	5146	5161
P169,1	5162	5177
P35,1	5178	5193
P172,1	5194	5209
P79,1	5210	5225
P36,2	5226	5241
P37,1	5242	5242
P175,1	5243	5258
P177,1	5259	5274
P80,2	5275	5290
P38,1	5291	5306
P181,1	5307	5322
P81,1	5323	5338
P7,2	5339	5354
P185,1	5355	5370
P82,1	5371	5379
P83,2	5380	5395
P84,1	5396	5411
P188,1	5412	5427
P85,1	5428	5443
P192,1	5444	5459
P193,1	5460	5475
P195,1	5476	5491
P196,1	5492	5507
P41,2	5508	5523
P198,1	5524	5539
P199,1	5540	5555
P91,1	5556	5562
P43,2	5563	5578
P44,2	5579	5594
P45,1	5595	5610
P96,1	5611	5626
P97,1	5627	5641
P19,2	5642	5657
P99,1	5658	5673
P101,1	5674	5689
P102,1	5690	5705
P49,2	5706	5721
P4,2	5722	5737
P106,1	5738	5753
P108,1	5754	5766
P51,1	5767	5780
P109,1	5781	5796
P111,1	5797	5812
P112,1	5813	5826
P114,1	5827	5842
P53,2	5843	5858
P116,2	5859	5874
P55,1	5875	5890
P119,1	5891	5906
P120,1	5907	5922
P57,1	5923	5938
P122,1	5939	5946
P123,2	5947	5962
P124,2	5963	5978
P126,1	5979	5994
P127,1	5995	6010
P128,1	6011	6026
P60,2	6027	6042
P131,1	6043	6058
P132,1	6059	6074
P25,1	6075	6090
P26,1	6091	6095
P134,1	6096	6111
P63,2	6112	6127
P11,1	6128	6143
P138,1	6144	6145
P64,1	6146	6161
P140,1	6162	6177
P141,2	6178	6193
P66,1	6194	6195
P143,1	6196	6211
P144,1	6212	6222
P29,2	6223	6238
P67,1	6239	6254
P12,2	6255	6260
P69,1	6261	6276
P149,1	6277	6292
P150,1	6293	6308
P151,1	6309	6311
P152,1	6312	6327
P153,1	6328	6343
P155,1	6344	6359
P157,1	6360	6375
P158,2	6376	6391
P159,2	6392	6407
P161,1	6408	6423
P164,1	6424	6439
P165,1	6440	6455
P166,1	6456	6471
P76,1	6472	6487
P168,1	6488	6496
P169,1	6497	6500
P77,2	6501	6516
P172,1	6517	6525
P78,1	6526	6526
P79,1	6527	6542
P36,2	6543	6558
P176,1	6559	6574
P178,1	6575	6590
P179,1	6591	6606
P180,1	6607	6622
P182,1	6623	6629
P81,1	6630	6645
P7,2	6646	6661
P185,1	6662	6677
P83,2	6678	6693
P84,1	6694	6709
P188,1	6710	6725
P190,2	6726	6741
P191,1	6742	6755
P192,1	6756	6771
P194,1	6772	6781
P195,1	6782	6797
P196,1	6798	6813
P41,2	6814	6829
P17,2	6830	6845
P199,1	6846	6861
P91,2	6862	6877
P43,2	6878	6893
P44,2	6894	6909
P45,1	6910	6925
P96,1	6926	6941
P97,2	6942	6957
P19,2	6958	6971
P99,1	6972	6987
P101,1	6988	6994
P102,1	6995	6999
P103,2	7000	7014
P104,1	7015	7030
P105,1	7031	7031
P106,1	7032	7047
P108,2	7048	7063
P109,1	7064	7071
P110,1	7072	7087
P21,1	7088	7102
P112,2	7103	7118
P22,2	7119	7134
P115,1	7135	7150
P116,2	7151	7166
P118,1	7167	7182
P120,1	7183	7198
P57,1	7199	7202
P122,2	7203	7218
P24,2	7219	7230
P125,1	7231	7246
P59,1	7247	7251
P10,2	7252	7267
P129,1	7268	7277
P60,2	7278	7293
P131,1	7294	7296
P132,1	7297	7312
P25,1	7313	7328
P62,1	7329	7344
P135,2	7345	7360
P11,1	7361	7364
P137,1	7365	7380
P64,1	7381	7395
P140,1	7396	7411
P141,2	7412	7427
P66,2	7428	7443
P144,2	7444	7459
P29,2	7460	7475
P67,1	7476	7477
P68,2	7478	7493
P148,1	7494	7509
P30,2	7510	7525
P70,2	7526	7541
P13,2	7542	7557
P152,1	7558	7573
P154,1	7574	7589
P156,1	7590	7605
P33,2	7606	7621
P32,2	7622	7632
P160,1	7633	7648
P164,1	7649	7664
P165,1	7665	7680
P166,1	7681	7694
P76,1	7695	7710
P169,2	7711	7726
P78,2	7727	7742
P79,1	7743	7743
P173,1	7744	7759
P175,1	7760	7760
P176,1	7761	7769
P178,1	7770	7785
P179,1	7786	7796
P38,1	7797	7810
P182,2	7811	7826
P81,1	7827	7842
P7,2	7843	7858
P185,1	7859	7861
P186,1	7862	7864
P187,1	7865	7880
P16,2	7881	7896
P189,2	7897	7912
P85,1	7913	7928
P192,1	7929	7940
P194,2	7941	7956
P195,1	7957	7962
P40,2	7963	7978
P41,2	7979	7994
P90,2	7995	8010
P200,1	8011	8026
P18,2	8027	8031
P43,2	8032	8047
P44,2	8048	8063
P45,1	8064	8079
P96,1	8080	8086
P98,1	8087	8102
P47,1	8103	8108
P99,1	8109	8124
P102,2	8125	8140
P103,3	8141	8156
P104,1	8157	8172
P106,1	8173	8188
P108,2	8189	8204
P50,2	8205	8220
P111,1	8221	8236
P113,2	8237	8252
P114,1	8253	8260
P22,2	8261	8276
P54,2	8277	8292
P116,3	8293	8308
P118,1	8309	8324
P56,2	8325	8338
P122,2	8339	8354
P123,2	8355	8370
P124,2	8371	8386
P126,2	8387	8402
P10,2	8403	8405
P129,2	8406	8421
P130,1	8422	8437
P61,1	8438	8445
P132,1	8446	8461
P25,1	8462	8469
P62,1	8470	8472
P134,1	8473	8486
P63,2	8487	8502
P138,2	8503	8518
P139,1	8519	8525
P140,1	8526	8537
P141,2	8538	8553
P66,2	8554	8569
P144,2	8570	8585
P29,2	8586	8601
P146,2	8602	8617
P12,3	8618	8633
P69,1	8634	8645
P149,2	8646	8661
P150,1	8662	8674
P151,2	8675	8690
P152,1	8691	8706
P154,1	8707	8722
P156,1	8723	8738
P33,2	8739	8754
P159,3	8755	8770
P160,1	8771	8786
P162,2	8787	8802
P165,1	8803	8809
P167,1	8810	8825
P35,2	8826	8841
P77,2	8842	8856
P78,2	8857	8872
P173,1	8873	8888
P176,2	8889	8904
P80,2	8905	8920
P180,1	8921	8936
P181,1	8937	8938
P183,2	8939	8954
P184,1	8955	8970
P83,2	8971	8986
P84,2	8987	9002
P188,1	9003	9018
P190,2	9019	9034
P86,2	9035	9043
P193,1	9044	9059
P195,2	9060	9075
P40,2	9076	9088
P17,2	9089	9104
P200,1	9105	9120
P43,2	9121	9136
P44,2	9137	9152
P45,1	9153	9156
P46,3	9157	9172
P97,2	9173	9188
P19,3	9189	9204
P99,2	9205	9220
P102,2	9221	9236
P103,3	9237	9252
P104,1	9253	9258
P106,1	9259	9274
P108,2	9275	9290
P50,2	9291	9306
P111,1	9307	9317
P113,2	9318	9333
P53,3	9334	9349
P115,1	9350	9352
P54,2	9353	9368
P116,3	9369	9384
P118,1	9385	9392
P120,1	9393	9408
P58,2	9409	9424
P24,3	9425	9440
P125,1	9441	9451
P127,1	9452	9460
P129,2	9461	9476
P130,1	9477	9482
P131,2	9483	9498
P133,2	9499	9514
P26,2	9515	9530
P135,2	9531	9541
P137,1	9542	9555
P64,2	9556	9571
P2,2	9572	9587
P66,2	9588	9603
P144,2	9604	9619
P67,2	9620	9635
P12,3	9636	9639
P69,2	9640	9655
P149,2	9656	9671
P151,2	9672	9687
P152,1	9688	9703
P154,1	9704	9719
P157,1	9720	9735
P159,3	9736	9751
P160,1	9752	9764
P162,2	9765	9780
P75,2	9781	9796
P15,3	9797	9812
P169,2	9813	9828
P171,1	9829	9839
P36,2	9840	9855
P177,1	9856	9863
P38,2	9864	9879
P182,2	9880	9895
P81,2	9896	9911
P184,1	9912	9927
P83,2	9928	9931
P187,1	9932	9937
P84,2	9938	9953
P188,1	9954	9969
P190,2	9970	9985
P192,2	9986	10001
P88,2	10002	10017
P40,3	10018	10033
P199,1	10034	10049
P91,2	10050	10065
P92,1	10066	10071
P44,2	10072	10087
P46,3	10088	10103
P97,2	10104	10119
P19,3	10120	10135
P99,2	10136	10151
P102,2	10152	10167
P103,3	10168	10183
P4,2	10184	10195
P108,2	10196	10211
P50,2	10212	10227
P21,2	10228	10230
P113,2	10231	10246
P53,3	10247	10262
P22,2	10263	10268
P55,2	10269	10284
P119,2	10285	10299
P120,1	10300	10305
P122,2	10306	10321
P123,2	10322	10337
P124,2	10338	10352
P125,2	10353	10368
P129,2	10369	10384
P130,2	10385	10400
P131,2	10401	10403
P132,2	10404	10419
P25,2	10420	10435
P134,2	10436	10451
P138,2	10452	10462
P139,2	10463	10478
P2,2	10479	10487
P66,2	10488	10503
P28,3	10504	10519
P29,3	10520	10535
P148,1	10536	10542
P30,2	10543	10558
P13,2	10559	10566
P151,2	10567	10582
P152,1	10583	10588
P153,2	10589	10604
P156,2	10605	10620
P159,3	10621	10636
P162,2	10637	10652
P76,2	10653	10668
P35,2	10669	10684
P171,2	10685	10700
P36,2	10701	10716
P177,2	10717	10732
P38,2	10733	10735
P182,2	10736	10751
P81,2	10752	10767
P185,2	10768	10783
P189,2	10784	10792
P85,2	10793	10808
P86,3	10809	10823
P194,3	10824	10839
P88,2	10840	10855
P40,3	10856	10871
P199,1	10872	10873
P200,2	10874	10889
P92,2	10890	10905
P44,2	10906	10921
P46,3	10922	10937
P97,2	10938	10953
P19,3	10954	10969
P99,2	10970	10985
P48,2	10986	11001
P106,2	11002	11017
P4,3	11018	11033
P109,2	11034	11049
P111,2	11050	11065
P112,2	11066	11081
P115,2	11082	11097
P116,3	11098	11113
P118,2	11114	11129
P58,2	11130	11135
P123,2	11136	11140
P126,2	11141	11156
P127,2	11157	11172
P130,2	11173	11188
P61,2	11189	11204
P133,2	11205	11220
P26,2	11221	11236
P137,2	11237	11252
P139,2	11253	11263
P65,2	11264	11276
P66,2	11277	11292
P28,3	11293	11308
P67,3	11309	11324
P146,2	11325	11340
P30,2	11341	11341
P151,2	11342	11357
P152,2	11358	11373
P154,2	11374	11389
P33,3	11390	11405
P161,3	11406	11421
P162,2	11422	11437
P76,2	11438	11453
P35,2	11454	11469
P78,2	11470	11485
P173,2	11486	11501
P177,2	11502	11517
P38,3	11518	11533
P81,2	11534	11549
P83,3	11550	11565
P189,3	11566	11581
P85,2	11582	11597
P192,2	11598	11613
P195,3	11614	11629
P41,3	11630	11645
P17,2	11646	11661
P91,3	11662	11677
P43,2	11678	11685
P95,2	11686	11701
P97,2	11702	11717
P19,3	11718	11733
P99,2	11734	11749
P48,2	11750	11764
P106,2	11765	11780
P4,3	11781	11796
P50,3	11797	11812
P113,2	11813	11822
P112,2	11823	11830
P115,2	11831	11846
P116,3	11847	11862
P118,2	11863	11878
P122,2	11879	11892
P126,2	11893	11908
P127,2	11909	11924
P131,3	11925	11940
P132,2	11941	11956
P25,2	11957	11972
P134,2	11973	11984
P137,2	11985	12000
P139,3	12001	12016
P66,2	12017	12032
P28,3	12033	12048
P67,3	12049	12064
P146,3	12065	12080
P151,2	12081	12096
P31,3	12097	12112
P153,2	12113	12128
P156,2	12129	12144
P159,3	12145	12148
P161,3	12149	12164
P162,2	12165	12180
P76,2	12181	12196
P169,3	12197	12212
P173,2	12213	12228
P177,2	12229	12233
P80,3	12234	12249
P181,2	12250	12265
P184,2	12266	12281
P185,2	12282	12297
P188,2	12298	12313
P192,2	12314	12320
P195,3	12321	12336
P40,3	12337	12352
P200,2	12353	12368
P92,2	12369	12384
P95,2	12385	12386
P96,2	12387	12402
P98,2	12403	12412
P100,2	12413	12428
P102,3	12429	12444
P106,2	12445	12460
P4,3	12461	12476
P50,3	12477	12490
P112,3	12491	12506
P115,2	12507	12522
P118,2	12523	12538
P122,3	12539	12554
P126,2	12555	12570
P127,2	12571	12586
P131,3	12587	12602
P132,2	12603	12606
P25,2	12607	12622
P137,2	12623	12623
P64,2	12624	12639
P65,3	12640	12655
P28,3	12656	12669
P67,3	12670	12685
P146,3	12686	12701
P151,2	12702	12705
P149,3	12706	12721
P152,2	12722	12737
P156,2	12738	12753
P161,3	12754	12769
P162,2	12770	12785
P35,2	12786	12787
P78,3	12788	12803
P176,2	12804	12819
P80,3	12820	12831
P181,2	12832	12847
P184,2	12848	12863
P185,2	12864	12866
P189,3	12867	12882
P85,2	12883	12898
P40,3	12899	12914
P200,2	12915	12930
P43,3	12931	12946
P96,2	12947	12956
P19,3	12957	12971
P99,2	12972	12987
P49,3	12988	13003
P107,2	13004	13014
P109,2	13015	13021
P111,2	13022	13028
P112,3	13029	13044
P118,2	13045	13060
P123,3	13061	13076
P127,2	13077	13092
P131,3	13093	13108
P132,3	13109	13124
P25,2	13125	13140
P64,2	13141	13156
P65,3	13157	13172
P143,2	13173	13182
P67,3	13183	13198
P146,3	13199	13214
P149,3	13215	13230
P152,2	13231	13246
P156,2	13247	13262
P161,3	13263	13278
P162,2	13279	13294
P173,2	13295	13310
P38,3	13311	13326
P81,2	13327	13340
P83,3	13341	13356
P188,2	13357	13372
P195,3	13373	13388
P200,2	13389	13404
P95,3	13405	13420
P97,3	13421	13436
P99,2	13437	13441
P102,3	13442	13457
P4,3	13458	13473
P112,3	13474	13480
P120,2	13481	13496
P122,3	13497	13512
P126,2	13513	13514
P130,2	13515	13530
P132,3	13531	13546
P25,2	13547	13561
P137,3	13562	13577
P65,3	13578	13593
P143,3	13594	13609
P146,3	13610	13625
P31,3	13626	13632
P156,2	13633	13648
P161,3	13649	13664
P162,2	13665	13670
P78,3	13671	13686
P177,3	13687	13702
P181,2	13703	13718
P184,2	13719	13721
P189,3	13722	13737
P195,3	13738	13753
P200,2	13754	13755
P43,3	13756	13770
P96,3	13771	13786
P99,3	13787	13802
P102,3	13803	13818
P4,3	13819	13834
P118,2	13835	13850
P122,3	13851	13866
P127,2	13867	13882
P61,3	13883	13898
P25,3	13899	13914
P137,3	13915	13927
P65,3	13928	13929
P66,3	13930	13945
P67,3	13946	13947
P146,3	13948	13949
P149,3	13950	13965
P161,3	13966	13968
P34,3	13969	13970
P162,3	13971	13986
P177,3	13987	13989
P38,3	13990	14005
P181,3	14006	14021
P83,3	14022	14022
P189,3	14023	14027
P195,3	14028	14043
P17,3	14044	14059
P96,3	14060	14075
P99,3	14076	14091
P102,3	14092	14107
P4,3	14108	14123
P118,2	14124	14126
P120,3	14127	14142
P123,3	14143	14143
P127,2	14144	14147
P133,3	14148	14163
P64,3	14164	14179
P66,3	14180	14195
P149,3	14196	14211
P173,2	14212	14212
P38,3	14213	14228
P181,3	14229	14244
P195,3	14245	14256
P17,3	14257	14262
P96,3	14263	14278
P100,3	14279	14294
P107,3	14295	14310
P120,3	14311	14324
P127,3	14325	14340
P133,3	14341	14347
P25,3	14348	14363
P66,3	14364	14379
P149,3	14380	14395
P162,3	14396	14411
P184,3	14412	14422
P200,3	14423	14438
P100,3	14439	14454
P107,3	14455	14470
P122,3	14471	14473
P61,3	14474	14479
P25,3	14480	14481
P64,3	14482	14490
P143,3	14491	14506
P162,3	14507	14522
P200,3	14523	14538
P100,3	14539	14553
P111,3	14554	14565
P143,3	14566	14573
P173,3	14574	14580
P181,3	14581	14596
P96,3	14597	14597
P107,3	14598	14613
P162,3	14614	14629
P200,3	14630	14645
P162,3	14646	14661
P200,3	14662	14674
P162,3	14675	14679
P127,3	14683	14690
CPU1
P2,1	17	32
P1,1	33	48
P5,1	49	64
P2,1	65	80
P7,1	81	96
P4,1	97	112
P5,1	113	128
P10,1	129	144
P2,1	145	160
P13,1	161	176
P15,1	177	192
P16,1	193	208
P18,1	209	224
P19,1	225	240
P20,1	241	256
P22,1	257	272
P23,1	273	288
P24,1	289	304
P10,1	305	320
P26,1	321	336
P27,1	337	352
P28,1	353	368
P12,1	369	384
P13,1	385	400
P32,1	401	416
P14,1	417	432
P15,1	433	448
P36,1	449	464
P38,1	465	480
P16,1	481	496
P40,1	497	512
P17,1	513	528
P18,1	529	544
P44,1	545	560
P46,1	561	576
P47,1	577	592
P48,1	593	608
P4,1	609	624
P50,1	625	640
P52,1	641	656
P53,1	657	672
P54,1	673	688
P9,1	689	704
P56,1	705	720
P58,1	721	736
P59,1	737	752
P60,1	753	768
P25,1	769	784
P26,1	785	800
P11,1	801	816
P27,1	817	832
P65,1	833	848
P28,1	849	864
P67,1	865	880
P12,1	881	882
P69,1	883	898
P70,1	899	914
P71,1	915	930
P72,1	931	946
P33,1	947	962
P14,1	963	978
P34,1	979	994
P76,1	995	1010
P35,1	1011	1026
P78,1	1027	1042
P36,1	1043	1058
P80,1	1059	1074
P81,1	1075	1090
P82,1	1091	1106
P84,1	1107	1122
P85,1	1123	1138
P86,1	1139	1154
P88,1	1155	1170
P41,1	1171	1186
P17,1	1187	1202
P42,1	1203	1218
P18,1	1219	1234
P92,1	1235	1250
P44,1	1251	1266
P45,1	1267	1282
P46,1	1283	1298
P8,1	1299	1314
P98,1	1315	1330
P19,1	1331	1346
P100,1	1347	1362
P48,1	1363	1378
P49,1	1379	1394
P104,1	1395	1410
P20,1	1411	1412
P106,1	1413	1428
P108,1	1429	1444
P51,1	1445	1460
P110,1	1461	1476
P111,1	1477	1492
P112,1	1493	1508
P114,1	1509	1524
P22,1	1525	1540
P116,1	1541	1556
P117,1	1557	1572
P118,1	1573	1588
P9,1	1589	1604
P120,1	1605	1620
P57,1	1621	1636
P122,1	1637	1652
P123,1	1653	1668
P124,1	1669	1684
P126,1	1685	1700
P127,1	1701	1716
P128,1	1717	1732
P60,1	1733	1748
P131,1	1749	1764
P132,1	1765	1780
P133,1	1781	1796
P26,1	1797	1812
P135,1	1813	1828
P11,1	1829	1844
P138,1	1845	1860
P139,1	1861	1876
P140,1	1877	1892
P65,1	1893	1908
P142,1	1909	1924
P28,1	1925	1935
P29,1	1936	1951
P146,1	1952	1967
P68,1	1968	1983
P12,2	1984	1999
P69,1	2000	2015
P149,1	2016	2031
P150,1	2032	2047
P151,1	2048	2063
P71,1	2064	2079
P153,1	2080	2095
P155,1	2096	2111
P156,1	2112	2127
P157,1	2128	2143
P158,1	2144	2159
P159,1	2160	2175
P14,1	2176	2191
P162,1	2192	2207
P163,1	2208	2223
P34,1	2224	2239
P75,1	2240	2255
P167,1	2256	2271
P15,1	2272	2287
P169,1	2288	2303
P35,1	2304	2319
P171,1	2320	2335
P78,1	2336	2351
P173,1	2352	2367
P174,1	2368	2383
P175,1	2384	2399
P177,1	2400	2415
P80,1	2416	2431
P38,1	2432	2447
P181,1	2448	2463
P81,1	2464	2479
P7,1	2480	2495
P185,1	2496	2511
P82,1	2512	2527
P187,1	2528	2543
P16,1	2544	2559
P189,1	2560	2575
P190,1	2576	2591
P191,1	2592	2607
P86,1	2608	2623
P193,1	2624	2639
P195,1	2640	2655
P40,1	2656	2663
P41,1	2664	2679
P197,1	2680	2695
P17,1	2696	2711
P90,1	2712	2727
P42,1	2728	2736
P91,1	2737	2752
P43,1	2753	2768
P93,1	2769	2784
P94,1	2785	2800
P95,1	2801	2816
P46,2	2817	2832
P98,1	2833	2848
P19,1	2849	2853
P99,1	2854	2869
P101,1	2870	2885
P102,1	2886	2901
P104,1	2902	2917
P105,1	2918	2933
P107,1	2934	2949
P50,1	2950	2965
P109,1	2966	2981
P111,1	2982	2997
P112,1	2998	3013
P114,1	3014	3029
P115,1	3030	3045
P54,1	3046	3061
P55,1	3062	3077
P119,1	3078	3093
P23,2	3094	3109
P56,1	3110	3125
P121,1	3126	3141
P58,1	3142	3157
P24,2	3158	3173
P125,1	3174	3189
P59,1	3190	3205
P10,2	3206	3221
P129,1	3222	3237
P131,1	3238	3253
P132,1	3254	3269
P133,1	3270	3285
P26,1	3286	3301
P135,1	3302	3317
P136,1	3318	3333
P137,1	3334	3349
P64,1	3350	3365
P140,1	3366	3381
P141,1	3382	3397
P66,1	3398	3413
P143,1	3414	3429
P144,1	3430	3445
P145,1	3446	3461
P67,1	3462	3477
P147,1	3478	3493
P148,1	3494	3509
P30,1	3510	3525
P70,1	3526	3535
P13,1	3536	3551
P152,1	3552	3567
P31,1	3568	3583
P154,1	3584	3599
P72,1	3600	3615
P157,1	3616	3631
P33,1	3632	3647
P73,1	3648	3663
P160,1	3664	3679
P161,1	3680	3695
P163,1	3696	3711
P34,1	3712	3727
P75,1	3728	3738
P167,1	3739	3754
P15,1	3755	3767
P169,1	3768	3783
P35,1	3784	3799
P171,1	3800	3815
P78,1	3816	3831
P173,1	3832	3847
P174,1	3848	3863
P175,1	3864	3879
P177,1	3880	3895
P80,1	3896	3909
P38,1	3910	3925
P181,1	3926	3941
P81,1	3942	3957
P7,2	3958	3973
P185,1	3974	3989
P82,1	3990	4005
P187,1	4006	4021
P16,1	4022	4029
P189,1	4030	4045
P190,1	4046	4061
P192,1	4062	4077
P87,1	4078	4093
P194,1	4094	4109
P88,1	4110	4125
P196,1	4126	4141
P89,1	4142	4157
P198,1	4158	4173
P199,1	4174	4189
P200,1	4190	4205
P18,1	4206	4210
P92,1	4211	4226
P44,1	4227	4230
P45,1	4231	4246
P96,1	4247	4262
P97,1	4263	4278
P19,2	4279	4294
P99,1	4295	4310
P101,1	4311	4326
P102,1	4327	4342
P103,1	4343	4349
P104,1	4350	4365
P105,1	4366	4381
P107,1	4382	4397
P50,1	4398	4404
P109,1	4405	4420
P111,1	4421	4436
P112,1	4437	4452
P114,1	4453	4468
P22,1	4469	4474
P115,1	4475	4490
P54,1	4491	4506
P55,1	4507	4522
P119,1	4523	4538
P120,1	4539	4554
P57,1	4555	4570
P122,1	4571	4586
P123,2	4587	4602
P124,1	4603	4614
P126,1	4615	4630
P127,1	4631	4646
P128,1	4647	4662
P60,2	4663	4678
P131,1	4679	4694
P132,1	4695	4710
P133,1	4711	4713
P62,1	4714	4729
P134,1	4730	4745
P63,2	4746	4761
P11,1	4762	4777
P138,1	4778	4793
P139,1	4794	4809
P2,2	4810	4825
P66,1	4826	4841
P143,1	4842	4857
P144,1	4858	4873
P145,1	4874	4875
P67,1	4876	4891
P147,1	4892	4892
P12,2	4893	4908
P69,1	4909	4924
P149,1	4925	4940
P150,1	4941	4956
P151,1	4957	4972
P31,1	4973	4988
P154,1	4989	5004
P72,1	5005	5020
P157,1	5021	5036
P33,1	5037	5038
P158,1	5039	5045
P73,1	5046	5061
P160,1	5062	5077
P161,1	5078	5093
P163,1	5094	5098
P34,1	5099	5109
P165,1	5110	5125
P166,1	5126	5141
P76,1	5142	5157
P168,1	5158	5173
P170,1	5174	5186
P77,1	5187	5188
P171,1	5189	5204
P78,1	5205	5220
P173,1	5221	5236
P174,1	5237	5252
P176,1	5253	5268
P178,1	5269	5284
P179,1	5285	5300
P180,1	5301	5316
P182,1	5317	5332
P183,1	5333	5348
P184,1	5349	5364
P186,1	5365	5380
P187,1	5381	5396
P16,2	5397	5412
P189,1	5413	5428
P190,1	5429	5429
P191,1	5430	5445
P86,1	5446	5452
P87,1	5453	5461
P194,1	5462	5477
P88,1	5478	5480
P40,2	5481	5496
P89,1	5497	5512
P197,1	5513	5526
P17,2	5527	5542
P90,1	5543	5543
P200,1	5544	5559
P18,2	5560	5575
P92,1	5576	5591
P94,1	5592	5607
P95,1	5608	5623
P46,2	5624	5639
P98,1	5640	5655
P47,1	5656	5671
P100,1	5672	5687
P48,1	5688	5700
P103,2	5701	5716
P104,1	5717	5732
P105,1	5733	5748
P107,1	5749	5764
P50,2	5765	5780
P110,1	5781	5796
P21,1	5797	5812
P113,1	5813	5828
P22,2	5829	5844
P115,1	5845	5860
P54,1	5861	5865
P117,1	5866	5881
P118,1	5882	5897
P23,2	5898	5913
P56,1	5914	5924
P121,1	5925	5940
P58,1	5941	5956
P24,2	5957	5972
P125,1	5973	5988
P59,1	5989	6004
P10,2	6005	6020
P129,1	6021	6036
P130,1	6037	6052
P61,1	6053	6068
P133,2	6069	6084
P62,1	6085	6100
P135,2	6101	6116
P136,1	6117	6130
P137,1	6131	6146
P139,1	6147	6162
P2,2	6163	6178
P65,1	6179	6194
P142,1	6195	6210
P28,2	6211	6226
P146,2	6227	6242
P68,2	6243	6258
P148,1	6259	6274
P30,1	6275	6286
P70,2	6287	6302
P13,1	6303	6314
P31,1	6315	6330
P154,1	6331	6346
P72,1	6347	6355
P156,1	6356	6371
P33,2	6372	6387
P32,2	6388	6403
P160,1	6404	6419
P162,1	6420	6435
P34,2	6436	6451
P75,2	6452	6467
P167,1	6468	6483
P15,2	6484	6499
P35,1	6500	6515
P171,1	6516	6531
P173,1	6532	6547
P174,1	6548	6552
P175,1	6553	6568
P177,1	6569	6584
P80,2	6585	6600
P38,1	6601	6616
P181,1	6617	6632
P183,2	6633	6648
P184,1	6649	6664
P186,1	6665	6680
P187,1	6681	6696
P16,2	6697	6712
P189,1	6713	6725
P85,1	6726	6741
P86,2	6742	6757
P193,1	6758	6773
P88,2	6774	6789
P40,2	6790	6805
P89,1	6806	6821
P198,1	6822	6834
P90,2	6835	6850
P200,1	6851	6866
P18,2	6867	6882
P92,1	6883	6898
P94,1	6899	6914
P95,1	6915	6930
P46,2	6931	6946
P98,1	6947	6962
P47,1	6963	6978
P100,1	6979	6994
P48,2	6995	7010
P49,2	7011	7026
P4,2	7027	7042
P107,1	7043	7058
P50,2	7059	7074
P111,1	7075	7090
P113,1	7091	7105
P114,1	7106	7121
P53,2	7122	7137
P54,2	7138	7153
P117,1	7154	7154
P55,1	7155	7170
P119,1	7171	7174
P23,2	7175	7190
P56,2	7191	7206
P58,1	7207	7212
P123,2	7213	7228
P124,2	7229	7244
P126,1	7245	7246
P127,1	7247	7262
P128,1	7263	7278
P130,1	7279	7294
P61,1	7295	7310
P133,2	7311	7326
P26,2	7327	7342
P134,1	7343	7358
P63,2	7359	7374
P138,2	7375	7390
P139,1	7391	7406
P2,2	7407	7422
P65,1	7423	7430
P142,1	7431	7434
P143,1	7435	7450
P28,2	7451	7466
P146,2	7467	7482
P12,3	7483	7498
P69,1	7499	7514
P149,1	7515	7530
P150,1	7531	7546
P151,2	7547	7562
P31,1	7563	7563
P153,1	7564	7579
P155,1	7580	7595
P157,1	7596	7611
P158,2	7612	7627
P159,2	7628	7642
P161,1	7643	7646
P162,1	7647	7660
P34,2	7661	7676
P75,2	7677	7692
P167,1	7693	7708
P15,2	7709	7713
P35,1	7714	7718
P77,2	7719	7734
P171,1	7735	7750
P36,2	7751	7766
P177,1	7767	7782
P80,2	7783	7798
P180,1	7799	7814
P181,1	7815	7830
P183,2	7831	7846
P184,1	7847	7862
P83,2	7863	7878
P84,1	7879	7888
P188,1	7889	7904
P190,2	7905	7920
P86,2	7921	7936
P193,1	7937	7952
P88,2	7953	7968
P196,1	7969	7971
P89,1	7972	7987
P17,2	7988	8003
P199,1	8004	8019
P91,2	8020	8035
P92,1	8036	8051
P94,1	8052	8067
P95,1	8068	8083
P46,2	8084	8084
P97,2	8085	8100
P19,3	8101	8116
P100,1	8117	8121
P101,2	8122	8137
P48,2	8138	8153
P49,2	8154	8169
P4,2	8170	8185
P107,2	8186	8201
P109,2	8202	8217
P110,1	8218	8233
P21,2	8234	8249
P112,2	8250	8265
P53,2	8266	8267
P115,1	8268	8283
P55,1	8284	8295
P119,2	8296	8311
P23,2	8312	8322
P120,1	8323	8338
P58,2	8339	8354
P24,3	8355	8370
P125,1	8371	8386
P127,1	8387	8402
P128,1	8403	8418
P60,2	8419	8434
P131,2	8435	8450
P133,2	8451	8466
P26,2	8467	8482
P135,2	8483	8498
P137,1	8499	8514
P64,2	8515	8530
P2,2	8531	8546
P65,2	8547	8562
P143,1	8563	8578
P28,2	8579	8594
P67,2	8595	8610
P68,2	8611	8622
P148,1	8623	8638
P30,2	8639	8654
P70,2	8655	8670
P13,2	8671	8686
P31,2	8687	8702
P153,1	8703	8710
P155,1	8711	8724
P157,1	8725	8740
P158,3	8741	8756
P161,2	8757	8772
P164,1	8773	8788
P34,2	8789	8804
P75,2	8805	8820
P76,1	8821	8824
P15,3	8825	8840
P169,2	8841	8856
P171,1	8857	8872
P36,2	8873	8888
P177,1	8889	8904
P38,2	8905	8920
P182,2	8921	8936
P81,1	8937	8949
P7,2	8950	8958
P185,2	8959	8974
P187,1	8975	8990
P16,2	8991	9006
P189,2	9007	9022
P85,1	9023	9038
P192,2	9039	9054
P194,2	9055	9070
P88,2	9071	9086
P89,1	9087	9087
P41,2	9088	9090
P90,2	9091	9102
P199,1	9103	9118
P91,2	9119	9134
P92,1	9135	9150
P94,1	9151	9152
P95,1	9153	9157
P96,2	9158	9173
P98,1	9174	9189
P100,2	9190	9205
P101,2	9206	9221
P48,2	9222	9237
P49,2	9238	9253
P4,2	9254	9269
P107,2	9270	9285
P109,2	9286	9301
P110,1	9302	9312
P21,2	9313	9328
P112,2	9329	9344
P22,2	9345	9360
P55,2	9361	9376
P119,2	9377	9392
P122,2	9393	9408
P123,2	9409	9424
P124,2	9425	9440
P126,2	9441	9456
P128,1	9457	9461
P60,2	9462	9477
P61,2	9478	9493
P132,1	9494	9500
P25,2	9501	9516
P134,2	9517	9532
P63,2	9533	9541
P138,2	9542	9557
P139,2	9558	9573
P141,2	9574	9578
P65,2	9579	9594
P143,1	9595	9604
P28,2	9605	9612
P29,2	9613	9619
P146,2	9620	9635
P148,1	9636	9651
P30,2	9652	9667
P70,2	9668	9668
P13,2	9669	9684
P31,2	9685	9700
P153,2	9701	9716
P156,1	9717	9726
P33,2	9727	9733
P158,3	9734	9747
P161,2	9748	9762
P164,1	9763	9765
P34,2	9766	9781
P76,2	9782	9797
P35,2	9798	9813
P78,2	9814	9829
P173,1	9830	9845
P176,2	9846	9861
P80,2	9862	9877
P180,1	9878	9893
P181,2	9894	9909
P183,2	9910	9925
P185,2	9926	9941
P16,2	9942	9955
P189,2	9956	9971
P85,1	9972	9972
P86,3	9973	9988
P193,1	9989	9996
P194,2	9997	9999
P195,2	10000	10015
P41,3	10016	10031
P17,2	10032	10047
P200,2	10048	10063
P43,2	10064	10079
P95,2	10080	10095
P96,2	10096	10111
P98,1	10112	10119
P100,2	10120	10135
P101,2	10136	10151
P48,2	10152	10167
P49,2	10168	10183
P106,1	10184	10184
P107,2	10185	10200
P109,2	10201	10216
P111,2	10217	10232
P112,2	10233	10248
P115,2	10249	10264
P54,2	10265	10280
P116,3	10281	10296
P118,2	10297	10312
P58,2	10313	10328
P24,3	10329	10342
P126,2	10343	10358
P127,2	10359	10374
P60,2	10375	10390
P61,2	10391	10406
P133,2	10407	10422
P26,2	10423	10438
P137,2	10439	10454
P64,2	10455	10470
P141,3	10471	10486
P65,2	10487	10502
P143,2	10503	10518
P144,2	10519	10522
P67,2	10523	10524
P146,2	10525	10540
P69,2	10541	10556
P149,2	10557	10572
P31,2	10573	10588
P154,2	10589	10604
P157,1	10605	10607
P33,3	10608	10623
P161,3	10624	10639
P34,2	10640	10648
P75,2	10649	10664
P15,3	10665	10680
P169,2	10681	10682
P78,2	10683	10698
P173,1	10699	10703
P176,2	10704	10719
P80,2	10720	10732
P180,1	10733	10736
P181,2	10737	10752
P183,2	10753	10753
P184,1	10754	10760
P83,3	10761	10776
P84,2	10777	10783
P188,2	10784	10799
P190,2	10800	10815
P192,2	10816	10831
P195,2	10832	10846
P41,3	10847	10862
P17,2	10863	10878
P91,2	10879	10891
P43,2	10892	10907
P95,2	10908	10923
P96,2	10924	10939
P98,2	10940	10955
P100,2	10956	10971
P102,2	10972	10987
P103,3	10988	10995
P49,3	10996	11011
P107,2	11012	11027
P108,2	11028	11043
P50,2	11044	11057
P113,2	11058	11073
P53,3	11074	11089
P54,2	11090	11095
P55,2	11096	11111
P120,2	11112	11127
P122,2	11128	11143
P125,2	11144	11159
P129,2	11160	11165
P60,2	11166	11181
P131,3	11182	11197
P132,2	11198	11213
P25,2	11214	11229
P134,2	11230	11245
P64,2	11246	11261
P141,3	11262	11277
P143,2	11278	11293
P144,3	11294	11309
P29,3	11310	11324
P69,2	11325	11340
P149,2	11341	11356
P31,2	11357	11369
P153,2	11370	11385
P156,2	11386	11401
P159,3	11402	11417
P34,3	11418	11433
P75,3	11434	11449
P15,3	11450	11459
P169,3	11460	11475
P171,2	11476	11491
P36,2	11492	11495
P176,2	11496	11511
P80,3	11512	11527
P182,2	11528	11531
P181,2	11532	11547
P184,2	11548	11563
P185,2	11564	11579
P188,2	11580	11595
P190,2	11596	11600
P194,3	11601	11616
P88,2	11617	11632
P40,3	11633	11648
P200,2	11649	11664
P92,2	11665	11680
P44,2	11681	11693
P46,3	11694	11699
P96,2	11700	11715
P98,2	11716	11731
P100,2	11732	11747
P102,2	11748	11753
P49,3	11754	11769
P107,2	11770	11785
P108,2	11786	11793
P109,2	11794	11809
P111,2	11810	11825
P53,3	11826	11841
P55,2	11842	11854
P120,2	11855	11870
P58,3	11871	11886
P123,3	11887	11902
P125,2	11903	11918
P60,2	11919	11921
P130,2	11922	11937
P61,2	11938	11953
P133,2	11954	11969
P26,2	11970	11985
P64,2	11986	12001
P141,3	12002	12011
P65,3	12012	12027
P143,2	12028	12043
P144,3	12044	12059
P69,2	12060	12075
P30,3	12076	12091
P149,3	12092	12107
P152,2	12108	12123
P154,2	12124	12138
P33,3	12139	12154
P34,3	12155	12170
P75,3	12171	12186
P35,2	12187	12202
P78,2	12203	12207
P171,2	12208	12218
P176,2	12219	12234
P38,3	12235	12250
P81,2	12251	12266
P83,3	12267	12282
P189,3	12283	12298
P85,2	12299	12314
P194,3	12315	12320
P88,2	12321	12333
P41,3	12334	12349
P17,2	12350	12355
P91,3	12356	12371
P43,3	12372	12387
P97,2	12388	12402
P19,3	12403	12418
P99,2	12419	12434
P49,3	12435	12450
P107,2	12451	12466
P109,2	12467	12482
P111,2	12483	12498
P53,3	12499	12514
P116,3	12515	12515
P120,2	12516	12531
P58,3	12532	12547
P123,3	12548	12563
P125,2	12564	12573
P130,2	12574	12589
P61,2	12590	12605
P133,2	12606	12612
P26,2	12613	12628
P139,3	12629	12644
P66,2	12645	12649
P143,2	12650	12665
P144,3	12666	12681
P69,2	12682	12697
P30,3	12698	12713
P31,3	12714	12729
P153,2	12730	12745
P33,3	12746	12761
P34,3	12762	12777
P75,3	12778	12782
P76,2	12783	12790
P169,3	12791	12792
P173,2	12793	12808
P177,3	12809	12824
P38,3	12825	12840
P81,2	12841	12856
P83,3	12857	12872
P188,2	12873	12888
P195,3	12889	12904
P17,3	12905	12920
P91,3	12921	12929
P92,2	12930	12938
P95,3	12939	12954
P97,3	12955	12970
P100,2	12971	12986
P102,3	12987	13002
P106,2	13003	13012
P4,3	13013	13028
P53,3	13029	13032
P115,2	13033	13037
P120,2	13038	13053
P58,3	13054	13056
P122,3	13057	13072
P126,2	13073	13088
P130,2	13089	13104
P61,2	13105	13114
P133,3	13115	13130
P26,2	13131	13132
P137,3	13133	13148
P139,3	13149	13164
P66,3	13165	13180
P144,3	13181	13186
P69,2	13187	13199
P30,3	13200	13215
P31,3	13216	13231
P153,2	13232	13246
P33,3	13247	13262
P34,3	13263	13278
P78,3	13279	13294
P176,2	13295	13307
P177,3	13308	13323
P181,2	13324	13339
P184,2	13340	13355
P189,3	13356	13371
P85,2	13372	13373
P40,3	13374	13384
P17,3	13385	13400
P43,3	13401	13416
P96,3	13417	13432
P100,2	13433	13445
P49,3	13446	13448
P107,3	13449	13464
P111,3	13465	13480
P118,2	13481	13496
P123,3	13497	13512
P127,2	13513	13528
P131,3	13529	13529
P61,3	13530	13545
P133,3	13546	13561
P64,2	13562	13563
P139,3	13564	13579
P66,3	13580	13595
P67,3	13596	13611
P30,3	13612	13615
P149,3	13616	13631
P152,2	13632	13639
P33,3	13640	13655
P34,3	13656	13671
P173,2	13672	13687
P38,3	13688	13703
P81,3	13704	13719
P83,3	13720	13735
P188,2	13736	13749
P17,3	13750	13765
P95,3	13766	13781
P97,3	13782	13797
P100,3	13798	13813
P107,3	13814	13829
P111,3	13830	13845
P120,3	13846	13861
P123,3	13862	13877
P130,2	13878	13886
P132,3	13887	13891
P133,3	13892	13907
P64,3	13908	13923
P139,3	13924	13939
P143,3	13940	13955
P33,3	13956	13971
P78,3	13972	13984
P173,2	13985	14000
P81,3	14001	14016
P184,3	14017	14032
P200,3	14033	14048
P95,3	14049	14063
P97,3	14064	14079
P100,3	14080	14095
P107,3	14096	14111
P111,3	14112	14127
P122,3	14128	14143
P61,3	14144	14159
P25,3	14160	14175
P139,3	14176	14180
P143,3	14181	14196
P33,3	14197	14202
P162,3	14203	14218
P81,3	14219	14234
P184,3	14235	14250
P200,3	14251	14266
P97,3	14267	14271
P99,3	14272	14278
P102,3	14279	14294
P4,3	14295	14301
P111,3	14302	14317
P122,3	14318	14333
P61,3	14334	14349
P64,3	14350	14365
P143,3	14366	14381
P173,3	14382	14397
P38,3	14398	14405
P81,3	14406	14410
P181,3	14411	14426
P96,3	14427	14442
P102,3	14443	14454
P111,3	14455	14470
P127,3	14471	14486
P66,3	14487	14492
P149,3	14493	14494
P173,3	14495	14510
P181,3	14511	14526
P96,3	14527	14542
P107,3	14543	14558
P127,3	14559	14574
P162,3	14575	14590
P200,3	14591	14606
P127,3	14607	14622
P181,3	14623	14638
P107,3	14639	14642
P127,3	14643	14658
P181,3	14659	14666
P127,3	14667	14682
