CPU0
P1,1	10	41
P3,1	42	71
P5,1	72	103
P1,1	104	109
P7,1	110	141
P8,1	142	173
P10,1	174	205
P4,1	206	237
P13,1	238	269
P15,1	270	301
P17,1	302	333
P5,1	334	339
P6,1	340	371
P21,1	372	403
P23,1	404	435
P7,1	436	467
P25,1	468	499
P27,1	500	531
P29,1	532	563
P30,1	564	595
P31,1	596	627
P33,1	628	659
P35,1	660	691
P37,1	692	723
P10,1	724	725
P11,1	726	757
P40,1	758	789
P42,1	790	821
P44,1	822	853
P46,1	854	885
P12,1	886	887
P48,1	888	919
P50,1	920	951
P52,1	952	982
P53,1	983	1014
P54,1	1015	1046
P56,1	1047	1078
P15,1	1079	1110
P16,1	1111	1142
P60,1	1143	1174
P17,1	1175	1206
P18,1	1207	1238
P64,1	1239	1270
P66,1	1271	1302
P67,1	1303	1334
P69,1	1335	1366
P20,1	1367	1368
P71,1	1369	1400
P72,1	1401	1432
P22,1	1433	1464
P23,1	1465	1475
P76,1	1476	1507
P78,1	1508	1539
P24,1	1540	1555
P7,1	1556	1571
P81,1	1572	1603
P83,1	1604	1635
P84,1	1636	1667
P25,1	1668	1699
P87,1	1700	1731
P26,1	1732	1763
P90,1	1764	1795
P91,1	1796	1827
P93,1	1828	1859
P29,1	1860	1891
P8,1	1892	1897
P96,1	1898	1929
P98,1	1930	1961
P99,1	1962	1993
P101,1	1994	2025
P103,1	2026	2057
P105,1	2058	2089
P106,1	2090	2121
P108,1	2122	2153
P110,1	2154	2185
P33,1	2186	2217
P113,1	2218	2249
P34,1	2250	2281
P116,1	2282	2313
P35,1	2314	2345
P119,1	2346	2377
P120,1	2378	2409
P121,1	2410	2441
P122,1	2442	2473
P123,1	2474	2504
P125,1	2505	2536
P127,1	2537	2568
P128,1	2569	2600
P39,1	2601	2620
P131,1	2621	2652
P133,1	2653	2684
P41,1	2685	2713
P136,1	2714	2745
P138,1	2746	2777
P139,1	2778	2809
P141,1	2810	2841
P142,1	2842	2873
P45,1	2874	2905
P145,1	2906	2937
P4,2	2938	2969
P46,2	2970	3001
P148,1	3002	3033
P149,1	3034	3065
P48,1	3066	3097
P152,1	3098	3129
P49,1	3130	3133
P154,1	3134	3165
P156,1	3166	3197
P158,1	3198	3229
P159,1	3230	3261
P161,1	3262	3293
P163,1	3294	3325
P165,1	3326	3357
P166,1	3358	3389
P53,1	3390	3391
P168,1	3392	3423
P170,1	3424	3455
P171,1	3456	3487
P54,1	3488	3519
P174,1	3520	3551
P175,1	3552	3583
P177,1	3584	3615
P179,1	3616	3647
P180,1	3648	3679
P182,1	3680	3711
P184,1	3712	3743
P185,1	3744	3775
P15,1	3776	3788
P187,1	3789	3820
P58,1	3821	3852
P190,1	3853	3884
P192,1	3885	3916
P59,1	3917	3948
P195,1	3949	3980
P196,1	3981	4012
P197,1	4013	4044
P199,1	4045	4076
P62,1	4077	4108
P64,1	4109	4140
P66,1	4141	4172
P67,1	4173	4204
P70,1	4205	4214
P71,1	4215	4219
P21,1	4220	4251
P73,1	4252	4283
P75,1	4284	4294
P76,1	4295	4326
P24,2	4327	4358
P7,2	4359	4390
P81,1	4391	4422
P2,2	4423	4454
P85,1	4455	4486
P86,1	4487	4509
P88,1	4510	4528
P89,1	4529	4560
P91,1	4561	4583
P92,1	4584	4615
P29,1	4616	4618
P95,1	4619	4650
P97,1	4651	4681
P30,1	4682	4709
P100,1	4710	4741
P102,1	4742	4773
P105,1	4774	4805
P106,1	4806	4837
P32,2	4838	4869
P109,1	4870	4901
P111,1	4902	4933
P113,1	4934	4965
P34,1	4966	4976
P115,1	4977	5008
P35,1	5009	5040
P119,1	5041	5072
P120,1	5073	5104
P10,2	5105	5136
P38,1	5137	5168
P124,1	5169	5180
P125,1	5181	5212
P127,1	5213	5244
P129,1	5245	5276
P131,1	5277	5308
P40,2	5309	5340
P134,1	5341	5372
P135,1	5373	5384
P137,1	5385	5416
P139,1	5417	5448
P140,1	5449	5480
P142,1	5481	5512
P45,1	5513	5544
P145,1	5545	5546
P146,2	5547	5578
P147,1	5579	5579
P46,2	5580	5611
P47,1	5612	5643
P150,1	5644	5675
P151,1	5676	5694
P49,2	5695	5726
P154,1	5727	5758
P156,1	5759	5790
P157,1	5791	5822
P159,1	5823	5838
P161,1	5839	5870
P163,1	5871	5875
P164,1	5876	5907
P13,1	5908	5919
P166,1	5920	5951
P167,1	5952	5983
P169,1	5984	6003
P172,1	6004	6028
P54,1	6029	6033
P174,1	6034	6054
P55,1	6055	6086
P176,1	6087	6118
P178,1	6119	6150
P56,1	6151	6161
P181,1	6162	6193
P183,1	6194	6209
P184,1	6210	6241
P15,2	6242	6273
P187,1	6274	6305
P58,1	6306	6327
P189,1	6328	6356
P190,1	6357	6357
P191,1	6358	6387
P193,1	6388	6419
P195,1	6420	6451
P196,1	6452	6483
P197,1	6484	6497
P198,1	6498	6526
P199,1	6527	6558
P18,2	6559	6590
P63,2	6591	6622
P65,1	6623	6646
P68,2	6647	6678
P69,1	6679	6710
P72,1	6711	6719
P23,2	6720	6751
P77,2	6752	6783
P78,1	6784	6784
P24,2	6785	6812
P7,2	6813	6844
P81,1	6845	6876
P2,2	6877	6908
P85,1	6909	6940
P88,2	6941	6972
P89,1	6973	7004
P28,2	7005	7036
P92,1	7037	7068
P94,1	7069	7100
P96,1	7101	7123
P97,2	7124	7155
P30,2	7156	7187
P100,1	7188	7208
P102,1	7209	7213
P104,1	7214	7245
P107,1	7246	7261
P32,2	7262	7288
P109,1	7289	7296
P110,1	7297	7328
P111,1	7329	7360
P113,1	7361	7375
P114,1	7376	7399
P115,1	7400	7431
P118,1	7432	7463
P120,1	7464	7495
P38,1	7496	7509
P124,2	7510	7541
P125,1	7542	7573
P128,1	7574	7605
P131,1	7606	7608
P132,1	7609	7640
P133,2	7641	7672
P41,2	7673	7691
P137,1	7692	7723
P139,1	7724	7746
P43,2	7747	7778
P140,1	7779	7806
P142,1	7807	7810
P143,1	7811	7842
P146,2	7843	7874
P46,2	7875	7875
P12,3	7876	7907
P47,1	7908	7913
P149,1	7914	7929
P150,1	7930	7958
P151,2	7959	7990
P49,2	7991	8022
P154,1	8023	8054
P50,2	8055	8086
P158,2	8087	8118
P160,1	8119	8150
P162,1	8151	8164
P13,2	8165	8196
P166,1	8197	8210
P167,1	8211	8242
P171,1	8243	8274
P173,1	8275	8306
P177,1	8307	8338
P180,1	8339	8370
P183,2	8371	8402
P184,1	8403	8434
P188,1	8435	8466
P189,2	8467	8498
P16,2	8499	8530
P193,1	8531	8562
P195,1	8563	8568
P60,2	8569	8600
P199,1	8601	8632
P18,2	8633	8637
P62,1	8638	8640
P63,2	8641	8665
P66,2	8666	8697
P19,3	8698	8729
P68,2	8730	8757
P69,1	8758	8769
P21,2	8770	8801
P23,2	8802	8812
P77,2	8813	8827
P78,2	8828	8859
P7,2	8860	8868
P80,2	8869	8900
P2,2	8901	8909
P84,2	8910	8941
P86,2	8942	8950
P88,2	8951	8982
P89,1	8983	8983
P90,2	8984	8995
P28,2	8996	9019
P92,1	9020	9041
P94,1	9042	9043
P96,2	9044	9075
P98,1	9076	9099
P99,2	9100	9131
P100,2	9132	9163
P31,2	9164	9195
P104,1	9196	9201
P107,2	9202	9233
P109,2	9234	9265
P110,1	9266	9276
P111,1	9277	9287
P112,2	9288	9319
P34,2	9320	9351
P35,2	9352	9383
P118,1	9384	9391
P120,1	9392	9413
P38,2	9414	9445
P124,2	9446	9477
P126,2	9478	9509
P128,1	9510	9514
P131,2	9515	9546
P40,2	9547	9559
P134,2	9560	9591
P135,2	9592	9618
P139,2	9619	9650
P43,2	9651	9682
P143,1	9683	9692
P144,2	9693	9712
P46,3	9713	9744
P12,3	9745	9748
P148,1	9749	9771
P48,2	9772	9803
P152,1	9804	9825
P153,2	9826	9857
P156,1	9858	9867
P157,1	9868	9886
P158,3	9887	9916
P161,2	9917	9947
P164,1	9948	9950
P13,2	9951	9974
P169,2	9975	9992
P171,1	9993	10003
P173,1	10004	10024
P55,2	10025	10056
P177,1	10057	10064
P180,1	10065	10084
P183,2	10085	10116
P185,2	10117	10148
P184,1	10149	10171
P58,2	10172	10193
P190,2	10194	10225
P193,1	10226	10233
P194,2	10234	10236
P195,2	10237	10268
P60,2	10269	10300
P199,1	10301	10318
P200,2	10319	10350
P66,2	10351	10382
P67,2	10383	10384
P70,2	10385	10385
P69,2	10386	10417
P75,2	10418	10449
P78,2	10450	10481
P80,2	10482	10510
P84,2	10511	10517
P86,3	10518	10548
P88,2	10549	10580
P28,3	10581	10612
P92,2	10613	10644
P96,2	10645	10676
P98,2	10677	10708
P99,2	10709	10740
P102,2	10741	10772
P103,3	10773	10796
P106,2	10797	10828
P108,2	10829	10852
P33,3	10853	10884
P113,2	10885	10916
P34,2	10917	10925
P116,3	10926	10957
P119,2	10958	10972
P120,2	10973	11004
P38,2	11005	11007
P122,2	11008	11037
P125,2	11038	11069
P127,2	11070	11101
P132,2	11102	11133
P133,2	11134	11165
P41,3	11166	11197
P139,2	11198	11208
P141,3	11209	11240
P44,2	11241	11253
P144,3	11254	11285
P4,3	11286	11317
P48,2	11318	11348
P152,2	11349	11380
P153,2	11381	11412
P156,2	11413	11444
P159,3	11445	11476
P162,2	11477	11508
P53,3	11509	11540
P173,2	11541	11572
P176,2	11573	11604
P181,2	11605	11636
P15,3	11637	11662
P188,2	11663	11694
P189,3	11695	11726
P194,3	11727	11758
P195,2	11759	11773
P61,2	11774	11805
P200,2	11806	11837
P65,3	11838	11869
P67,3	11870	11901
P69,2	11902	11933
P76,2	11934	11965
P81,2	11966	11997
P80,3	11998	12029
P25,2	12030	12061
P91,3	12062	12093
P95,2	12094	12111
P96,2	12112	12137
P30,3	12138	12169
P100,2	12170	12201
P107,2	12202	12233
P109,2	12234	12265
P33,3	12266	12297
P113,2	12298	12307
P115,2	12308	12339
P35,2	12340	12357
P120,2	12358	12389
P122,3	12390	12421
P125,2	12422	12447
P131,3	12448	12479
P130,2	12480	12511
P40,3	12512	12543
P139,3	12544	12575
P141,3	12576	12585
P143,2	12586	12617
P146,3	12618	12649
P149,3	12650	12681
P49,3	12682	12713
P154,2	12714	12728
P159,3	12729	12732
P161,3	12733	12764
P169,3	12765	12766
P53,3	12767	12786
P171,2	12787	12797
P176,2	12798	12829
P185,2	12830	12848
P184,2	12849	12880
P58,3	12881	12883
P189,3	12884	12915
P61,2	12916	12941
P200,2	12942	12973
P65,3	12974	13005
P19,3	13006	13020
P75,3	13021	13025
P76,2	13026	13033
P78,3	13034	13065
P83,3	13066	13097
P91,3	13098	13106
P95,3	13107	13138
P96,3	13139	13170
P100,2	13171	13183
P31,3	13184	13206
P109,2	13207	13213
P33,3	13214	13245
P115,2	13246	13250
P118,2	13251	13282
P122,3	13283	13314
P126,2	13315	13332
P131,3	13333	13364
P130,2	13365	13396
P40,3	13397	13423
P139,3	13424	13455
P43,3	13456	13486
P4,3	13487	13518
P152,2	13519	13526
P49,3	13527	13529
P156,2	13530	13561
P162,2	13562	13583
P177,3	13584	13615
P184,2	13616	13618
P188,2	13619	13648
P195,3	13649	13680
P17,3	13681	13712
P66,3	13713	13744
P81,3	13745	13776
P25,3	13777	13808
P97,3	13809	13840
P96,3	13841	13872
P102,3	13873	13904
P111,3	13905	13936
P34,3	13937	13954
P118,2	13955	13973
P38,3	13974	14005
P123,3	14006	14022
P130,2	14023	14031
P133,3	14032	14063
P143,3	14064	14095
P161,3	14096	14098
P162,3	14099	14130
P184,3	14131	14162
P195,3	14163	14194
P200,3	14195	14226
P66,3	14227	14258
P83,3	14259	14259
P25,3	14260	14277
P100,3	14278	14309
P107,3	14310	14341
P120,3	14342	14355
P38,3	14356	14379
P133,3	14380	14386
P143,3	14387	14418
P173,3	14419	14450
P184,3	14451	14461
P195,3	14462	14473
P61,3	14474	14479
P200,3	14480	14511
P102,3	14512	14523
P107,3	14524	14555
P143,3	14556	14579
P173,3	14580	14586
P181,3	14587	14618
P107,3	14619	14638
P127,3	14639	14670
P181,3	14671	14678
P127,3	14679	14686
CPU1
P2,1	17	48
P4,1	49	80
P6,1	81	112
P2,1	113	144
P9,1	145	176
P11,1	177	208
P12,1	209	240
P14,1	241	272
P16,1	273	304
P18,1	305	336
P19,1	337	368
P20,1	369	400
P22,1	401	432
P24,1	433	464
P2,1	465	481
P26,1	482	513
P28,1	514	545
P8,1	546	577
P9,1	578	609
P32,1	610	641
P34,1	642	673
P36,1	674	705
P38,1	706	737
P39,1	738	769
P41,1	770	801
P43,1	802	833
P45,1	834	865
P4,1	866	872
P47,1	873	904
P49,1	905	936
P51,1	937	968
P13,1	969	1000
P14,1	1001	1032
P55,1	1033	1064
P57,1	1065	1096
P58,1	1097	1128
P59,1	1129	1160
P61,1	1161	1192
P62,1	1193	1224
P63,1	1225	1254
P65,1	1255	1286
P19,1	1287	1307
P68,1	1308	1339
P70,1	1340	1371
P21,1	1372	1403
P73,1	1404	1435
P74,1	1436	1466
P75,1	1467	1498
P77,1	1499	1530
P79,1	1531	1562
P80,1	1563	1594
P82,1	1595	1626
P2,2	1627	1658
P85,1	1659	1690
P86,1	1691	1722
P88,1	1723	1754
P89,1	1755	1786
P27,1	1787	1796
P28,1	1797	1807
P92,1	1808	1839
P94,1	1840	1871
P95,1	1872	1903
P97,1	1904	1935
P30,1	1936	1967
P100,1	1968	1999
P9,1	2000	2005
P102,1	2006	2037
P104,1	2038	2069
P31,1	2070	2101
P107,1	2102	2133
P32,1	2134	2146
P109,1	2147	2178
P111,1	2179	2210
P112,1	2211	2242
P114,1	2243	2274
P115,1	2275	2306
P117,1	2307	2338
P118,1	2339	2370
P36,1	2371	2380
P37,1	2381	2412
P10,2	2413	2444
P38,1	2445	2476
P124,1	2477	2508
P126,1	2509	2540
P11,1	2541	2572
P129,1	2573	2604
P130,1	2605	2636
P132,1	2637	2668
P40,1	2669	2676
P134,1	2677	2708
P135,1	2709	2740
P137,1	2741	2772
P42,1	2773	2781
P43,1	2782	2803
P140,1	2804	2835
P44,1	2836	2855
P143,1	2856	2887
P144,1	2888	2919
P146,1	2920	2949
P147,1	2950	2981
P12,2	2982	3013
P47,1	3014	3045
P150,1	3046	3077
P151,1	3078	3109
P153,1	3110	3141
P155,1	3142	3173
P50,1	3174	3196
P157,1	3197	3228
P51,1	3229	3260
P160,1	3261	3292
P162,1	3293	3324
P164,1	3325	3356
P13,1	3357	3388
P167,1	3389	3420
P169,1	3421	3452
P14,1	3453	3483
P172,1	3484	3515
P173,1	3516	3547
P55,1	3548	3579
P176,1	3580	3611
P178,1	3612	3643
P56,1	3644	3675
P181,1	3676	3707
P183,1	3708	3739
P57,1	3740	3771
P186,1	3772	3803
P188,1	3804	3835
P189,1	3836	3867
P16,1	3868	3875
P191,1	3876	3907
P193,1	3908	3939
P194,1	3940	3971
P60,1	3972	3984
P61,1	3985	4016
P198,1	4017	4048
P17,1	4049	4054
P200,1	4055	4086
P18,1	4087	4091
P63,2	4092	4123
P65,1	4124	4155
P19,2	4156	4187
P68,1	4188	4197
P69,1	4198	4229
P72,1	4230	4261
P22,1	4262	4267
P23,2	4268	4299
P77,1	4300	4317
P78,1	4318	4349
P79,1	4350	4381
P80,1	4382	4395
P82,1	4396	4420
P83,1	4421	4428
P84,1	4429	4460
P25,1	4461	4492
P87,1	4493	4517
P26,1	4518	4538
P90,1	4539	4555
P28,2	4556	4587
P93,1	4588	4601
P94,1	4602	4633
P96,1	4634	4665
P98,1	4666	4697
P99,1	4698	4729
P101,1	4730	4761
P103,1	4762	4768
P104,1	4769	4800
P31,1	4801	4832
P107,1	4833	4864
P108,1	4865	4893
P110,1	4894	4925
P33,1	4926	4927
P112,1	4928	4957
P114,1	4958	4989
P116,1	4990	5004
P117,1	5005	5036
P118,1	5037	5068
P36,2	5069	5100
P37,1	5101	5101
P121,1	5102	5133
P122,1	5134	5157
P123,2	5158	5189
P126,1	5190	5221
P11,1	5222	5241
P128,1	5242	5273
P130,1	5274	5305
P132,1	5306	5337
P133,1	5338	5340
P41,2	5341	5372
P136,1	5373	5402
P138,1	5403	5420
P43,2	5421	5452
P141,1	5453	5461
P44,2	5462	5493
P143,1	5494	5525
P144,1	5526	5552
P4,2	5553	5584
P12,2	5585	5606
P148,1	5607	5638
P149,1	5639	5670
P48,1	5671	5683
P152,1	5684	5715
P153,1	5716	5747
P155,1	5748	5779
P50,2	5780	5811
P158,1	5812	5818
P51,1	5819	5832
P160,1	5833	5864
P162,1	5865	5896
P165,1	5897	5928
P53,2	5929	5960
P168,1	5961	5985
P170,1	5986	5998
P171,1	5999	6030
P173,1	6031	6062
P175,1	6063	6094
P177,1	6095	6126
P179,1	6127	6158
P180,1	6159	6190
P182,1	6191	6213
P57,1	6214	6233
P185,1	6234	6265
P186,1	6266	6297
P188,1	6298	6329
P16,2	6330	6361
P192,1	6362	6393
P59,1	6394	6414
P194,1	6415	6440
P60,2	6441	6472
P61,1	6473	6504
P17,2	6505	6536
P200,1	6537	6568
P62,1	6569	6600
P64,1	6601	6631
P66,1	6632	6633
P19,2	6634	6647
P67,1	6648	6665
P70,2	6666	6697
P21,1	6698	6712
P22,2	6713	6744
P75,2	6745	6776
P76,1	6777	6808
P79,1	6809	6825
P80,2	6826	6857
P83,2	6858	6889
P84,1	6890	6915
P25,1	6916	6939
P86,2	6940	6971
P26,2	6972	7003
P90,2	7004	7035
P91,2	7036	7067
P29,2	7068	7099
P95,1	7100	7131
P98,1	7132	7163
P99,1	7164	7195
P101,1	7196	7202
P103,2	7203	7233
P105,1	7234	7234
P31,1	7235	7235
P106,1	7236	7267
P108,2	7268	7299
P33,2	7300	7331
P112,2	7332	7363
P34,2	7364	7395
P116,2	7396	7427
P117,1	7428	7428
P35,1	7429	7433
P119,1	7434	7437
P36,2	7438	7469
P10,2	7470	7488
P122,2	7489	7520
P123,2	7521	7552
P126,1	7553	7554
P127,1	7555	7586
P129,1	7587	7596
P130,1	7597	7628
P40,2	7629	7660
P134,1	7661	7690
P135,2	7691	7722
P138,2	7723	7754
P141,2	7755	7786
P44,2	7787	7818
P45,1	7819	7838
P144,2	7839	7870
P4,2	7871	7902
P148,1	7903	7934
P48,2	7935	7966
P152,1	7967	7998
P153,1	7999	8022
P155,1	8023	8052
P156,1	8053	8084
P157,1	8085	8116
P159,2	8117	8147
P161,1	8148	8151
P164,1	8152	8183
P165,1	8184	8206
P53,2	8207	8224
P169,2	8225	8256
P54,2	8257	8288
P55,1	8289	8300
P175,1	8301	8301
P176,1	8302	8310
P178,1	8311	8326
P179,1	8327	8337
P56,2	8338	8367
P181,1	8368	8385
P182,2	8386	8417
P185,1	8418	8420
P15,2	8421	8425
P186,1	8426	8428
P187,1	8429	8460
P58,2	8461	8492
P190,2	8493	8524
P192,1	8525	8536
P194,2	8537	8568
P196,1	8569	8571
P61,1	8572	8579
P17,2	8580	8611
P200,1	8612	8643
P64,2	8644	8675
P65,2	8676	8707
P67,2	8708	8739
P70,2	8740	8771
P22,2	8772	8803
P75,2	8804	8835
P76,1	8836	8839
P24,3	8840	8871
P81,1	8872	8884
P83,2	8885	8916
P85,1	8917	8933
P25,2	8934	8965
P26,2	8966	8997
P91,2	8998	9029
P29,2	9030	9052
P95,1	9053	9057
P97,2	9058	9089
P30,2	9090	9121
P101,2	9122	9153
P102,2	9154	9185
P103,3	9186	9217
P106,1	9218	9234
P108,2	9235	9266
P33,2	9267	9289
P113,2	9290	9321
P115,1	9322	9324
P116,3	9325	9356
P119,2	9357	9388
P36,2	9389	9420
P122,2	9421	9452
P123,2	9453	9484
P125,1	9485	9495
P127,1	9496	9504
P129,2	9505	9536
P130,1	9537	9542
P132,1	9543	9549
P133,2	9550	9581
P41,3	9582	9613
P137,1	9614	9627
P138,2	9628	9654
P141,2	9655	9675
P44,2	9676	9707
P146,2	9708	9739
P4,2	9740	9751
P149,2	9752	9783
P151,2	9784	9815
P49,2	9816	9847
P154,1	9848	9863
P50,2	9864	9893
P160,1	9894	9906
P159,3	9907	9938
P162,2	9939	9970
P53,3	9971	10002
P54,2	10003	10034
P176,2	10035	10066
P181,2	10067	10098
P182,2	10099	10130
P15,3	10131	10162
P187,1	10163	10168
P188,1	10169	10184
P189,2	10185	10209
P16,2	10210	10223
P192,2	10224	10255
P61,2	10256	10287
P17,2	10288	10319
P64,2	10320	10351
P65,2	10352	10380
P19,3	10381	10412
P21,2	10413	10415
P22,2	10416	10421
P76,2	10422	10453
P24,3	10454	10467
P81,2	10468	10499
P83,2	10500	10503
P85,2	10504	10535
P25,2	10536	10567
P26,2	10568	10599
P91,2	10600	10612
P29,3	10613	10643
P95,2	10644	10675
P97,2	10676	10707
P30,2	10708	10708
P101,2	10709	10724
P100,2	10725	10756
P31,2	10757	10785
P107,2	10786	10817
P109,2	10818	10849
P111,2	10850	10881
P112,2	10882	10905
P115,2	10906	10937
P35,2	10938	10969
P118,2	10970	11001
P36,2	11002	11021
P124,2	11022	11036
P123,2	11037	11041
P126,2	11042	11073
P129,2	11074	11095
P131,2	11096	11098
P130,2	11099	11130
P40,3	11131	11162
P134,2	11163	11190
P137,2	11191	11222
P43,2	11223	11230
P143,2	11231	11262
P146,2	11263	11278
P46,3	11279	11300
P149,2	11301	11332
P151,2	11333	11364
P49,3	11365	11396
P154,2	11397	11428
P50,3	11429	11458
P161,3	11459	11490
P169,3	11491	11522
P171,2	11523	11554
P54,2	11555	11560
P55,2	11561	11589
P177,2	11590	11621
P183,2	11622	11622
P182,2	11623	11626
P185,2	11627	11658
P184,2	11659	11690
P58,3	11691	11722
P190,2	11723	11743
P192,2	11744	11775
P60,2	11776	11794
P17,2	11795	11816
P64,2	11817	11848
P66,2	11849	11880
P19,3	11881	11912
P75,3	11913	11944
P78,2	11945	11965
P83,3	11966	11997
P85,2	11998	12029
P88,2	12030	12042
P26,2	12043	12060
P28,3	12061	12090
P92,2	12091	12115
P97,2	12116	12130
P98,2	12131	12140
P99,2	12141	12172
P102,2	12173	12178
P31,3	12179	12210
P106,2	12211	12236
P111,2	12237	12268
P112,3	12269	12300
P34,3	12301	12332
P116,3	12333	12349
P118,2	12350	12381
P38,3	12382	12413
P123,3	12414	12445
P126,2	12446	12477
P127,2	12478	12509
P132,2	12510	12529
P133,2	12530	12552
P137,2	12553	12569
P43,3	12570	12601
P144,3	12602	12623
P4,3	12624	12655
P151,2	12656	12659
P152,2	12660	12691
P153,2	12692	12722
P156,2	12723	12754
P162,2	12755	12786
P173,2	12787	12818
P177,2	12819	12823
P181,2	12824	12855
P188,2	12856	12887
P194,3	12888	12893
P192,2	12894	12900
P195,3	12901	12932
P17,3	12933	12964
P64,2	12965	12982
P66,2	12983	12987
P67,3	12988	13019
P69,2	13020	13048
P81,2	13049	13078
P80,3	13079	13090
P85,2	13091	13092
P25,2	13093	13107
P97,3	13108	13139
P30,3	13140	13159
P99,2	13160	13164
P102,3	13165	13196
P107,2	13197	13207
P111,2	13208	13214
P112,3	13215	13221
P34,3	13222	13253
P120,2	13254	13269
P38,3	13270	13301
P123,3	13302	13333
P127,2	13334	13365
P132,3	13366	13397
P133,3	13398	13429
P137,3	13430	13461
P143,2	13462	13471
P146,3	13472	13503
P149,3	13504	13535
P161,3	13536	13567
P173,2	13568	13599
P176,2	13600	13612
P181,2	13613	13628
P189,3	13629	13649
P61,3	13650	13681
P200,2	13682	13683
P64,3	13684	13715
P65,3	13716	13717
P67,3	13718	13735
P78,3	13736	13764
P83,3	13765	13796
P95,3	13797	13827
P99,3	13828	13859
P100,3	13860	13891
P107,3	13892	13923
P33,3	13924	13945
P120,3	13946	13977
P122,3	13978	14009
P131,3	14010	14010
P127,2	14011	14030
P132,3	14031	14035
P139,3	14036	14056
P137,3	14057	14069
P146,3	14070	14071
P4,3	14072	14094
P149,3	14095	14126
P173,2	14127	14127
P177,3	14128	14146
P181,3	14147	14178
P61,3	14179	14210
P17,3	14211	14216
P64,3	14217	14241
P81,3	14242	14262
P97,3	14263	14267
P99,3	14268	14274
P96,3	14275	14306
P102,3	14307	14338
P111,3	14339	14370
P122,3	14371	14373
P127,3	14374	14405
P149,3	14406	14423
P162,3	14424	14455
P181,3	14456	14487
P66,3	14488	14509
P96,3	14510	14510
P100,3	14511	14525
P111,3	14526	14553
P127,3	14554	14585
P162,3	14586	14617
P200,3	14618	14649
P162,3	14650	14670
P200,3	14671	14683
