CPU0
P1,1	0	2
P2,1	3	6
P4,1	7	10
P5,1	11	17
P6,1	18	20
P8,1	23	24
P10,1	27	28
P1,2	30	31
P12,1	33	40
P14,1	41	41
P15,1	42	43
P13,1	44	44
P17,1	45	48
P18,1	49	51
P7,2	52	54
P21,1	57	60
P22,1	61	64
P23,1	65	68
P3,2	69	72
P10,2	73	76
P25,1	77	80
P17,2	81	84
P15,2	85	88
P26,1	89	92
P18,2	93	96
P12,2	97	97
P17,2	98	100
P30,1	101	103
P11,2	104	104
P9,2	105	108
P26,1	109	110
P8,3	111	114
P2,3	115	117
P18,2	118	119
P33,1	120	123
P34,1	124	127
P35,1	128	131
P23,2	132	135
P36,1	136	136
P20,2	137	138
P10,3	139	139
P5,3	140	141
P37,1	142	144
P3,3	145	148
P13,3	149	152
P39,1	153	156
P41,1	157	160
P33,1	161	163
P43,1	164	167
P11,3	168	171
P6,3	172	175
P30,2	176	178
P46,1	179	182
P23,2	183	184
P47,1	185	188
P1,4	189	189
P48,1	190	191
P16,3	192	194
P49,1	195	196
P50,1	197	197
P12,3	198	200
P51,1	201	204
P39,1	205	206
P53,1	207	207
P41,1	208	211
P26,2	212	215
P27,2	216	219
P37,2	220	221
P54,1	222	225
P55,1	226	229
P56,1	230	233
P38,2	234	234
P11,3	235	235
P36,2	236	239
P3,4	240	243
P58,1	244	244
P32,2	245	248
P59,1	249	252
P40,2	253	256
P62,1	257	260
P10,4	261	264
P63,1	265	266
P6,4	267	270
P9,3	271	272
P66,1	273	275
P31,2	276	278
P68,1	279	282
P25,3	283	285
P69,1	286	287
P33,2	288	289
P8,4	290	292
P71,1	293	296
P20,3	297	300
P49,2	301	304
P12,4	305	308
P2,4	309	312
P75,1	313	316
P24,3	317	320
P35,2	321	324
P56,1	325	327
P78,1	328	331
P28,3	332	335
P79,1	336	339
P53,2	340	343
P80,1	344	346
P41,2	347	350
P50,2	351	351
P52,2	352	352
P42,2	353	354
P39,2	355	356
P15,4	357	360
P82,1	361	362
P83,1	363	365
P61,1	366	368
P84,1	369	372
P43,2	373	374
P26,3	375	378
P86,1	379	382
P18,4	383	386
P45,2	387	390
P57,2	391	391
P58,2	392	394
P68,1	395	398
P90,1	399	399
P44,2	400	403
P91,1	404	407
P63,2	408	408
P21,4	409	409
P93,1	410	413
P96,1	414	417
P72,1	418	420
P49,2	421	423
P98,1	424	427
P12,4	428	430
P60,2	431	434
P73,1	435	435
P14,4	436	436
P5,5	437	438
P67,2	439	442
P102,1	443	443
P29,3	444	445
P103,1	446	448
P104,1	449	452
P106,1	453	456
P8,5	457	458
P107,1	459	462
P34,3	463	466
P1,5	467	468
P66,2	469	469
P25,4	470	473
P110,1	474	477
P111,1	478	481
P112,1	482	485
P113,1	486	488
P16,4	489	491
P115,1	492	495
P55,2	496	496
P30,4	497	499
P11,4	500	500
P28,4	501	504
P117,1	505	507
P48,3	508	511
P118,1	512	512
P119,1	513	516
P79,2	517	520
P26,3	521	521
P121,1	522	525
P18,4	526	529
P124,1	530	530
P125,1	531	534
P23,4	535	538
P126,1	539	542
P62,2	543	546
P4,5	547	550
P46,2	551	551
P81,2	552	555
P83,2	556	559
P82,2	560	563
P85,2	564	567
P131,1	568	568
P43,3	569	570
P91,1	571	573
P133,1	574	575
P134,1	576	579
P65,2	580	581
P61,2	582	585
P93,1	586	588
P136,1	589	592
P137,1	593	596
P88,2	597	597
P96,1	598	600
P139,1	601	602
P90,2	603	606
P10,5	607	610
P142,1	611	614
P143,1	615	618
P144,1	619	622
P60,2	623	625
P146,1	626	626
P68,2	627	630
P57,3	631	633
P148,1	634	637
P12,5	638	640
P71,2	641	643
P150,1	644	647
P152,1	648	651
P40,4	652	655
P106,1	656	657
P9,4	658	658
P5,6	659	659
P67,3	660	661
P107,1	662	662
P155,1	663	665
P94,2	666	669
P59,3	670	673
P34,3	674	676
P49,3	677	680
P157,1	681	681
P64,3	682	684
P158,1	685	685
P160,1	686	686
P161,1	687	690
P162,1	691	694
P100,2	695	698
P69,2	699	701
P163,1	702	705
P111,1	706	708
P74,2	709	710
P165,1	711	714
P102,2	715	718
P24,4	719	721
P166,1	722	722
P168,1	723	726
P105,2	727	730
P27,4	731	734
P170,1	735	735
P172,1	736	739
P115,1	740	741
P35,3	742	744
P77,2	745	748
P28,4	749	750
P174,1	751	754
P48,3	755	757
P176,1	758	761
P1,6	762	765
P76,2	766	768
P112,2	769	772
P121,1	773	773
P179,1	774	774
P180,1	775	778
P181,1	779	782
P53,3	783	785
P184,1	786	789
P11,5	790	793
P185,1	794	794
P41,3	795	796
P125,1	797	797
P186,1	798	799
P54,3	800	803
P30,5	804	807
P126,1	808	811
P36,3	812	812
P188,1	813	816
P189,1	817	820
P50,4	821	824
P80,2	825	825
P191,1	826	829
P26,4	830	833
P192,1	834	835
P84,2	836	839
P56,3	840	843
P83,2	844	845
P194,1	846	849
P119,2	850	853
P196,1	854	855
P17,5	856	856
P198,1	857	860
P200,1	861	864
P130,1	865	867
P37,4	868	868
P127,2	869	872
P52,3	873	874
P124,2	875	878
P61,2	879	879
P46,3	880	883
P136,1	884	886
P91,2	887	890
P92,2	891	892
P10,5	893	893
P141,1	894	896
P85,3	897	900
P143,1	901	903
P145,1	904	906
P139,2	907	910
P68,2	911	911
P140,2	912	914
P58,4	915	918
P86,3	919	921
P148,1	922	925
P65,3	926	929
P87,3	930	933
P89,3	934	937
P152,1	938	940
P99,2	941	944
P146,2	945	947
P63,4	948	951
P60,3	952	955
P70,3	956	959
P57,4	960	962
P19,5	963	966
P14,5	967	970
P49,3	971	973
P151,2	974	977
P9,5	978	978
P159,1	979	982
P21,6	983	986
P155,2	987	990
P31,4	991	991
P163,1	992	994
P67,4	995	996
P34,4	997	998
P153,2	999	1001
P102,2	1002	1003
P157,2	1004	1007
P29,4	1008	1011
P167,1	1012	1015
P72,3	1016	1018
P169,1	1019	1022
P33,4	1023	1026
P158,2	1027	1030
P172,1	1031	1032
P66,3	1033	1036
P166,2	1037	1040
P97,3	1041	1041
P78,3	1042	1045
P111,2	1046	1049
P101,3	1050	1052
P55,3	1053	1056
P178,1	1057	1058
P24,5	1059	1059
P116,2	1060	1062
P182,1	1063	1064
P174,2	1065	1067
P115,2	1068	1071
P184,1	1072	1074
P173,2	1075	1077
P177,2	1078	1081
P113,2	1082	1082
P175,2	1083	1086
P187,1	1087	1089
P110,3	1090	1093
P79,3	1094	1097
P121,2	1098	1099
P123,2	1100	1103
P38,4	1104	1105
P188,1	1106	1107
P125,2	1108	1111
P11,6	1112	1115
P54,4	1116	1119
P53,4	1120	1123
P186,2	1124	1127
P84,2	1128	1131
P16,6	1132	1133
P185,2	1134	1137
P41,4	1138	1139
P191,2	1140	1143
P198,1	1144	1144
P200,1	1145	1145
P62,3	1146	1146
P32,4	1147	1150
P18,5	1151	1151
P127,2	1152	1155
P119,3	1156	1159
P124,2	1160	1162
P81,3	1163	1166
P47,5	1167	1170
P197,2	1171	1174
P199,2	1175	1178
P83,3	1179	1182
P45,4	1183	1186
P139,2	1187	1189
P43,4	1190	1193
P58,4	1194	1196
P96,2	1197	1198
P135,2	1199	1200
P52,4	1201	1204
P130,2	1205	1208
P13,6	1209	1212
P10,6	1213	1216
P136,2	1217	1218
P85,4	1219	1220
P90,3	1221	1223
P7,8	1224	1224
P60,3	1225	1226
P93,3	1227	1230
P70,3	1231	1234
P144,2	1235	1237
P148,2	1238	1241
P44,4	1242	1245
P147,2	1246	1249
P150,2	1250	1250
P154,2	1251	1254
P104,3	1255	1258
P12,6	1259	1261
P73,3	1262	1264
P155,2	1265	1266
P40,5	1267	1269
P94,3	1270	1273
P49,4	1274	1277
P107,3	1278	1281
P162,2	1282	1285
P14,6	1286	1287
P3,7	1288	1289
P100,3	1290	1293
P69,3	1294	1294
P158,2	1295	1296
P9,6	1297	1297
P75,4	1298	1301
P159,2	1302	1305
P164,2	1306	1309
P166,2	1310	1311
P163,2	1312	1315
P161,3	1316	1319
P105,3	1320	1320
P172,2	1321	1324
P169,2	1325	1326
P153,3	1327	1329
P34,5	1330	1331
P8,7	1332	1333
P168,2	1334	1335
P167,2	1336	1337
P27,5	1338	1341
P115,2	1342	1342
P108,3	1343	1343
P111,3	1344	1345
P116,3	1346	1349
P97,4	1350	1353
P176,2	1354	1354
P174,3	1355	1358
P110,3	1359	1360
P77,3	1361	1363
P79,3	1364	1366
P181,2	1367	1370
P101,4	1371	1374
P35,5	1375	1377
P123,2	1378	1378
P177,3	1379	1382
P187,2	1383	1386
P125,2	1387	1390
P55,4	1391	1394
P54,4	1395	1398
P48,5	1399	1402
P117,3	1403	1406
P120,3	1407	1410
P112,4	1411	1414
P185,2	1415	1418
P189,2	1419	1419
P191,2	1420	1423
P190,2	1424	1427
P15,7	1428	1431
P42,5	1432	1433
P56,4	1434	1434
P119,3	1435	1437
P122,3	1438	1441
P186,3	1442	1445
P62,4	1446	1449
P197,2	1450	1452
P83,3	1453	1453
P192,3	1454	1456
P46,4	1457	1460
P45,4	1461	1464
P17,6	1465	1465
P23,6	1466	1468
P198,2	1469	1471
P92,3	1472	1474
P52,4	1475	1476
P131,3	1477	1477
P124,3	1478	1481
P80,4	1482	1485
P128,3	1486	1489
P96,3	1490	1493
P91,4	1494	1497
P143,2	1498	1501
P39,6	1502	1505
P137,3	1506	1509
P88,4	1510	1513
P61,4	1514	1517
P148,2	1518	1518
P138,3	1519	1519
P142,3	1520	1522
P139,3	1523	1524
P154,2	1525	1527
P98,3	1528	1530
P68,4	1531	1534
P136,3	1535	1535
P13,7	1536	1536
P71,4	1537	1539
P95,3	1540	1543
P57,5	1544	1547
P85,5	1548	1549
P146,3	1550	1550
P107,3	1551	1554
P19,6	1555	1555
P162,2	1556	1559
P86,5	1560	1563
P100,3	1564	1566
P151,3	1567	1570
P63,6	1571	1574
P159,2	1575	1577
P164,2	1578	1578
P109,3	1579	1582
P51,5	1583	1586
P12,7	1587	1590
P73,4	1591	1594
P102,3	1595	1598
P172,2	1599	1601
P40,6	1602	1603
P59,5	1604	1605
P9,7	1606	1609
P160,3	1610	1611
P69,4	1612	1615
P166,3	1616	1617
P33,6	1618	1620
P97,4	1621	1622
P183,2	1623	1626
P29,6	1627	1627
P2,7	1628	1630
P174,3	1631	1633
P1,7	1634	1636
P180,2	1637	1638
P168,3	1639	1640
P181,2	1641	1643
P184,2	1644	1645
P105,4	1646	1649
P167,3	1650	1653
P177,3	1654	1654
P8,8	1655	1658
P176,3	1659	1662
P77,4	1663	1666
P175,3	1667	1668
P55,4	1669	1669
P28,6	1670	1673
P165,4	1674	1675
P115,3	1676	1679
P35,6	1680	1683
P117,3	1684	1684
P30,6	1685	1688
P125,3	1689	1692
P123,3	1693	1695
P24,7	1696	1699
P190,2	1700	1703
P15,7	1704	1707
P11,7	1708	1709
P189,3	1710	1713
P122,3	1714	1716
P186,3	1717	1717
P113,4	1718	1719
P121,4	1720	1720
P76,5	1721	1721
P53,5	1722	1725
P46,4	1726	1728
P127,3	1729	1729
P119,4	1730	1730
P32,5	1731	1731
P20,8	1732	1732
P195,2	1733	1733
P4,7	1734	1735
P194,3	1736	1739
P80,4	1740	1741
P16,8	1742	1745
P26,6	1746	1749
P198,3	1750	1753
P37,6	1754	1755
P129,3	1756	1759
P91,4	1760	1761
P23,7	1762	1763
P39,6	1764	1767
P81,5	1768	1768
P131,4	1769	1772
P192,4	1773	1776
P52,5	1777	1778
P130,3	1779	1779
P93,4	1780	1783
P90,4	1784	1786
P68,4	1787	1790
P10,8	1791	1793
P70,4	1794	1794
P88,5	1795	1798
P144,3	1799	1801
P82,5	1802	1805
P152,3	1806	1809
P148,3	1810	1812
P61,5	1813	1815
P149,3	1816	1819
P89,5	1820	1820
P57,6	1821	1822
P139,4	1823	1826
P104,4	1827	1830
P85,6	1831	1832
P109,3	1833	1835
P107,4	1836	1839
P157,3	1840	1840
P162,3	1841	1844
P136,4	1845	1846
P12,7	1847	1849
P94,4	1850	1853
P3,8	1854	1857
P158,3	1858	1860
P9,7	1861	1862
P65,6	1863	1866
P86,6	1867	1870
P100,4	1871	1874
P151,4	1875	1878
P169,3	1879	1880
P161,4	1881	1883
P78,4	1884	1887
P106,4	1888	1889
P59,6	1890	1893
P40,7	1894	1897
P160,4	1898	1901
P2,8	1902	1905
P66,5	1906	1907
P174,4	1908	1911
P33,7	1912	1915
P183,3	1916	1918
P64,6	1919	1920
P69,5	1921	1924
P28,6	1925	1925
P101,5	1926	1929
P115,3	1930	1932
P35,6	1933	1934
P29,7	1935	1938
P170,4	1939	1940
P105,5	1941	1944
P153,5	1945	1948
P111,5	1949	1952
P48,6	1953	1954
P187,3	1955	1958
P116,5	1959	1962
P125,4	1963	1966
P79,5	1967	1970
P54,5	1971	1972
P30,7	1973	1975
P120,4	1976	1979
P24,8	1980	1983
P113,5	1984	1987
P123,4	1988	1991
P185,4	1992	1995
P26,6	1996	1999
P118,4	2000	2003
P20,9	2004	2007
P84,4	2008	2008
P46,5	2009	2012
P199,3	2013	2016
P80,5	2017	2020
P198,4	2021	2023
P193,3	2024	2027
P128,4	2028	2031
P18,7	2032	2034
P93,4	2035	2037
P47,7	2038	2041
P132,4	2042	2045
P194,4	2046	2049
P88,5	2050	2052
P23,8	2053	2053
P141,4	2054	2056
P83,5	2057	2060
P91,5	2061	2064
P152,3	2065	2066
P90,5	2067	2070
P138,4	2071	2072
P70,5	2073	2074
P149,3	2075	2075
P130,4	2076	2079
P39,7	2080	2080
P139,4	2081	2081
P154,3	2082	2082
P107,4	2083	2086
P92,5	2087	2089
P68,5	2090	2091
P162,3	2092	2093
P10,9	2094	2096
P146,4	2097	2100
P147,4	2101	2104
P148,4	2105	2108
P14,8	2109	2112
P75,5	2113	2114
P86,6	2115	2115
P12,8	2116	2117
P60,5	2118	2120
P109,4	2121	2124
P136,5	2125	2126
P164,3	2127	2127
P63,7	2128	2131
P72,5	2132	2135
P49,6	2136	2136
P59,6	2137	2138
P31,7	2139	2142
P159,4	2143	2145
P156,4	2146	2148
P174,4	2149	2149
P168,4	2150	2151
P74,6	2152	2153
P33,7	2154	2156
P69,5	2157	2159
P101,5	2160	2163
P5,11	2164	2167
P161,5	2168	2171
P105,5	2172	2175
P8,9	2176	2179
P66,6	2180	2181
P111,5	2182	2184
P180,4	2185	2188
P178,3	2189	2190
P187,3	2191	2194
P172,4	2195	2198
P167,4	2199	2201
P125,4	2202	2203
P103,6	2204	2204
P79,5	2205	2208
P35,7	2209	2212
P64,7	2213	2216
P186,4	2217	2218
P170,5	2219	2222
P200,3	2223	2223
P177,5	2224	2225
P165,6	2226	2229
P120,5	2230	2233
P20,9	2234	2237
P46,5	2238	2238
P190,4	2239	2242
P80,5	2243	2246
P176,5	2247	2250
P188,4	2251	2254
P193,3	2255	2256
P128,4	2257	2258
P129,4	2259	2261
P191,4	2262	2263
P47,7	2264	2266
P62,6	2267	2267
P199,4	2268	2271
P45,6	2272	2275
P119,6	2276	2278
P84,5	2279	2279
P37,7	2280	2280
P83,5	2281	2283
P133,5	2284	2285
P127,5	2286	2289
P124,5	2290	2293
P90,5	2294	2295
P197,5	2296	2296
P88,6	2297	2300
P134,5	2301	2302
P141,5	2303	2303
P52,6	2304	2304
P93,5	2305	2308
P145,4	2309	2312
P147,4	2313	2315
P39,8	2316	2319
P149,4	2320	2320
P154,4	2321	2324
P61,6	2325	2327
P135,5	2328	2331
P162,4	2332	2335
P94,5	2336	2338
P139,5	2339	2340
P51,6	2341	2344
P95,5	2345	2348
P19,8	2349	2352
P57,8	2353	2353
P140,6	2354	2356
P107,5	2357	2360
P86,7	2361	2364
P158,4	2365	2368
P114,4	2369	2372
P146,5	2373	2374
P12,9	2375	2376
P160,5	2377	2380
P106,5	2381	2382
P60,6	2383	2386
P5,11	2387	2388
P100,5	2389	2392
P156,5	2393	2393
P161,5	2394	2394
P59,7	2395	2398
P8,9	2399	2400
P168,5	2401	2403
P69,6	2404	2407
P40,8	2408	2411
P174,5	2412	2412
P9,9	2413	2414
P173,5	2415	2415
P77,5	2416	2418
P105,6	2419	2419
P101,6	2420	2423
P66,7	2424	2427
P184,4	2428	2431
P153,6	2432	2433
P33,8	2434	2436
P180,5	2437	2439
P165,6	2440	2442
P103,7	2443	2446
P181,4	2447	2449
P79,6	2450	2453
P116,6	2454	2455
P186,5	2456	2459
P176,5	2460	2460
P167,5	2461	2464
P48,8	2465	2468
P185,5	2469	2472
P64,8	2473	2475
P177,6	2476	2479
P126,5	2480	2482
P182,5	2483	2486
P170,6	2487	2490
P20,10	2491	2494
P80,6	2495	2498
P192,5	2499	2502
P190,5	2503	2503
P121,6	2504	2504
P129,5	2505	2508
P191,5	2509	2510
P122,6	2511	2514
P198,5	2515	2515
P88,6	2516	2519
P195,5	2520	2521
P18,8	2522	2523
P93,5	2524	2526
P23,9	2527	2527
P53,7	2528	2529
P91,6	2530	2533
P39,8	2534	2537
P135,5	2538	2540
P82,6	2541	2544
P141,6	2545	2545
P84,6	2546	2546
P133,6	2547	2547
P162,4	2548	2549
P37,8	2550	2553
P138,5	2554	2554
P147,5	2555	2558
P58,7	2559	2562
P95,5	2563	2565
P19,8	2566	2568
P130,5	2569	2571
P154,5	2572	2575
P155,5	2576	2579
P63,8	2580	2583
P94,6	2584	2587
P72,6	2588	2591
P57,9	2592	2595
P142,6	2596	2599
P136,6	2600	2601
P164,4	2602	2603
P59,7	2604	2607
P69,6	2608	2610
P78,6	2611	2611
P85,9	2612	2615
P40,8	2616	2616
P75,7	2617	2620
P12,10	2621	2624
P161,6	2625	2628
P31,8	2629	2632
P166,5	2633	2634
P174,6	2635	2638
P159,6	2639	2642
P9,10	2643	2646
P8,10	2647	2650
P163,5	2651	2652
P35,8	2653	2655
P168,6	2656	2658
P186,5	2659	2659
P105,7	2660	2663
P101,7	2664	2667
P111,7	2668	2670
P185,5	2671	2674
P25,9	2675	2676
P30,9	2677	2680
P177,6	2681	2682
P176,6	2683	2684
P182,5	2685	2685
P181,5	2686	2689
P171,6	2690	2690
P175,6	2691	2691
P80,6	2692	2693
P24,10	2694	2696
P129,5	2697	2699
P122,6	2700	2701
P118,6	2702	2702
P47,8	2703	2706
P190,6	2707	2710
P123,6	2711	2712
P127,6	2713	2713
P121,7	2714	2715
P134,6	2716	2717
P199,5	2718	2721
P117,7	2722	2723
P128,6	2724	2727
P143,5	2728	2729
P91,7	2730	2733
P195,6	2734	2737
P23,10	2738	2741
P135,6	2742	2743
P58,7	2744	2747
P62,8	2748	2751
P61,7	2752	2754
P149,5	2755	2756
P133,7	2757	2760
P53,8	2761	2764
P141,7	2765	2765
P138,6	2766	2769
P94,6	2770	2770
P144,6	2771	2774
P37,9	2775	2777
P51,7	2778	2779
P145,6	2780	2783
P130,6	2784	2786
P98,7	2787	2790
P68,7	2791	2792
P85,9	2793	2796
P146,6	2797	2797
P150,6	2798	2801
P19,9	2802	2803
P161,6	2804	2804
P3,10	2805	2806
P86,8	2807	2808
P164,5	2809	2809
P31,8	2810	2811
P148,6	2812	2815
P100,6	2816	2817
P28,8	2818	2820
P78,7	2821	2823
P108,6	2824	2824
P9,10	2825	2827
P8,10	2828	2831
P49,8	2832	2835
P115,5	2836	2836
P73,7	2837	2840
P66,8	2841	2841
P184,5	2842	2842
P103,8	2843	2843
P186,6	2844	2845
P109,7	2846	2846
P106,7	2847	2847
P183,6	2848	2848
P166,6	2849	2852
P178,5	2853	2856
P156,7	2857	2860
P25,10	2861	2861
P187,5	2862	2865
P79,7	2866	2869
P35,9	2870	2873
P182,6	2874	2877
P116,8	2878	2880
P26,8	2881	2882
P176,7	2883	2886
P199,5	2887	2890
P45,7	2891	2894
P128,6	2895	2898
P181,6	2899	2902
P30,10	2903	2905
P127,7	2906	2909
P39,9	2910	2910
P188,6	2911	2914
P175,7	2915	2918
P190,7	2919	2922
P191,7	2923	2926
P133,7	2927	2927
P96,6	2928	2929
P53,8	2930	2932
P192,7	2933	2936
P119,9	2937	2940
P144,6	2941	2941
P58,8	2942	2945
P117,8	2946	2949
P149,6	2950	2952
P145,6	2953	2956
P162,5	2957	2959
P151,6	2960	2962
P141,8	2963	2965
P135,7	2966	2968
P147,6	2969	2972
P136,7	2973	2974
P142,7	2975	2978
P148,6	2979	2980
P137,7	2981	2984
P85,10	2985	2985
P37,10	2986	2989
P102,7	2990	2991
P140,8	2992	2992
P146,7	2993	2994
P57,11	2995	2998
P130,7	2999	2999
P28,9	3000	3002
P100,7	3003	3005
P178,5	3006	3009
P108,7	3010	3013
P73,8	3014	3017
P158,7	3018	3021
P66,9	3022	3022
P159,7	3023	3025
P35,9	3026	3027
P105,8	3028	3028
P8,11	3029	3031
P101,8	3032	3034
P167,7	3035	3038
P184,6	3039	3042
P111,9	3043	3043
P26,9	3044	3045
P123,7	3046	3049
P88,8	3050	3052
P177,8	3053	3056
P190,7	3057	3057
P112,8	3058	3058
P116,9	3059	3060
P47,10	3061	3064
P185,7	3065	3068
P172,7	3069	3071
P176,8	3072	3074
P192,7	3075	3075
P128,7	3076	3079
P117,8	3080	3083
P171,8	3084	3084
P133,8	3085	3085
P96,7	3086	3089
P129,7	3090	3090
P91,9	3091	3093
P93,7	3094	3096
P70,8	3097	3099
P95,7	3100	3102
P68,8	3103	3106
P37,10	3107	3108
P135,8	3109	3112
P145,7	3113	3116
P57,11	3117	3117
P149,7	3118	3121
P98,8	3122	3125
P107,7	3126	3127
P108,7	3128	3130
P72,8	3131	3131
P73,8	3132	3134
P69,9	3135	3136
P148,7	3137	3137
P51,9	3138	3140
P49,9	3141	3144
P109,8	3145	3148
P28,10	3149	3152
P168,8	3153	3156
P159,8	3157	3160
P100,8	3161	3164
P31,10	3165	3168
P177,8	3169	3171
P199,6	3172	3172
P200,6	3173	3176
P178,6	3177	3180
P35,10	3181	3182
P182,8	3183	3186
P127,8	3187	3190
P188,7	3191	3194
P123,8	3195	3198
P88,9	3199	3201
P26,10	3202	3205
P116,10	3206	3209
P55,9	3210	3213
P118,8	3214	3217
P135,8	3218	3220
P171,9	3221	3224
P149,7	3225	3226
P172,8	3227	3230
P152,6	3231	3234
P93,8	3235	3238
P45,9	3239	3242
P132,8	3243	3246
P137,8	3247	3248
P162,7	3249	3252
P49,9	3253	3253
P146,8	3254	3257
P28,10	3258	3258
P168,8	3259	3259
P73,9	3260	3263
P187,6	3264	3265
P159,8	3266	3267
P108,8	3268	3271
P79,8	3272	3274
P51,10	3275	3278
P158,8	3279	3282
P167,8	3283	3286
P178,6	3287	3288
P182,8	3289	3291
P163,8	3292	3293
P72,9	3294	3297
P101,10	3298	3298
P148,8	3299	3302
P123,8	3303	3305
P26,10	3306	3307
P184,7	3308	3311
P128,8	3312	3315
P112,9	3316	3319
P96,8	3320	3323
P47,11	3324	3327
P177,9	3328	3331
P172,8	3332	3333
P175,9	3334	3334
P111,11	3335	3335
P77,9	3336	3338
P37,11	3339	3340
P135,9	3341	3344
P124,9	3345	3348
P53,10	3349	3349
P119,11	3350	3353
P147,8	3354	3357
P73,9	3358	3359
P68,9	3360	3360
P57,12	3361	3363
P149,8	3364	3367
P98,9	3368	3371
P107,8	3372	3374
P81,11	3375	3375
P136,9	3376	3378
P192,9	3379	3379
P72,9	3380	3380
P148,8	3381	3381
P86,11	3382	3384
P133,10	3385	3388
P168,9	3389	3392
P146,9	3393	3394
P28,11	3395	3395
P96,8	3396	3397
P47,11	3398	3400
P200,7	3401	3404
P163,9	3405	3408
P31,11	3409	3409
P182,9	3410	3412
P55,10	3413	3415
P26,11	3416	3419
P84,9	3420	3421
P128,9	3422	3425
P177,10	3426	3427
P147,8	3428	3430
P184,8	3431	3434
P193,8	3435	3435
P175,10	3436	3436
P93,9	3437	3437
P45,10	3438	3439
P48,12	3440	3443
P88,11	3444	3447
P168,9	3448	3451
P51,11	3452	3455
P132,9	3456	3458
P127,9	3459	3462
P73,10	3463	3466
P163,9	3467	3468
P72,10	3469	3470
P68,10	3471	3474
P107,9	3475	3475
P28,12	3476	3478
P128,9	3479	3480
P98,10	3481	3484
P184,8	3485	3486
P176,10	3487	3488
P109,10	3489	3492
P146,10	3493	3494
P135,10	3495	3498
P178,8	3499	3502
P31,12	3503	3505
P84,10	3506	3509
P158,9	3510	3510
P195,10	3511	3511
P77,11	3512	3515
P172,10	3516	3516
P96,9	3517	3518
P68,10	3519	3521
P118,10	3522	3525
P177,11	3526	3529
P148,9	3530	3533
P107,10	3534	3536
P135,10	3537	3540
P162,9	3541	3544
P26,12	3545	3548
P84,10	3549	3549
P168,10	3550	3553
P124,10	3554	3554
P98,11	3555	3558
P200,8	3559	3562
P88,12	3563	3566
P193,9	3567	3567
P177,11	3568	3570
P182,11	3571	3574
P162,9	3575	3576
P176,11	3577	3580
P77,12	3581	3581
P26,12	3582	3585
P79,11	3586	3587
P168,10	3588	3588
P199,9	3589	3592
P154,10	3593	3594
P200,8	3595	3596
P108,10	3597	3597
P167,10	3598	3598
P88,12	3599	3600
P118,11	3601	3602
P182,11	3603	3606
P172,11	3607	3609
P96,10	3610	3611
P158,10	3612	3612
P193,10	3613	3619
P128,11	3623	3626
P118,12	3627	3630
P162,10	3631	3637
P167,11	3638	3642
P96,11	3650	3653
P108,11	3654	3654
P109,12	3655	3658
P96,11	3659	3661
P176,12	3662	3662
P73,12	3663	3666
P109,12	3667	3669
P182,12	3670	3670
P73,12	3671	3671
P158,11	3672	3673
P172,12	3674	3674
P84,12	3675	3678
P135,12	3679	3679
P108,12	3680	3683
P162,11	3684	3684
P199,11	3705	3705
P96,12	3710	3713
P154,12	3724	3724
P158,12	3731	3733
P199,12	3736	3736
CPU1
P3,1	3	6
P2,1	7	9
P3,1	10	11
P4,1	12	13
P6,1	14	17
P7,1	19	19
P9,1	24	24
P11,1	31	33
P13,1	36	39
P2,2	40	43
P16,1	44	44
P4,2	45	46
P8,2	47	49
P19,1	50	50
P17,1	51	53
P20,1	54	57
P1,3	59	60
P5,2	61	62
P21,1	63	66
P13,2	67	70
P24,1	71	74
P14,2	75	75
P3,2	76	76
P24,1	77	78
P6,2	79	79
P12,2	80	83
P9,2	84	87
P16,2	88	91
P27,1	92	95
P28,1	96	97
P29,1	98	101
P31,1	102	105
P15,2	106	107
P16,2	108	108
P32,1	109	112
P27,1	113	114
P3,3	115	118
P22,2	119	122
P4,3	123	126
P6,3	127	130
P7,3	131	134
P19,2	135	136
P1,4	137	140
P32,1	141	142
P38,1	143	143
P12,3	144	147
P21,2	148	148
P25,2	149	152
P22,2	153	154
P40,1	155	158
P28,2	159	162
P42,1	163	166
P34,1	167	170
P44,1	171	172
P45,1	173	176
P35,1	177	180
P14,3	181	184
P24,2	185	186
P29,2	187	190
P17,3	191	194
P9,3	195	198
P31,2	199	202
P13,3	203	203
P52,1	204	206
P15,3	207	210
P28,2	211	214
P8,4	215	218
P20,3	219	222
P42,1	223	225
P43,1	226	226
P2,4	227	230
P18,3	231	234
P57,1	235	237
P4,4	238	241
P45,1	242	245
P7,4	246	246
P46,1	247	248
P60,1	249	250
P14,3	251	251
P5,4	252	254
P61,1	255	258
P29,2	259	262
P19,3	263	266
P64,1	267	268
P65,1	269	272
P67,1	273	276
P21,3	277	277
P51,1	278	278
P22,3	279	282
P44,2	283	286
P70,1	287	290
P27,2	291	292
P34,2	293	296
P30,3	297	298
P72,1	299	302
P54,1	303	304
P55,1	305	306
P73,1	307	310
P74,1	311	314
P76,1	315	318
P77,1	319	322
P48,2	323	326
P1,5	327	330
P23,3	331	333
P36,2	334	335
P4,4	336	337
P47,2	338	341
P17,4	342	345
P16,4	346	349
P32,2	350	353
P81,1	354	357
P11,4	358	361
P13,4	362	364
P38,3	365	368
P62,1	369	370
P85,1	371	372
P10,4	373	375
P19,3	376	379
P37,3	380	383
P87,1	384	385
P65,1	386	386
P88,1	387	390
P7,5	391	391
P89,1	392	392
P46,2	393	396
P22,3	397	397
P40,3	398	401
P70,1	402	403
P92,1	404	407
P71,1	408	410
P94,1	411	411
P95,1	412	415
P3,5	416	419
P59,2	420	421
P97,1	422	423
P64,2	424	425
P99,1	426	429
P100,1	430	430
P31,3	431	433
P51,2	434	436
P101,1	437	438
P74,1	439	439
P75,1	440	442
P33,3	443	445
P24,3	446	449
P105,1	450	453
P77,1	454	454
P9,4	455	458
P6,5	459	461
P27,3	462	465
P108,1	466	469
P78,1	470	472
P109,1	473	476
P69,2	477	480
P53,2	481	481
P20,4	482	485
P114,1	486	489
P41,2	490	492
P54,2	493	493
P35,3	494	497
P116,1	498	498
P15,4	499	500
P2,5	501	504
P56,2	505	508
P38,3	509	511
P84,1	512	512
P120,1	513	513
P76,2	514	517
P47,3	518	521
P122,1	522	523
P37,3	524	524
P50,3	525	527
P123,1	528	531
P42,3	532	535
P39,3	536	536
P45,2	537	539
P36,3	540	543
P127,1	544	546
P80,2	547	550
P32,3	551	554
P128,1	555	558
P129,1	559	562
P17,5	563	566
P130,1	567	570
P92,1	571	572
P132,1	573	576
P52,3	577	580
P13,5	581	582
P86,2	583	585
P135,1	586	589
P95,1	590	593
P138,1	594	596
P89,2	597	600
P7,6	601	602
P140,1	603	606
P58,3	607	607
P98,1	608	608
P141,1	609	612
P87,2	613	616
P63,3	617	617
P99,1	618	621
P145,1	622	625
P19,4	626	629
P147,1	630	630
P22,4	631	633
P149,1	634	637
P70,2	638	639
P21,5	640	643
P151,1	644	647
P104,1	648	651
P44,3	652	655
P153,1	656	657
P154,1	658	661
P3,6	662	665
P73,2	666	669
P51,3	670	673
P14,5	674	677
P156,1	678	681
P75,2	682	684
P159,1	685	688
P25,4	689	690
P109,1	691	694
P97,2	695	695
P72,2	696	697
P31,4	698	701
P103,2	702	705
P101,2	706	709
P164,1	710	713
P114,1	714	717
P29,4	718	721
P167,1	722	725
P169,1	726	729
P33,4	730	733
P78,2	734	734
P171,1	735	737
P8,6	738	741
P66,3	742	745
P173,1	746	749
P2,5	750	750
P175,1	751	752
P110,2	753	756
P108,2	757	760
P20,5	761	761
P55,3	762	765
P177,1	766	769
P79,2	770	771
P178,1	772	775
P116,2	776	779
P182,1	780	783
P183,1	784	787
P117,2	788	791
P123,1	792	793
P113,2	794	797
P42,3	798	799
P187,1	800	803
P120,2	804	807
P16,5	808	808
P15,5	809	810
P38,4	811	814
P62,2	815	818
P190,1	819	822
P4,5	823	825
P122,2	826	829
P32,3	830	833
P81,2	834	835
P47,4	836	839
P128,1	840	843
P193,1	844	847
P195,1	848	851
P129,1	852	852
P82,2	853	854
P197,1	855	858
P199,1	859	862
P118,2	863	866
P18,5	867	870
P132,1	871	871
P134,1	872	872
P23,5	873	876
P45,3	877	878
P39,4	879	882
P135,1	883	883
P137,1	884	887
P131,2	888	891
P90,2	892	895
P142,1	896	896
P133,2	897	900
P144,1	901	903
P93,2	904	906
P7,7	907	909
P43,4	910	913
P88,3	914	917
P96,2	918	921
P149,1	922	923
P138,2	924	927
P13,6	928	931
P150,1	932	933
P95,2	934	937
P40,4	938	941
P98,2	942	945
P22,5	946	946
P154,1	947	948
P71,3	949	952
P3,6	953	955
P94,2	956	957
P73,2	958	958
P104,2	959	960
P51,3	961	963
P44,4	964	967
P147,2	968	971
P156,1	972	974
P107,2	975	978
P162,1	979	981
P12,6	982	985
P100,2	986	989
P106,2	990	993
P5,7	994	997
P164,1	998	998
P109,2	999	1002
P59,4	1003	1006
P160,2	1007	1008
P75,3	1009	1009
P25,5	1010	1013
P168,1	1014	1016
P161,2	1017	1019
P105,2	1020	1020
P69,3	1021	1024
P27,4	1025	1027
P64,4	1028	1031
P8,6	1032	1033
P165,2	1034	1035
P114,2	1036	1039
P74,3	1040	1043
P103,3	1044	1047
P108,2	1048	1048
P176,1	1049	1050
P1,6	1051	1052
P170,2	1053	1056
P180,1	1057	1060
P181,1	1061	1064
P2,6	1065	1067
P183,1	1068	1070
P28,5	1071	1074
P117,2	1075	1078
P35,4	1079	1079
P171,2	1080	1083
P76,3	1084	1085
P179,2	1086	1089
P77,3	1090	1093
P30,5	1094	1096
P120,2	1097	1099
P48,4	1100	1103
P112,3	1104	1107
P189,1	1108	1110
P20,6	1111	1113
P42,4	1114	1114
P190,1	1115	1118
P50,4	1119	1121
P122,2	1122	1122
P26,4	1123	1126
P126,2	1127	1128
P15,6	1129	1130
P56,3	1131	1131
P193,1	1132	1134
P194,1	1135	1138
P195,1	1139	1141
P4,6	1142	1145
P118,2	1146	1149
P36,4	1150	1151
P80,3	1152	1155
P192,2	1156	1156
P23,5	1157	1159
P82,3	1160	1160
P46,3	1161	1164
P129,2	1165	1168
P132,2	1169	1172
P196,2	1173	1174
P128,2	1175	1177
P133,2	1178	1181
P37,5	1182	1183
P134,2	1184	1185
P17,6	1186	1189
P39,5	1190	1190
P88,3	1191	1194
P92,3	1195	1198
P137,2	1199	1199
P91,3	1200	1201
P131,3	1202	1205
P141,2	1206	1207
P61,3	1208	1210
P142,2	1211	1211
P87,3	1212	1215
P95,2	1216	1219
P98,2	1220	1220
P145,2	1221	1223
P143,2	1224	1227
P68,3	1228	1228
P149,2	1229	1232
P86,4	1233	1236
P140,3	1237	1240
P138,3	1241	1244
P152,2	1245	1248
P65,4	1249	1250
P151,2	1251	1254
P89,4	1255	1258
P21,6	1259	1260
P71,4	1261	1264
P51,4	1265	1266
P63,5	1267	1268
P99,3	1269	1271
P57,5	1272	1275
P109,2	1276	1276
P146,3	1277	1280
P19,6	1281	1284
P157,2	1285	1286
P25,5	1287	1289
P156,2	1290	1293
P31,5	1294	1297
P64,4	1298	1300
P67,5	1301	1304
P5,8	1305	1307
P114,2	1308	1311
P74,3	1312	1315
P78,3	1316	1317
P33,5	1318	1318
P29,5	1319	1319
P102,3	1320	1323
P106,3	1324	1326
P59,5	1327	1330
P72,4	1331	1334
P160,3	1335	1338
P165,3	1339	1341
P66,4	1342	1342
P28,5	1343	1343
P175,2	1344	1345
P179,2	1346	1349
P183,2	1350	1353
P2,7	1354	1357
P103,4	1358	1361
P1,7	1362	1365
P180,2	1366	1369
P184,2	1370	1373
P170,3	1374	1377
P182,2	1378	1381
P24,6	1382	1385
P173,3	1386	1386
P178,2	1387	1390
P11,6	1391	1394
P113,3	1395	1396
P53,4	1397	1400
P38,5	1401	1403
P30,6	1404	1407
P76,4	1408	1411
P171,3	1412	1415
P121,3	1416	1416
P188,2	1417	1420
P20,7	1421	1421
P4,6	1422	1425
P32,4	1426	1428
P84,3	1429	1432
P126,3	1433	1436
P50,5	1437	1437
P200,2	1438	1441
P129,2	1442	1442
P47,5	1443	1443
P26,5	1444	1444
P194,2	1445	1446
P132,2	1447	1449
P199,2	1450	1451
P16,7	1452	1453
P18,6	1454	1457
P193,2	1458	1461
P127,3	1462	1465
P118,3	1466	1469
P195,2	1470	1473
P81,4	1474	1477
P130,2	1478	1481
P196,3	1482	1485
P82,4	1486	1489
P37,6	1490	1493
P58,5	1494	1497
P134,3	1498	1499
P93,3	1500	1501
P133,3	1502	1502
P135,3	1503	1504
P149,2	1505	1507
P141,3	1508	1509
P10,7	1510	1513
P140,3	1514	1516
P87,4	1517	1520
P152,2	1521	1524
P145,3	1525	1528
P90,4	1529	1532
P104,3	1533	1533
P89,4	1534	1537
P70,4	1538	1541
P94,3	1542	1544
P144,3	1545	1548
P44,5	1549	1551
P147,3	1552	1555
P60,4	1556	1559
P65,5	1560	1563
P155,3	1564	1567
P31,5	1568	1570
P75,4	1571	1572
P67,5	1573	1574
P150,3	1575	1578
P14,7	1579	1582
P49,5	1583	1583
P157,3	1584	1587
P161,3	1588	1590
P3,8	1591	1594
P99,4	1595	1598
P156,3	1599	1602
P158,3	1603	1606
P72,4	1607	1609
P25,6	1610	1611
P27,5	1612	1612
P74,4	1613	1615
P5,9	1616	1618
P114,3	1619	1622
P169,3	1623	1626
P78,4	1627	1630
P64,5	1631	1634
P106,4	1635	1638
P108,4	1639	1642
P163,3	1643	1645
P101,4	1646	1648
P170,3	1649	1650
P182,2	1651	1654
P66,5	1655	1658
P153,4	1659	1662
P187,2	1663	1664
P79,4	1665	1666
P178,2	1667	1669
P116,4	1670	1673
P179,3	1674	1675
P110,4	1676	1679
P111,4	1680	1681
P173,4	1682	1685
P120,3	1686	1688
P112,4	1689	1692
P103,5	1693	1696
P188,2	1697	1700
P48,6	1701	1704
P84,3	1705	1705
P126,3	1706	1708
P171,4	1709	1712
P185,3	1713	1715
P200,2	1716	1717
P62,4	1718	1720
P54,5	1721	1724
P18,6	1725	1727
P193,2	1728	1728
P118,3	1729	1731
P191,3	1732	1733
P50,6	1734	1737
P197,3	1738	1739
P196,3	1740	1743
P128,3	1744	1746
P45,5	1747	1750
P83,4	1751	1752
P96,3	1753	1754
P56,5	1755	1758
P47,6	1759	1760
P58,5	1761	1763
P199,3	1764	1767
P132,3	1768	1769
P124,4	1770	1773
P87,4	1774	1775
P143,3	1776	1779
P92,4	1780	1782
P145,3	1783	1786
P133,4	1787	1790
P137,4	1791	1794
P95,3	1795	1795
P134,4	1796	1797
P141,4	1798	1801
P140,4	1802	1802
P135,4	1803	1806
P147,3	1807	1809
P138,4	1810	1813
P60,4	1814	1816
P142,4	1817	1819
P155,3	1820	1822
P63,6	1823	1826
P150,3	1827	1829
P154,3	1830	1833
P14,7	1834	1836
P51,5	1837	1839
P71,5	1840	1843
P98,4	1844	1847
P146,4	1848	1851
P73,4	1852	1853
P159,3	1854	1856
P99,4	1857	1860
P19,7	1861	1864
P75,5	1865	1868
P31,6	1869	1872
P114,3	1873	1875
P67,6	1876	1877
P164,3	1878	1881
P72,5	1882	1885
P102,4	1886	1887
P49,6	1888	1891
P74,5	1892	1894
P108,4	1895	1897
P156,4	1898	1901
P167,3	1902	1902
P5,10	1903	1904
P8,8	1905	1905
P25,7	1906	1908
P172,3	1909	1909
P168,4	1910	1913
P97,5	1914	1917
P77,4	1918	1918
P180,3	1919	1922
P166,4	1923	1926
P177,4	1927	1930
P110,4	1931	1934
P173,4	1935	1935
P182,3	1936	1938
P181,3	1939	1941
P165,5	1942	1942
P103,5	1943	1944
P175,4	1945	1945
P184,3	1946	1949
P163,4	1950	1953
P178,3	1954	1957
P117,4	1958	1960
P55,5	1961	1964
P171,4	1965	1965
P176,4	1966	1969
P188,3	1970	1970
P53,5	1971	1971
P112,5	1972	1972
P179,4	1973	1973
P189,4	1974	1977
P50,6	1978	1980
P186,4	1981	1984
P200,3	1985	1988
P190,3	1989	1990
P11,8	1991	1993
P16,8	1994	1996
P126,4	1997	1997
P45,5	1998	1999
P119,5	2000	2003
P56,5	2004	2005
P129,3	2006	2008
P122,4	2009	2010
P121,5	2011	2011
P62,5	2012	2013
P195,3	2014	2014
P196,4	2015	2018
P131,4	2019	2020
P124,4	2021	2021
P192,4	2022	2024
P197,4	2025	2028
P143,3	2029	2032
P127,4	2033	2035
P191,4	2036	2039
P133,4	2040	2042
P137,4	2043	2046
P96,4	2047	2050
P87,5	2051	2054
P37,7	2055	2058
P82,5	2059	2059
P135,4	2060	2063
P58,6	2064	2067
P81,6	2068	2071
P95,4	2072	2075
P134,5	2076	2079
P52,6	2080	2083
P144,4	2084	2087
P145,4	2088	2091
P98,4	2092	2093
P155,4	2094	2094
P140,5	2095	2097
P94,4	2098	2098
P57,7	2099	2101
P104,5	2102	2105
P19,7	2106	2107
P61,6	2108	2111
P142,5	2112	2112
P157,4	2113	2116
P100,4	2117	2120
P151,4	2121	2122
P150,4	2123	2123
P51,6	2124	2127
P73,5	2128	2131
P85,7	2132	2133
P99,5	2134	2134
P3,9	2135	2138
P9,8	2139	2140
P40,7	2141	2142
P160,4	2143	2145
P158,4	2146	2149
P114,4	2150	2153
P97,5	2154	2156
P166,4	2157	2159
P78,5	2160	2160
P102,5	2161	2162
P106,5	2163	2166
P169,4	2167	2167
P29,7	2168	2171
P28,7	2172	2175
P153,5	2176	2176
P184,3	2177	2177
P108,5	2178	2181
P163,4	2182	2182
P25,8	2183	2186
P173,5	2187	2190
P183,4	2191	2194
P77,5	2195	2198
P2,9	2199	2200
P116,5	2201	2204
P115,4	2205	2208
P110,5	2209	2210
P189,4	2211	2214
P24,8	2215	2217
P182,4	2218	2218
P48,7	2219	2220
P113,5	2221	2224
P175,5	2225	2227
P185,4	2228	2228
P181,4	2229	2232
P118,4	2233	2233
P30,8	2234	2236
P55,6	2237	2240
P196,4	2241	2241
P117,5	2242	2244
P171,5	2245	2248
P112,6	2249	2252
P53,6	2253	2254
P122,5	2255	2256
P50,7	2257	2258
P123,5	2259	2262
P126,5	2263	2266
P26,7	2267	2270
P132,4	2271	2271
P192,5	2272	2275
P194,4	2276	2276
P96,4	2277	2278
P87,5	2279	2279
P195,4	2280	2280
P121,6	2281	2284
P131,5	2285	2288
P58,6	2289	2289
P143,4	2290	2293
P198,5	2294	2297
P130,4	2298	2300
P18,8	2301	2304
P144,4	2305	2305
P137,5	2306	2307
P23,9	2308	2311
P91,6	2312	2315
P104,5	2316	2318
P81,7	2319	2320
P148,4	2321	2324
P14,8	2325	2325
P98,5	2326	2328
P82,6	2329	2332
P152,4	2333	2336
P70,6	2337	2340
P138,5	2341	2344
P63,7	2345	2346
P73,5	2347	2347
P68,6	2348	2351
P3,9	2352	2355
P31,7	2356	2357
P155,5	2358	2361
P157,5	2362	2362
P75,6	2363	2364
P151,5	2365	2368
P85,8	2369	2372
P72,6	2373	2376
P49,7	2377	2380
P142,6	2381	2384
P150,5	2385	2388
P136,6	2389	2392
P159,5	2393	2393
P164,4	2394	2397
P28,7	2398	2399
P109,5	2400	2403
P108,5	2404	2406
P78,6	2407	2410
P25,8	2411	2414
P183,4	2415	2418
P102,6	2419	2422
P115,4	2423	2425
P35,7	2426	2429
P166,5	2430	2433
P178,4	2434	2437
P187,4	2438	2441
P111,6	2442	2442
P125,5	2443	2443
P163,5	2444	2447
P120,5	2448	2449
P55,6	2450	2450
P113,6	2451	2454
P24,9	2455	2457
P171,5	2458	2461
P112,6	2462	2463
P172,5	2464	2467
P188,4	2468	2471
P30,9	2472	2475
P123,5	2476	2478
P110,6	2479	2481
P118,5	2482	2482
P26,7	2483	2486
P200,4	2487	2490
P199,4	2491	2492
P175,6	2493	2496
P45,6	2497	2499
P46,6	2500	2503
P128,5	2504	2505
P117,6	2506	2508
P131,5	2509	2510
P50,8	2511	2513
P143,4	2514	2516
P132,5	2517	2519
P47,8	2520	2523
P119,7	2524	2527
P193,4	2528	2531
P62,7	2532	2535
P124,6	2536	2536
P127,6	2537	2540
P134,6	2541	2544
P96,5	2545	2547
P152,4	2548	2550
P144,5	2551	2551
P81,8	2552	2555
P90,6	2556	2559
P14,9	2560	2563
P61,7	2564	2567
P145,5	2568	2568
P149,5	2569	2572
P107,5	2573	2575
P98,6	2576	2577
P86,7	2578	2581
P137,6	2582	2585
P151,5	2586	2587
P70,7	2588	2591
P148,5	2592	2593
P160,5	2594	2594
P49,7	2595	2596
P150,5	2597	2598
P100,5	2599	2599
P51,7	2600	2603
P73,6	2604	2605
P140,7	2606	2609
P68,7	2610	2613
P146,6	2614	2617
P114,5	2618	2621
P106,6	2622	2624
P3,10	2625	2628
P158,5	2629	2630
P102,6	2631	2631
P66,7	2632	2632
P156,6	2633	2633
P28,8	2634	2637
P178,4	2638	2639
P109,6	2640	2640
P108,6	2641	2644
P187,4	2645	2648
P173,6	2649	2652
P79,6	2653	2656
P183,5	2657	2657
P113,6	2658	2658
P115,5	2659	2662
P167,5	2663	2664
P172,5	2665	2665
P48,8	2666	2668
P184,5	2669	2672
P103,8	2673	2676
P77,6	2677	2679
P120,6	2680	2683
P116,7	2684	2685
P170,6	2686	2687
P200,4	2688	2688
P188,5	2689	2690
P165,7	2691	2694
P46,6	2695	2696
P55,7	2697	2700
P112,7	2701	2703
P64,9	2704	2707
P193,4	2708	2710
P191,6	2711	2713
P26,8	2714	2717
P88,7	2718	2721
P45,7	2722	2725
P131,6	2726	2729
P192,6	2730	2733
P81,8	2734	2736
P39,9	2737	2740
P90,6	2741	2742
P198,6	2743	2743
P14,9	2744	2747
P132,6	2748	2748
P93,6	2749	2749
P119,8	2750	2753
P84,7	2754	2757
P96,6	2758	2761
P154,5	2762	2765
P137,6	2766	2769
P124,7	2770	2773
P70,7	2774	2774
P95,6	2775	2778
P152,5	2779	2782
P162,5	2783	2786
P140,7	2787	2789
P151,6	2790	2793
P147,6	2794	2797
P75,7	2798	2798
P107,6	2799	2802
P136,7	2803	2806
P142,7	2807	2810
P72,7	2811	2814
P57,10	2815	2818
P159,6	2819	2822
P114,6	2823	2824
P69,7	2825	2826
P158,6	2827	2830
P173,6	2831	2831
P102,7	2832	2835
P105,7	2836	2837
P101,7	2838	2839
P40,9	2840	2843
P174,7	2844	2847
P120,6	2848	2848
P163,6	2849	2852
P168,7	2853	2856
P165,7	2857	2859
P111,8	2860	2860
P55,7	2861	2862
P113,7	2863	2866
P167,6	2867	2868
P177,7	2869	2872
P185,6	2873	2874
P172,6	2875	2878
P200,5	2879	2882
P48,9	2883	2885
P80,7	2886	2886
P88,7	2887	2890
P77,7	2891	2894
P64,10	2895	2896
P131,6	2897	2900
P47,9	2901	2902
P123,7	2903	2906
P195,6	2907	2908
P193,5	2909	2909
P23,10	2910	2913
P171,7	2914	2915
P62,8	2916	2917
P129,6	2918	2919
P112,8	2920	2923
P84,7	2924	2927
P118,7	2928	2931
P134,7	2932	2932
P90,7	2933	2936
P124,7	2937	2938
P14,10	2939	2940
P121,8	2941	2942
P91,8	2943	2944
P95,6	2945	2945
P132,7	2946	2949
P143,6	2950	2951
P152,5	2952	2954
P154,6	2955	2958
P98,7	2959	2962
P81,9	2963	2966
P93,7	2967	2970
P150,6	2971	2971
P107,6	2972	2973
P70,8	2974	2977
P72,7	2978	2980
P68,8	2981	2984
P51,8	2985	2986
P49,8	2987	2990
P86,9	2991	2994
P40,9	2995	2998
P3,11	2999	2999
P69,8	3000	3001
P174,7	3002	3002
P166,6	3003	3003
P161,7	3004	3007
P168,7	3008	3008
P164,6	3009	3009
P187,5	3010	3011
P113,7	3012	3014
P31,9	3015	3018
P79,7	3019	3021
P120,7	3022	3025
P163,7	3026	3026
P78,8	3027	3030
P200,5	3031	3033
P109,8	3034	3037
P77,7	3038	3039
P103,9	3040	3042
P181,6	3043	3045
P127,7	3046	3049
P55,8	3050	3050
P182,7	3051	3052
P188,6	3053	3053
P175,7	3054	3054
P199,6	3055	3058
P80,8	3059	3061
P191,7	3062	3064
P48,10	3065	3068
P118,7	3069	3071
P45,8	3072	3074
P195,7	3075	3078
P58,8	3079	3079
P132,7	3080	3080
P154,6	3081	3082
P193,6	3083	3086
P81,9	3087	3089
P124,8	3090	3093
P84,8	3094	3097
P162,6	3098	3101
P137,7	3102	3102
P119,10	3103	3106
P53,9	3107	3109
P86,9	3110	3112
P147,7	3113	3116
P14,11	3117	3119
P152,6	3120	3123
P161,7	3124	3127
P136,8	3128	3131
P140,9	3132	3133
P158,7	3134	3135
P150,7	3136	3137
P120,7	3138	3139
P142,8	3140	3140
P78,8	3141	3142
P130,8	3143	3146
P167,7	3147	3147
P146,8	3148	3151
P184,6	3152	3155
P187,6	3156	3159
P66,10	3160	3161
P79,8	3162	3165
P166,7	3166	3169
P101,9	3170	3171
P47,10	3172	3174
P103,10	3175	3178
P185,7	3179	3179
P48,10	3180	3182
P111,10	3183	3183
P175,8	3184	3184
P77,8	3185	3185
P163,8	3186	3189
P128,7	3190	3192
P96,7	3193	3196
P124,8	3197	3200
P190,8	3201	3204
P84,8	3205	3206
P176,9	3207	3210
P112,9	3211	3214
P119,10	3215	3215
P193,7	3216	3219
P147,7	3220	3223
P81,10	3224	3227
P154,7	3228	3231
P195,8	3232	3232
P98,8	3233	3234
P192,8	3235	3236
P37,11	3237	3240
P95,8	3241	3244
P53,10	3245	3248
P133,9	3249	3251
P129,8	3252	3252
P130,8	3253	3256
P70,9	3257	3258
P86,10	3259	3262
P140,10	3263	3264
P145,8	3265	3265
P68,9	3266	3269
P57,12	3270	3273
P69,10	3274	3276
P31,10	3277	3277
P107,8	3278	3281
P166,7	3282	3282
P200,6	3283	3285
P103,10	3286	3286
P136,9	3287	3290
P120,8	3291	3294
P100,9	3295	3296
P127,8	3297	3299
P188,7	3300	3303
P190,8	3304	3305
P109,9	3306	3309
P116,10	3310	3310
P176,9	3311	3314
P55,9	3315	3315
P199,7	3316	3319
P35,11	3320	3323
P48,11	3324	3327
P185,8	3328	3331
P154,7	3332	3335
P88,10	3336	3337
P93,8	3338	3339
P45,9	3340	3342
P95,8	3343	3344
P132,8	3345	3348
P84,9	3349	3352
P162,7	3353	3355
P195,9	3356	3359
P108,8	3360	3360
P193,8	3361	3364
P118,9	3365	3366
P130,9	3367	3367
P51,10	3368	3371
P158,8	3372	3374
P167,8	3375	3378
P120,8	3379	3381
P79,9	3382	3385
P109,9	3386	3389
P178,7	3390	3393
P145,9	3394	3394
P199,7	3395	3398
P127,9	3399	3402
P185,8	3403	3405
P100,10	3406	3407
P166,8	3408	3408
P101,11	3409	3412
P135,9	3413	3415
P124,9	3416	3417
P112,10	3418	3421
P119,11	3422	3425
P172,9	3426	3427
P195,9	3428	3430
P176,10	3431	3434
P149,8	3435	3435
P95,9	3436	3439
P154,8	3440	3441
P77,10	3442	3443
P79,9	3444	3446
P133,10	3447	3450
P162,8	3451	3452
P81,12	3453	3455
P158,9	3456	3459
P53,11	3460	3463
P200,7	3464	3464
P192,10	3465	3465
P108,9	3466	3469
P96,9	3470	3473
P26,11	3474	3474
P112,10	3475	3475
P118,10	3476	3479
P167,9	3480	3483
P120,9	3484	3487
P148,9	3488	3491
P47,12	3492	3495
P182,10	3496	3498
P88,11	3499	3499
P199,8	3500	3500
P119,12	3501	3504
P166,9	3505	3505
P51,11	3506	3508
P124,10	3509	3512
P73,10	3513	3513
P79,10	3514	3514
P108,9	3515	3518
P154,9	3519	3520
P95,10	3521	3521
P193,9	3522	3525
P120,9	3526	3528
P175,11	3529	3532
P109,10	3533	3535
P47,12	3536	3539
P178,8	3540	3542
P119,12	3543	3546
P127,10	3547	3549
P112,11	3550	3552
P128,10	3553	3556
P53,12	3557	3560
P167,10	3561	3564
P163,10	3565	3568
P146,11	3569	3569
P175,11	3570	3572
P172,11	3573	3576
P73,11	3577	3580
P95,11	3581	3584
P96,10	3585	3588
P128,10	3589	3591
P98,11	3592	3592
P53,12	3593	3596
P109,11	3597	3598
P158,10	3599	3602
P135,11	3603	3606
P176,11	3607	3607
P73,11	3608	3608
P95,11	3609	3610
P199,9	3611	3612
P135,11	3613	3613
P84,11	3614	3614
P168,11	3624	3627
P128,11	3628	3629
P146,12	3630	3630
P118,12	3631	3632
P79,12	3633	3637
P176,12	3651	3654
P154,11	3655	3658
P199,10	3659	3662
P193,11	3663	3666
P154,11	3667	3668
P172,12	3669	3672
P135,12	3673	3676
P162,11	3677	3680
P84,12	3681	3683
P199,12	3732	3735
