CPU0
P1,1	0	2
P2,1	3	9
P5,1	10	16
P7,1	19	19
P8,1	23	24
P10,1	27	28
P1,2	30	31
P12,1	33	40
P2,2	41	44
P17,1	45	51
P19,1	52	52
P7,2	53	55
P21,1	57	64
P13,2	65	68
P3,2	69	73
P10,2	74	77
P25,1	78	81
P6,2	82	82
P12,2	83	87
P15,2	88	93
P26,1	94	99
P28,1	100	101
P18,2	102	107
P30,1	108	110
P11,2	111	111
P32,1	112	117
P2,3	118	120
P33,1	121	127
P34,1	128	135
P7,3	136	139
P6,3	140	147
P12,3	148	154
P10,3	155	155
P37,1	156	158
P21,2	159	159
P13,3	160	164
P39,1	165	170
P17,3	171	174
P42,1	175	181
P28,2	182	189
P45,1	190	197
P24,2	198	199
P47,1	200	203
P14,3	204	208
P29,2	209	216
P51,1	217	221
P27,2	222	227
P31,2	228	234
P18,3	235	238
P54,1	239	244
P20,3	245	252
P56,1	253	259
P57,1	260	262
P37,2	263	264
P58,1	265	265
P33,2	266	267
P12,4	268	274
P7,4	275	275
P34,2	276	279
P38,2	280	280
P61,1	281	287
P63,1	288	289
P35,2	290	293
P64,1	294	295
P5,4	296	298
P66,1	299	301
P23,3	302	304
P1,5	305	310
P10,4	311	317
P69,1	318	319
P41,2	320	326
P21,3	327	327
P39,2	328	329
P13,4	330	332
P25,3	333	335
P71,1	336	342
P72,1	343	349
P45,2	350	356
P74,1	357	361
P76,1	362	365
P77,1	366	370
P49,2	371	377
P9,4	378	382
P80,1	383	385
P48,2	386	389
P30,3	390	391
P81,1	392	395
P82,1	396	397
P83,1	398	400
P84,1	401	405
P85,1	406	407
P31,3	408	410
P86,1	411	414
P53,2	415	419
P8,5	420	421
P18,4	422	429
P32,3	430	437
P92,1	438	443
P33,3	444	446
P55,2	447	447
P93,1	448	454
P96,1	455	461
P57,2	462	462
P38,3	463	469
P99,1	470	477
P2,5	478	482
P34,3	483	489
P102,1	490	490
P103,1	491	493
P65,2	494	495
P105,1	496	499
P106,1	500	505
P22,4	506	508
P35,3	509	515
P108,1	516	519
P60,2	520	526
P110,1	527	530
P36,3	531	535
P67,2	536	539
P113,1	540	542
P42,3	543	548
P68,2	549	553
P115,1	554	559
P66,2	560	560
P1,6	561	566
P43,3	567	568
P10,5	569	573
P118,1	574	574
P119,1	575	578
P19,4	579	582
P70,2	583	584
P121,1	585	589
P122,1	590	591
P123,1	592	597
P46,3	598	605
P44,3	606	609
P127,1	610	612
P75,2	613	615
P129,1	616	620
P45,3	621	622
P130,1	623	629
P133,1	630	631
P72,2	632	633
P17,5	634	638
P136,1	639	645
P137,1	646	653
P139,1	654	655
P49,3	656	662
P51,3	663	669
P142,1	670	674
P143,1	675	681
P144,1	682	688
P146,1	689	689
P83,2	690	695
P81,2	696	701
P85,2	702	705
P147,1	706	706
P47,3	707	710
P16,5	711	711
P15,5	712	713
P86,2	714	716
P148,1	717	724
P30,4	725	727
P150,1	728	733
P152,1	734	740
P26,4	741	748
P153,1	749	750
P87,2	751	754
P154,1	755	760
P91,2	761	764
P155,1	765	767
P53,3	768	770
P52,3	771	776
P157,1	777	777
P92,2	778	779
P158,1	780	780
P18,5	781	785
P159,1	786	793
P3,6	794	800
P20,5	801	801
P163,1	802	808
P165,1	809	812
P168,1	813	819
P58,3	820	820
P93,2	821	823
P96,2	824	829
P172,1	830	835
P12,6	836	842
P56,3	843	847
P94,2	848	853
P175,1	854	855
P63,3	856	856
P176,1	857	862
P95,2	863	870
P2,6	871	873
P97,2	874	874
P98,2	875	879
P104,2	880	881
P180,1	882	889
P182,1	890	895
P101,2	896	899
P184,1	900	906
P102,2	907	912
P187,1	913	919
P188,1	920	925
P40,4	926	933
P106,2	934	937
P59,3	938	941
P65,3	942	945
P192,1	946	947
P67,3	948	949
P193,1	950	956
P195,1	957	963
P35,4	964	964
P110,2	965	968
P60,3	969	974
P64,3	975	977
P200,1	978	982
P114,2	983	990
P111,2	991	994
P116,2	995	1001
P117,2	1002	1009
P68,3	1010	1010
P115,2	1011	1015
P23,5	1016	1022
P69,3	1023	1027
P70,3	1028	1035
P10,6	1036	1039
P123,2	1040	1044
P122,2	1045	1049
P119,2	1050	1053
P121,2	1054	1055
P46,4	1056	1062
P19,5	1063	1066
P118,2	1067	1074
P73,3	1075	1077
P126,2	1078	1079
P127,2	1080	1087
P45,4	1088	1095
P75,3	1096	1096
P131,2	1097	1100
P129,2	1101	1105
P134,2	1106	1107
P128,2	1108	1110
P133,2	1111	1118
P79,3	1119	1125
P9,6	1126	1126
P137,2	1127	1127
P140,2	1128	1130
P49,4	1131	1134
P76,3	1135	1136
P51,4	1137	1138
P77,3	1139	1145
P24,5	1146	1146
P82,3	1147	1147
P143,2	1148	1155
P80,3	1156	1159
P15,6	1160	1161
P144,2	1162	1164
P16,6	1165	1166
P83,3	1167	1171
P81,3	1172	1175
P84,3	1176	1180
P149,2	1181	1187
P86,3	1188	1190
P30,5	1191	1197
P151,2	1198	1205
P87,3	1206	1213
P31,5	1214	1220
P91,3	1221	1222
P155,2	1223	1228
P29,5	1229	1229
P153,2	1230	1232
P157,2	1233	1238
P160,2	1239	1240
P52,4	1241	1246
P156,2	1247	1250
P162,2	1251	1258
P32,5	1259	1259
P55,4	1260	1264
P58,4	1265	1271
P164,2	1272	1276
P96,3	1277	1282
P163,2	1283	1286
P20,6	1287	1289
P33,5	1290	1290
P168,2	1291	1292
P38,5	1293	1295
P93,3	1296	1301
P177,2	1302	1305
P94,3	1306	1312
P12,7	1313	1319
P63,4	1320	1323
P100,3	1324	1330
P99,3	1331	1333
P98,3	1334	1336
P183,2	1337	1344
P181,2	1345	1351
P184,2	1352	1357
P182,2	1358	1365
P187,2	1366	1371
P37,5	1372	1373
P105,3	1374	1374
P101,3	1375	1377
P188,2	1378	1385
P102,3	1386	1393
P191,2	1394	1401
P109,3	1402	1408
P108,3	1409	1409
P65,4	1410	1411
P194,2	1412	1413
P67,4	1414	1415
P197,2	1416	1422
P193,2	1423	1427
P61,4	1428	1431
P195,2	1432	1436
P111,3	1437	1438
P116,3	1439	1442
P64,4	1443	1449
P60,4	1450	1456
P66,4	1457	1457
P21,6	1458	1463
P120,3	1464	1470
P28,6	1471	1475
P125,3	1476	1479
P71,4	1480	1486
P119,3	1487	1493
P39,5	1494	1494
P123,3	1495	1497
P46,5	1498	1502
P25,6	1503	1504
P44,5	1505	1507
P126,3	1508	1514
P75,4	1515	1520
P127,3	1521	1525
P73,4	1526	1531
P13,7	1532	1532
P124,3	1533	1536
P72,4	1537	1543
P134,3	1544	1545
P129,3	1546	1552
P132,3	1553	1554
P77,4	1555	1559
P49,5	1560	1560
P130,3	1561	1561
P138,3	1562	1566
P140,3	1567	1573
P139,3	1574	1575
P136,3	1576	1576
P76,4	1577	1580
P51,5	1581	1587
P24,6	1588	1591
P50,5	1592	1592
P146,3	1593	1597
P82,4	1598	1601
P81,4	1602	1605
P83,4	1606	1607
P47,5	1608	1612
P85,4	1613	1614
P152,3	1615	1620
P148,3	1621	1623
P86,4	1624	1627
P84,4	1628	1628
P87,4	1629	1634
P151,3	1635	1638
P88,4	1639	1642
P155,3	1643	1649
P150,3	1650	1656
P29,6	1657	1657
P154,3	1658	1662
P31,6	1663	1666
P92,4	1667	1669
P156,3	1670	1673
P162,3	1674	1679
P158,3	1680	1686
P52,5	1687	1688
P18,7	1689	1691
P58,5	1692	1698
P165,3	1699	1701
P54,5	1702	1707
P3,8	1708	1715
P96,4	1716	1721
P174,3	1722	1728
P173,3	1729	1729
P7,8	1730	1730
P2,8	1731	1734
P167,3	1735	1739
P172,3	1740	1740
P12,8	1741	1742
P56,5	1743	1748
P94,4	1749	1753
P95,4	1754	1757
P63,5	1758	1759
P180,3	1760	1763
P100,4	1764	1771
P179,3	1772	1773
P98,4	1774	1779
P178,3	1780	1785
P188,3	1786	1786
P107,4	1787	1794
P184,3	1795	1799
P103,4	1800	1803
P186,3	1804	1808
P101,4	1809	1815
P35,6	1816	1821
P190,3	1822	1823
P194,3	1824	1827
P197,3	1828	1829
P109,4	1830	1833
P59,5	1834	1839
P67,5	1840	1845
P198,3	1846	1849
P40,6	1850	1851
P61,5	1852	1854
P195,3	1855	1855
P110,4	1856	1863
P199,3	1864	1871
P116,4	1872	1875
P28,7	1876	1881
P66,5	1882	1887
P70,5	1888	1889
P113,4	1890	1891
P60,5	1892	1894
P68,5	1895	1896
P119,4	1897	1897
P11,8	1898	1900
P71,5	1901	1904
P39,6	1905	1912
P123,4	1913	1916
P46,6	1917	1922
P126,4	1923	1923
P74,5	1924	1926
P75,5	1927	1932
P72,5	1933	1940
P124,4	1941	1945
P132,4	1946	1950
P129,4	1951	1953
P137,4	1954	1961
P9,8	1962	1963
P133,4	1964	1970
P134,4	1971	1972
P141,4	1973	1979
P77,5	1980	1986
P138,4	1987	1992
P49,6	1993	1997
P76,5	1998	1998
P24,7	1999	2002
P14,8	2003	2007
P136,4	2008	2009
P50,6	2010	2016
P145,4	2017	2024
P144,4	2025	2029
P83,5	2030	2036
P82,5	2037	2041
P149,4	2042	2042
P84,5	2043	2043
P85,5	2044	2045
P88,5	2046	2052
P152,4	2053	2059
P155,4	2060	2060
P86,5	2061	2064
P91,5	2065	2068
P31,7	2069	2074
P8,9	2075	2080
P162,4	2081	2086
P150,4	2087	2087
P29,7	2088	2095
P92,5	2096	2098
P158,4	2099	2106
P159,4	2107	2109
P52,6	2110	2114
P168,4	2115	2120
P55,6	2121	2125
P166,4	2126	2132
P33,7	2133	2139
P174,4	2140	2144
P171,4	2145	2149
P93,5	2150	2156
P57,6	2157	2158
P2,9	2159	2160
P63,6	2161	2168
P163,4	2169	2173
P167,4	2174	2176
P98,5	2177	2179
P99,5	2180	2180
P62,6	2181	2181
P95,5	2182	2188
P189,4	2189	2196
P182,4	2197	2197
P97,5	2198	2204
P179,4	2205	2205
P181,4	2206	2212
P37,7	2213	2217
P187,4	2218	2225
P190,4	2226	2229
P107,5	2230	2236
P103,5	2237	2242
P197,4	2243	2246
P198,4	2247	2249
P192,4	2250	2256
P200,4	2257	2261
P191,4	2262	2267
P106,5	2268	2273
P109,5	2274	2277
P112,5	2278	2278
P67,6	2279	2280
P199,4	2281	2286
P61,6	2287	2293
P113,5	2294	2301
P28,8	2302	2308
P193,4	2309	2315
P64,6	2316	2317
P66,6	2318	2319
P10,9	2320	2322
P68,6	2323	2326
P60,6	2327	2330
P115,5	2331	2335
P121,5	2336	2336
P19,8	2337	2343
P72,6	2344	2351
P39,7	2352	2352
P25,8	2353	2360
P129,5	2361	2367
P73,6	2368	2369
P124,5	2370	2373
P134,5	2374	2379
P137,5	2380	2381
P48,7	2382	2383
P79,6	2384	2391
P49,7	2392	2397
P143,5	2398	2399
P142,5	2400	2400
P140,5	2401	2403
P130,5	2404	2406
P136,5	2407	2408
P139,5	2409	2410
P138,5	2411	2415
P144,5	2416	2416
P51,7	2417	2422
P47,7	2423	2429
P88,6	2430	2437
P30,8	2438	2440
P84,6	2441	2441
P91,6	2442	2449
P151,5	2450	2455
P155,5	2456	2463
P86,6	2464	2468
P148,5	2469	2470
P160,5	2471	2475
P150,5	2476	2481
P159,5	2482	2482
P153,5	2483	2487
P26,8	2488	2493
P168,5	2494	2496
P173,5	2497	2501
P53,7	2502	2503
P164,5	2504	2504
P58,7	2505	2512
P55,7	2513	2518
P94,6	2519	2523
P57,7	2524	2526
P12,10	2527	2530
P33,8	2531	2533
P171,5	2534	2541
P163,5	2542	2547
P63,7	2548	2553
P176,5	2554	2558
P185,5	2559	2566
P178,5	2567	2574
P181,5	2575	2578
P105,6	2579	2579
P103,6	2580	2580
P190,5	2581	2581
P102,6	2582	2586
P37,8	2587	2590
P192,5	2591	2598
P59,7	2599	2606
P197,5	2607	2607
P108,6	2608	2612
P195,5	2613	2614
P109,6	2615	2615
P61,7	2616	2622
P113,6	2623	2627
P111,6	2628	2628
P28,9	2629	2631
P199,5	2632	2639
P193,5	2640	2640
P110,6	2641	2643
P70,7	2644	2648
P117,6	2649	2651
P69,7	2652	2653
P118,6	2654	2654
P78,7	2655	2657
P39,8	2658	2665
P121,6	2666	2670
P75,7	2671	2675
P19,9	2676	2677
P123,6	2678	2679
P134,6	2680	2685
P9,10	2686	2692
P141,6	2693	2693
P48,8	2694	2700
P45,8	2701	2703
P14,10	2704	2705
P24,9	2706	2708
P137,6	2709	2716
P138,6	2717	2720
P80,7	2721	2721
P143,6	2722	2723
P49,8	2724	2731
P144,6	2732	2736
P50,8	2737	2739
P77,7	2740	2745
P149,6	2746	2748
P30,9	2749	2756
P47,8	2757	2764
P91,7	2765	2768
P151,6	2769	2775
P147,6	2776	2783
P150,6	2784	2788
P162,6	2789	2792
P161,6	2793	2797
P158,6	2798	2801
P26,9	2802	2803
P153,6	2804	2805
P159,6	2806	2813
P31,9	2814	2817
P58,8	2818	2822
P168,6	2823	2825
P53,8	2826	2832
P164,6	2833	2833
P3,11	2834	2834
P55,8	2835	2835
P98,7	2836	2843
P183,6	2844	2844
P63,8	2845	2848
P170,6	2849	2854
P176,6	2855	2856
P163,6	2857	2860
P95,7	2861	2863
P62,8	2864	2869
P182,6	2870	2873
P190,6	2874	2877
P181,6	2878	2884
P188,6	2885	2889
P187,6	2890	2895
P178,6	2896	2901
P107,7	2902	2903
P191,6	2904	2906
P35,9	2907	2912
P195,6	2913	2918
P192,6	2919	2922
P198,6	2923	2923
P5,11	2924	2929
P113,7	2930	2936
P28,10	2937	2941
P106,7	2942	2942
P69,8	2943	2944
P119,7	2945	2948
P112,7	2949	2951
P70,8	2952	2958
P193,6	2959	2962
P68,8	2963	2970
P64,8	2971	2973
P121,7	2974	2975
P72,8	2976	2976
P118,7	2977	2983
P25,10	2984	2984
P128,7	2985	2991
P124,7	2992	2997
P134,7	2998	2998
P135,7	2999	3001
P79,8	3002	3008
P129,7	3009	3009
P24,10	3010	3012
P45,9	3013	3019
P142,7	3020	3027
P130,7	3028	3028
P49,9	3029	3033
P88,8	3034	3036
P146,7	3037	3038
P47,9	3039	3040
P85,8	3041	3044
P51,9	3045	3047
P30,10	3048	3050
P91,8	3051	3052
P154,7	3053	3060
P86,8	3061	3062
P148,7	3063	3063
P150,7	3064	3065
P158,7	3066	3071
P156,7	3072	3075
P31,10	3076	3080
P174,7	3081	3085
P168,7	3086	3090
P177,7	3091	3094
P93,8	3095	3100
P165,7	3101	3107
P95,8	3108	3113
P166,7	3114	3118
P171,7	3119	3120
P182,7	3121	3122
P172,7	3123	3125
P175,7	3126	3130
P190,7	3131	3135
P178,7	3136	3139
P101,8	3140	3142
P195,7	3143	3146
P191,7	3147	3153
P184,7	3154	3157
P200,7	3158	3162
P192,7	3163	3167
P69,9	3168	3169
P120,8	3170	3176
P66,9	3177	3177
P119,8	3178	3181
P127,8	3182	3188
P70,9	3189	3190
P118,8	3191	3194
P123,8	3195	3201
P141,8	3202	3204
P68,9	3205	3209
P133,8	3210	3210
P135,8	3211	3217
P132,8	3218	3225
P79,9	3226	3232
P136,8	3233	3236
P130,8	3237	3244
P137,8	3245	3246
P51,10	3247	3254
P88,9	3255	3257
P77,9	3258	3260
P146,8	3261	3268
P86,9	3269	3275
P96,9	3276	3281
P162,8	3282	3283
P158,8	3284	3290
P148,8	3291	3295
P168,8	3296	3300
P93,9	3301	3301
P177,8	3302	3308
P95,9	3309	3312
P98,9	3313	3316
P182,8	3317	3323
P176,8	3324	3326
P101,9	3327	3328
P103,9	3329	3331
P172,8	3332	3337
P185,8	3338	3344
P195,8	3345	3345
P111,9	3346	3346
P107,9	3347	3347
P108,9	3348	3355
P119,9	3356	3359
P28,12	3360	3362
P127,9	3363	3370
P120,9	3371	3377
P193,8	3378	3382
P112,9	3383	3390
P118,9	3391	3392
P73,10	3393	3397
P124,9	3398	3403
P48,11	3404	3407
P140,9	3408	3409
P51,11	3410	3416
P47,11	3417	3423
P88,10	3424	3425
P145,9	3426	3426
P154,9	3427	3428
P84,10	3429	3433
P86,10	3434	3437
P146,9	3438	3439
P26,12	3440	3447
P148,9	3448	3455
P168,9	3456	3463
P103,10	3464	3468
P53,11	3469	3472
P163,9	3473	3478
P107,10	3479	3481
P98,10	3482	3485
P111,10	3486	3486
P108,10	3487	3487
P116,10	3488	3492
P127,10	3493	3495
P112,10	3496	3500
P135,10	3501	3508
P193,9	3509	3513
P79,11	3514	3515
P199,9	3516	3521
P77,11	3522	3525
P48,12	3526	3529
P133,10	3530	3537
P154,10	3538	3539
P96,11	3540	3546
P95,11	3547	3552
P57,12	3553	3559
P162,10	3560	3566
P172,10	3567	3567
P175,10	3568	3568
P98,11	3569	3573
P168,10	3574	3578
P192,10	3579	3579
P119,11	3580	3587
P163,10	3588	3591
P111,11	3592	3592
P109,11	3593	3594
P193,10	3595	3601
P73,12	3602	3606
P88,12	3607	3612
P146,11	3613	3613
P172,11	3614	3620
P162,11	3621	3625
P84,12	3626	3632
P119,12	3633	3640
P168,11	3641	3644
P158,11	3645	3646
P175,11	3647	3653
P193,11	3654	3657
P109,12	3658	3664
P172,12	3673	3677
P154,12	3679	3679
P199,12	3686	3690
P176,12	3696	3700
P158,12	3704	3706
CPU1
P3,1	3	8
P4,1	9	14
P6,1	15	21
P9,1	24	24
P11,1	31	33
P13,1	36	40
P14,1	41	41
P15,1	42	43
P16,1	44	44
P4,2	45	46
P8,2	47	49
P18,1	50	52
P20,1	53	56
P5,2	59	60
P1,3	61	62
P22,1	63	66
P23,1	67	70
P24,1	71	76
P14,2	77	77
P17,2	78	84
P9,2	85	92
P16,2	93	97
P27,1	98	103
P29,1	104	107
P31,1	108	111
P8,3	112	115
P3,3	116	123
P4,3	124	127
P22,2	128	133
P35,1	134	141
P20,2	142	143
P23,2	144	149
P36,1	150	150
P19,2	151	152
P5,3	153	154
P1,4	155	159
P38,1	160	160
P25,2	161	164
P40,1	165	168
P41,1	169	176
P43,1	177	181
P44,1	182	183
P9,3	184	189
P46,1	190	195
P16,3	196	198
P11,3	199	203
P30,2	204	206
P48,1	207	208
P49,1	209	210
P15,3	211	214
P50,1	215	215
P3,4	216	219
P26,2	220	223
P52,1	224	226
P32,2	227	234
P53,1	235	235
P8,4	236	242
P55,1	243	248
P6,4	249	252
P2,4	253	260
P4,4	261	266
P59,1	267	270
P60,1	271	272
P22,3	273	277
P36,2	278	283
P62,1	284	289
P40,2	290	293
P65,1	294	298
P67,1	299	302
P68,1	303	310
P42,2	311	312
P19,3	313	320
P28,3	321	324
P70,1	325	330
P43,2	331	332
P44,2	333	340
P11,4	341	345
P17,4	346	349
P46,2	350	354
P73,1	355	359
P75,1	360	366
P78,1	367	373
P79,1	374	377
P24,3	378	385
P16,4	386	392
P51,2	393	395
P15,4	396	401
P47,2	402	405
P27,3	406	409
P50,2	410	410
P14,4	411	411
P52,2	412	412
P87,1	413	414
P29,3	415	416
P26,3	417	421
P88,1	422	425
P3,5	426	429
P89,1	430	430
P90,1	431	431
P91,1	432	438
P54,2	439	439
P12,5	440	442
P20,4	443	446
P56,2	447	450
P94,1	451	451
P95,1	452	459
P58,2	460	462
P97,1	463	464
P98,1	465	469
P7,5	470	470
P100,1	471	471
P6,5	472	474
P62,2	475	482
P101,1	483	484
P37,3	485	489
P63,2	490	490
P40,3	491	494
P104,1	495	502
P59,2	503	504
P4,5	505	511
P107,1	512	516
P61,2	517	521
P64,2	522	523
P109,1	524	531
P111,1	532	538
P112,1	539	542
P21,4	543	543
P114,1	544	551
P28,4	552	557
P5,5	558	559
P116,1	560	560
P23,4	561	564
P39,3	565	565
P117,1	566	568
P41,3	569	570
P69,2	571	577
P120,1	578	578
P11,5	579	582
P13,5	583	584
P25,4	585	590
P71,2	591	593
P124,1	594	594
P125,1	595	599
P73,2	600	604
P126,1	605	612
P78,2	613	613
P128,1	614	621
P74,2	622	623
P131,1	624	624
P132,1	625	629
P134,1	630	634
P9,5	635	635
P135,1	636	640
P77,2	641	644
P79,2	645	650
P138,1	651	653
P76,2	654	660
P140,1	661	664
P24,4	665	667
P141,1	668	674
P48,3	675	681
P145,1	682	688
P80,2	689	693
P82,2	694	699
P27,4	700	706
P14,5	707	714
P50,3	715	717
P149,1	718	723
P84,2	724	731
P151,1	732	735
P88,2	736	736
P90,2	737	744
P89,2	745	748
P31,4	749	753
P8,6	754	759
P29,4	760	767
P55,3	768	775
P156,1	776	782
P32,4	783	789
P160,1	790	790
P161,1	791	794
P162,1	795	801
P54,3	802	805
P164,1	806	810
P166,1	811	811
P167,1	812	819
P169,1	820	827
P170,1	828	828
P171,1	829	831
P33,4	832	839
P7,6	840	841
P173,1	842	845
P38,4	846	851
P174,1	852	855
P99,2	856	859
P57,3	860	862
P177,1	863	866
P100,2	867	874
P178,1	875	880
P179,1	881	881
P34,4	882	883
P103,2	884	887
P181,1	888	895
P183,1	896	902
P62,3	903	903
P185,1	904	904
P22,5	905	905
P186,1	906	907
P37,4	908	908
P105,2	909	913
P107,2	914	917
P4,6	918	925
P189,1	926	932
P190,1	933	940
P191,1	941	944
P109,2	945	949
P194,1	950	957
P108,2	958	962
P196,1	963	964
P197,1	965	968
P198,1	969	973
P199,1	974	977
P42,4	978	978
P61,3	979	981
P112,2	982	985
P5,6	986	986
P21,5	987	990
P113,2	991	995
P66,3	996	1003
P36,4	1004	1005
P28,5	1006	1010
P120,2	1011	1017
P1,7	1018	1024
P11,6	1025	1032
P71,3	1033	1036
P39,4	1037	1040
P125,2	1041	1048
P41,4	1049	1050
P25,5	1051	1057
P43,4	1058	1065
P44,4	1066	1073
P78,3	1074	1079
P13,6	1080	1087
P124,2	1088	1094
P132,2	1095	1101
P72,3	1102	1104
P74,3	1105	1112
P135,2	1113	1114
P139,2	1115	1121
P130,2	1122	1129
P17,6	1130	1134
P138,2	1135	1138
P136,2	1139	1140
P141,2	1141	1142
P142,2	1143	1143
P146,2	1144	1146
P145,2	1147	1149
P48,4	1150	1153
P50,4	1154	1160
P47,4	1161	1164
P27,5	1165	1169
P85,3	1170	1173
P14,6	1174	1175
P147,2	1176	1183
P148,2	1184	1188
P152,2	1189	1196
P88,3	1197	1204
P150,2	1205	1205
P8,7	1206	1207
P154,2	1208	1214
P26,5	1215	1215
P90,3	1216	1218
P89,3	1219	1222
P92,3	1223	1229
P53,4	1230	1237
P18,6	1238	1244
P54,4	1245	1252
P158,2	1253	1258
P161,2	1259	1261
P166,2	1262	1267
P165,2	1268	1269
P159,2	1270	1276
P172,2	1277	1283
P169,2	1284	1285
P3,7	1286	1287
P170,2	1288	1291
P7,7	1292	1294
P167,2	1295	1296
P56,4	1297	1297
P173,2	1298	1300
P174,2	1301	1303
P171,2	1304	1307
P2,7	1308	1314
P175,2	1315	1320
P57,4	1321	1323
P176,2	1324	1324
P104,3	1325	1329
P179,2	1330	1337
P95,3	1338	1342
P180,2	1343	1348
P62,4	1349	1355
P97,3	1356	1356
P178,2	1357	1363
P103,3	1364	1367
P34,5	1368	1369
P186,2	1370	1373
P107,3	1374	1381
P185,2	1382	1389
P189,2	1390	1390
P190,2	1391	1398
P4,7	1399	1400
P40,5	1401	1403
P59,4	1404	1407
P192,2	1408	1408
P35,5	1409	1411
P106,3	1412	1414
P196,2	1415	1416
P200,2	1417	1422
P199,2	1423	1428
P110,3	1429	1434
P42,5	1435	1436
P198,2	1437	1439
P112,3	1440	1443
P114,3	1444	1450
P5,7	1451	1454
P113,3	1455	1456
P68,4	1457	1464
P23,6	1465	1467
P117,3	1468	1472
P10,7	1473	1476
P70,4	1477	1481
P69,4	1482	1485
P115,3	1486	1492
P11,7	1493	1494
P122,3	1495	1501
P121,3	1502	1502
P19,6	1503	1507
P118,3	1508	1514
P78,4	1515	1522
P45,5	1523	1528
P131,3	1529	1533
P74,4	1534	1536
P135,3	1537	1538
P79,4	1539	1540
P128,3	1541	1547
P9,7	1548	1553
P137,3	1554	1557
P133,3	1558	1558
P141,3	1559	1560
P48,5	1561	1564
P142,3	1565	1567
P143,3	1568	1575
P145,3	1576	1583
P15,7	1584	1591
P14,7	1592	1598
P144,3	1599	1605
P16,7	1606	1607
P80,4	1608	1613
P147,3	1614	1620
P30,6	1621	1628
P149,3	1629	1633
P91,4	1634	1639
P90,4	1640	1646
P8,8	1647	1651
P26,6	1652	1659
P157,3	1660	1664
P89,4	1665	1672
P153,3	1673	1675
P161,3	1676	1682
P53,5	1683	1687
P159,3	1688	1690
P160,3	1691	1696
P166,3	1697	1698
P55,5	1699	1702
P169,3	1703	1708
P20,7	1709	1709
P33,6	1710	1712
P164,3	1713	1717
P168,3	1718	1719
P93,4	1720	1726
P177,3	1727	1731
P170,3	1732	1737
P163,3	1738	1740
P176,3	1741	1744
P171,3	1745	1748
P57,5	1749	1756
P175,3	1757	1758
P104,4	1759	1762
P183,3	1763	1765
P99,4	1766	1773
P182,3	1774	1776
P181,3	1777	1779
P62,5	1780	1781
P97,4	1782	1787
P37,6	1788	1793
P189,3	1794	1797
P185,3	1798	1800
P187,3	1801	1808
P102,4	1809	1810
P105,4	1811	1814
P192,3	1815	1817
P108,4	1818	1824
P200,3	1825	1829
P191,3	1830	1831
P65,5	1832	1835
P106,4	1836	1841
P196,3	1842	1849
P112,4	1850	1857
P193,3	1858	1863
P114,4	1864	1871
P5,8	1872	1874
P117,4	1875	1877
P23,7	1878	1879
P111,4	1880	1881
P10,8	1882	1884
P125,4	1885	1890
P64,5	1891	1894
P120,4	1895	1898
P115,4	1899	1905
P118,4	1906	1910
P121,4	1911	1911
P69,5	1912	1918
P122,4	1919	1920
P25,7	1921	1923
P19,7	1924	1929
P73,5	1930	1934
P78,5	1935	1935
P131,4	1936	1941
P127,4	1942	1944
P45,6	1945	1951
P128,4	1952	1957
P135,4	1958	1965
P48,6	1966	1971
P79,5	1972	1979
P130,4	1980	1986
P142,4	1987	1989
P140,4	1990	1990
P143,4	1991	1997
P139,4	1998	2002
P51,6	2003	2010
P81,5	2011	2011
P146,4	2012	2019
P16,8	2020	2026
P80,5	2027	2034
P87,5	2035	2039
P47,6	2040	2041
P147,4	2042	2048
P90,5	2049	2054
P30,7	2055	2057
P148,4	2058	2065
P154,4	2066	2069
P151,4	2070	2075
P157,4	2076	2079
P89,5	2080	2080
P26,7	2081	2088
P161,4	2089	2091
P156,4	2092	2098
P153,4	2099	2102
P160,4	2103	2109
P18,8	2110	2115
P53,6	2116	2117
P58,6	2118	2122
P3,9	2123	2130
P173,4	2131	2135
P177,4	2136	2139
P165,4	2140	2141
P20,8	2142	2142
P169,4	2143	2143
P164,4	2144	2149
P170,4	2150	2151
P96,5	2152	2154
P94,5	2155	2157
P175,4	2158	2158
P12,9	2159	2160
P172,4	2161	2164
P104,5	2165	2171
P176,4	2172	2175
P180,4	2176	2179
P183,4	2180	2187
P178,4	2188	2193
P100,5	2194	2198
P185,4	2199	2203
P186,4	2204	2209
P184,4	2210	2213
P188,4	2214	2221
P101,5	2222	2229
P102,5	2230	2231
P105,5	2232	2239
P35,7	2240	2247
P59,6	2248	2253
P196,4	2254	2258
P108,5	2259	2265
P194,4	2266	2270
P65,6	2271	2274
P40,7	2275	2280
P195,4	2281	2281
P111,5	2282	2288
P110,5	2289	2290
P114,5	2291	2294
P116,5	2295	2302
P23,8	2303	2303
P5,9	2304	2306
P125,5	2307	2307
P120,5	2308	2313
P119,5	2314	2317
P117,5	2318	2320
P70,6	2321	2324
P69,6	2325	2331
P122,5	2332	2333
P118,5	2334	2334
P74,6	2335	2336
P78,6	2337	2341
P123,5	2342	2348
P75,6	2349	2350
P126,5	2351	2357
P127,5	2358	2361
P132,5	2362	2364
P128,5	2365	2366
P131,5	2367	2372
P133,5	2373	2374
P45,7	2375	2382
P141,5	2383	2383
P9,9	2384	2385
P135,5	2386	2392
P14,9	2393	2400
P24,8	2401	2407
P77,6	2408	2410
P81,6	2411	2414
P80,6	2415	2420
P145,5	2421	2421
P50,7	2422	2423
P146,5	2424	2425
P85,6	2426	2427
P147,5	2428	2431
P149,5	2432	2437
P82,6	2438	2445
P154,5	2446	2453
P90,6	2454	2459
P157,5	2460	2460
P152,5	2461	2467
P156,5	2468	2468
P8,10	2469	2476
P31,8	2477	2482
P162,5	2483	2489
P161,5	2490	2494
P158,5	2495	2496
P165,5	2497	2497
P20,9	2498	2505
P96,6	2506	2511
P174,5	2512	2512
P166,5	2513	2518
P3,10	2519	2524
P170,5	2525	2528
P93,6	2529	2529
P177,5	2530	2531
P175,5	2532	2534
P180,5	2535	2537
P98,6	2538	2539
P172,5	2540	2544
P183,5	2545	2545
P95,6	2546	2550
P167,5	2551	2556
P62,7	2557	2560
P100,6	2561	2562
P186,5	2563	2567
P188,5	2568	2569
P182,5	2570	2574
P184,5	2575	2579
P101,6	2580	2583
P35,8	2584	2586
P187,5	2587	2592
P107,6	2593	2598
P200,5	2599	2605
P191,5	2606	2607
P198,5	2608	2612
P106,6	2613	2615
P114,6	2616	2617
P40,8	2618	2622
P112,6	2623	2628
P23,9	2629	2633
P5,10	2634	2635
P120,6	2636	2640
P116,6	2641	2642
P66,7	2643	2647
P119,6	2648	2650
P122,6	2651	2656
P64,7	2657	2660
P68,7	2661	2666
P72,7	2667	2673
P127,6	2674	2678
P124,6	2679	2679
P132,6	2680	2680
P128,6	2681	2688
P135,6	2689	2690
P131,6	2691	2698
P25,9	2699	2700
P129,6	2701	2702
P133,6	2703	2703
P73,7	2704	2707
P130,6	2708	2710
P79,7	2711	2717
P140,6	2718	2720
P81,7	2721	2722
P136,6	2723	2728
P142,6	2729	2736
P145,6	2737	2744
P146,6	2745	2749
P88,7	2750	2757
P84,7	2758	2765
P51,8	2766	2767
P154,6	2768	2773
P85,7	2774	2775
P90,7	2776	2779
P86,7	2780	2787
P156,6	2788	2788
P148,6	2789	2794
P152,6	2795	2802
P8,11	2803	2805
P173,6	2806	2810
P174,6	2811	2814
P20,10	2815	2818
P96,7	2819	2826
P165,6	2827	2833
P57,8	2834	2834
P177,6	2835	2840
P166,6	2841	2845
P171,6	2846	2846
P93,7	2847	2853
P175,6	2854	2858
P186,6	2859	2860
P172,6	2861	2864
P100,7	2865	2867
P167,6	2868	2869
P185,6	2870	2871
P103,7	2872	2875
P102,7	2876	2881
P105,7	2882	2887
P101,7	2888	2893
P37,9	2894	2896
P184,6	2897	2904
P200,6	2905	2911
P108,7	2912	2918
P109,7	2919	2919
P111,7	2920	2922
P120,7	2923	2928
P23,10	2929	2936
P199,6	2937	2941
P116,7	2942	2943
P40,9	2944	2951
P39,9	2952	2956
P66,8	2957	2957
P117,7	2958	2959
P127,7	2960	2967
P123,7	2968	2975
P132,7	2976	2980
P78,8	2981	2986
P133,7	2987	2991
P141,7	2992	2992
P73,8	2993	2999
P81,8	3000	3006
P48,9	3007	3009
P136,7	3010	3015
P80,8	3016	3018
P14,11	3019	3021
P140,7	3022	3028
P137,7	3029	3033
P77,8	3034	3034
P145,7	3035	3038
P149,7	3039	3044
P147,7	3045	3052
P84,8	3053	3058
P162,7	3059	3065
P96,8	3066	3071
P161,7	3072	3079
P26,10	3080	3085
P57,9	3086	3089
P159,7	3090	3092
P98,8	3093	3098
P163,7	3099	3099
P55,9	3100	3104
P176,7	3105	3108
P53,9	3109	3111
P167,7	3112	3116
P103,8	3117	3121
P100,8	3122	3125
P188,7	3126	3133
P185,7	3134	3138
P105,8	3139	3139
P107,8	3140	3146
P108,8	3147	3151
P111,8	3152	3152
P37,10	3153	3158
P35,10	3159	3160
P109,8	3161	3168
P116,8	3169	3171
P193,7	3172	3175
P199,7	3176	3183
P28,11	3184	3184
P112,8	3185	3189
P128,8	3190	3193
P117,8	3194	3201
P73,9	3202	3207
P64,9	3208	3211
P124,8	3212	3219
P121,8	3220	3221
P72,9	3222	3226
P45,10	3227	3228
P48,10	3229	3235
P129,8	3236	3236
P47,10	3237	3243
P81,9	3244	3250
P142,8	3251	3251
P140,8	3252	3252
P91,9	3253	3255
P145,8	3256	3256
P85,9	3257	3264
P147,8	3265	3271
P149,8	3272	3276
P154,8	3277	3278
P84,9	3279	3284
P159,8	3285	3290
P26,11	3291	3295
P57,10	3296	3299
P55,10	3300	3302
P53,10	3303	3307
P31,11	3308	3308
P167,8	3309	3316
P100,9	3317	3318
P175,8	3319	3319
P163,8	3320	3325
P171,8	3326	3326
P166,8	3327	3327
P190,8	3328	3333
P37,11	3334	3339
P178,8	3340	3346
P35,11	3347	3350
P69,10	3351	3353
P66,10	3354	3355
P184,8	3356	3361
P116,9	3362	3363
P200,8	3364	3369
P192,8	3370	3371
P109,9	3372	3379
P128,9	3380	3385
P64,10	3386	3387
P199,8	3388	3388
P135,9	3389	3395
P79,10	3396	3396
P72,10	3397	3398
P130,9	3399	3399
P133,9	3400	3402
P68,10	3403	3409
P132,9	3410	3412
P81,10	3413	3416
P136,9	3417	3423
P85,10	3424	3424
P77,10	3425	3426
P96,10	3427	3432
P158,9	3433	3437
P57,11	3438	3442
P162,9	3443	3448
P101,10	3449	3449
P31,12	3450	3452
P95,10	3453	3453
P176,9	3454	3461
P100,10	3462	3463
P171,9	3464	3467
P172,9	3468	3469
P177,9	3470	3473
P167,9	3474	3477
P175,9	3478	3478
P166,9	3479	3479
P182,9	3480	3482
P195,9	3483	3489
P119,10	3490	3494
P128,10	3495	3501
P192,9	3502	3502
P109,10	3503	3509
P73,11	3510	3514
P140,10	3515	3516
P124,10	3517	3521
P118,10	3522	3529
P47,12	3530	3537
P88,11	3538	3542
P81,11	3543	3543
P86,11	3544	3546
P146,10	3547	3548
P101,11	3549	3552
P84,11	3553	3553
P177,10	3554	3555
P158,10	3556	3560
P176,10	3561	3566
P182,10	3567	3569
P167,10	3570	3574
P195,10	3575	3575
P53,12	3576	3583
P128,11	3584	3589
P112,11	3590	3592
P108,11	3593	3593
P135,11	3594	3598
P77,12	3599	3599
P79,12	3600	3604
P199,10	3605	3608
P81,12	3609	3611
P118,11	3612	3613
P96,12	3614	3617
P154,11	3618	3623
P182,11	3624	3631
P177,11	3632	3638
P167,11	3639	3643
P108,12	3644	3647
P176,11	3648	3652
P118,12	3653	3658
P199,11	3659	3659
P135,12	3660	3664
P146,12	3674	3674
P182,12	3689	3689
