CPU0
P1,1	0	2
P2,1	3	4
P3,1	5	6
P4,1	7	8
P5,1	9	10
P2,1	11	12
P3,1	13	14
P6,1	15	16
P4,1	17	18
P7,1	19	19
P5,1	20	21
P6,1	22	23
P2,1	24	25
P3,1	26	27
P4,1	28	29
P8,1	30	31
P9,1	32	32
P10,1	33	34
P1,2	35	36
P11,1	37	38
P12,1	39	40
P13,1	41	42
P14,1	43	43
P15,1	44	45
P5,1	46	47
P6,1	48	49
P2,1	50	50
P11,1	51	51
P16,1	52	52
P17,1	53	54
P18,1	55	56
P19,1	57	57
P7,2	58	59
P20,1	60	61
P8,2	62	63
P21,1	64	65
P4,2	66	67
P22,1	68	69
P12,1	70	71
P13,1	72	73
P5,1	74	74
P6,1	75	75
P17,1	76	77
P18,1	78	78
P7,2	79	79
P23,1	80	81
P1,3	82	83
P24,1	84	85
P14,2	86	86
P25,1	87	88
P10,2	89	90
P2,2	91	92
P26,1	93	94
P20,1	95	96
P8,2	97	97
P21,1	98	99
P22,1	100	101
P12,1	102	103
P13,1	104	104
P17,1	105	106
P27,1	107	108
P15,2	109	110
P28,1	111	112
P3,2	113	114
P9,2	115	116
P16,2	117	118
P29,1	119	120
P30,1	121	122
P31,1	123	124
P32,1	125	126
P33,1	127	128
P23,1	129	130
P24,1	131	132
P25,1	133	134
P10,2	135	136
P2,2	137	138
P26,1	139	140
P21,1	141	142
P34,1	143	144
P11,2	145	145
P35,1	146	147
P36,1	148	148
P18,2	149	150
P37,1	151	152
P19,2	153	154
P5,2	155	156
P38,1	157	157
P12,1	158	159
P17,1	160	160
P27,1	161	162
P15,2	163	164
P3,2	165	166
P9,2	167	168
P16,2	169	170
P4,3	171	172
P39,1	173	174
P40,1	175	176
P41,1	177	178
P42,1	179	180
P13,2	181	182
P43,1	183	184
P44,1	185	186
P6,2	187	187
P45,1	188	189
P7,3	190	191
P1,4	192	193
P46,1	194	195
P22,2	196	197
P47,1	198	199
P28,2	200	201
P29,1	202	203
P30,1	204	204
P31,1	205	206
P32,1	207	208
P33,1	209	210
P24,1	211	212
P48,1	213	214
P8,3	215	216
P49,1	217	218
P14,3	219	220
P50,1	221	221
P20,2	222	223
P51,1	224	225
P52,1	226	227
P26,1	228	229
P21,1	230	231
P34,1	232	233
P35,1	234	235
P18,2	236	237
P37,1	238	238
P53,1	239	239
P54,1	240	241
P55,1	242	243
P23,2	244	245
P56,1	246	247
P10,3	248	248
P11,3	249	250
P25,2	251	252
P57,1	253	254
P27,1	255	256
P15,2	257	258
P3,2	259	259
P9,2	260	261
P16,2	262	262
P4,3	263	264
P39,1	265	266
P40,1	267	268
P41,1	269	270
P58,1	271	271
P59,1	272	273
P60,1	274	275
P17,2	276	277
P38,2	278	278
P36,2	279	280
P61,1	281	282
P62,1	283	284
P2,3	285	286
P63,1	287	288
P12,2	289	290
P64,1	291	292
P65,1	293	294
P42,1	295	296
P13,2	297	298
P43,1	299	300
P45,1	301	302
P7,3	303	304
P1,4	305	306
P46,1	307	308
P22,2	309	310
P47,1	311	312
P66,1	313	314
P67,1	315	316
P68,1	317	318
P5,3	319	320
P69,1	321	322
P19,3	323	324
P6,3	325	326
P70,1	327	328
P28,2	329	330
P32,1	331	332
P33,1	333	334
P8,3	335	336
P71,1	337	338
P44,2	339	340
P72,1	341	342
P73,1	343	344
P74,1	345	346
P75,1	347	348
P76,1	349	350
P77,1	351	352
P30,2	353	354
P78,1	355	356
P14,3	357	358
P51,1	359	360
P52,1	361	361
P34,1	362	363
P35,1	364	365
P18,2	366	367
P79,1	368	369
P29,2	370	371
P80,1	372	373
P49,2	374	375
P20,3	376	377
P31,2	378	379
P81,1	380	381
P48,2	382	383
P82,1	384	385
P83,1	386	387
P37,2	388	389
P84,1	390	391
P54,1	392	393
P55,1	394	395
P23,2	396	397
P56,1	398	399
P11,3	400	401
P25,2	402	403
P57,1	404	404
P85,1	405	406
P86,1	407	408
P24,2	409	410
P87,1	411	412
P50,2	413	413
P88,1	414	415
P53,2	416	417
P3,3	418	419
P9,2	420	421
P39,1	422	423
P41,1	424	425
P59,1	426	427
P17,2	428	429
P89,1	430	430
P26,2	431	432
P21,2	433	433
P90,1	434	434
P91,1	435	436
P92,1	437	438
P40,2	439	440
P16,3	441	442
P36,2	443	444
P61,1	445	446
P62,1	447	448
P2,3	449	449
P12,2	450	451
P65,1	452	453
P42,1	454	455
P93,1	456	457
P94,1	458	458
P10,4	459	460
P95,1	461	462
P96,1	463	464
P38,3	465	466
P97,1	467	468
P98,1	469	470
P27,2	471	472
P99,1	473	474
P58,2	475	476
P100,1	477	477
P15,3	478	479
P101,1	480	481
P4,4	482	483
P102,1	484	484
P63,2	485	485
P43,1	486	486
P45,1	487	488
P1,4	489	489
P46,1	490	491
P22,2	492	493
P66,1	494	494
P67,1	495	496
P68,1	497	498
P103,1	499	500
P104,1	501	502
P105,1	503	504
P106,1	505	506
P107,1	507	508
P108,1	509	510
P64,2	511	512
P109,1	513	514
P60,2	515	516
P110,1	517	518
P19,3	519	520
P6,3	521	522
P70,1	523	524
P28,2	525	526
P33,1	527	527
P71,1	528	529
P111,1	530	531
P112,1	532	533
P113,1	534	535
P13,3	536	537
P114,1	538	539
P7,4	540	540
P115,1	541	542
P116,1	543	543
P44,2	544	545
P72,1	546	547
P73,1	548	549
P74,1	550	551
P75,1	552	553
P76,1	554	555
P77,1	556	557
P30,2	558	558
P78,1	559	560
P14,3	561	561
P5,4	562	563
P117,1	564	565
P47,2	566	567
P118,1	568	568
P32,2	569	570
P69,2	571	572
P119,1	573	574
P120,1	575	575
P121,1	576	577
P51,1	578	578
P34,1	579	580
P35,1	581	582
P79,1	583	584
P29,2	585	586
P80,1	587	587
P49,2	588	589
P20,3	590	591
P31,2	592	593
P122,1	594	595
P8,4	596	597
P123,1	598	599
P124,1	600	600
P125,1	601	602
P126,1	603	604
P127,1	605	606
P81,1	607	608
P48,2	609	610
P83,1	611	611
P84,1	612	613
P54,1	614	615
P55,1	616	617
P23,2	618	619
P56,1	620	621
P128,1	622	623
P129,1	624	625
P52,2	626	626
P130,1	627	628
P131,1	629	629
P132,1	630	631
P133,1	632	633
P134,1	634	635
P135,1	636	637
P136,1	638	639
P137,1	640	641
P138,1	642	643
P18,3	644	645
P11,3	646	646
P86,1	647	648
P88,1	649	650
P53,2	651	652
P3,3	653	654
P139,1	655	656
P140,1	657	658
P82,2	659	660
P141,1	661	662
P142,1	663	664
P143,1	665	666
P144,1	667	668
P145,1	669	670
P146,1	671	671
P37,3	672	673
P85,2	674	675
P41,1	676	677
P17,2	678	679
P26,2	680	681
P91,1	682	683
P92,1	684	685
P147,1	686	686
P57,2	687	687
P148,1	688	689
P149,1	690	691
P50,3	692	693
P150,1	694	695
P151,1	696	697
P152,1	698	699
P24,3	700	701
P87,2	702	703
P89,2	704	705
P90,2	706	707
P153,1	708	709
P25,3	710	711
P9,3	712	713
P40,2	714	715
P16,3	716	716
P36,2	717	718
P61,1	719	720
P62,1	721	722
P12,2	723	723
P65,1	724	724
P42,1	725	725
P93,1	726	727
P154,1	728	729
P155,1	730	731
P39,2	732	733
P156,1	734	735
P157,1	736	736
P158,1	737	737
P159,1	738	739
P160,1	740	740
P161,1	741	742
P162,1	743	744
P59,2	745	746
P10,4	747	748
P95,1	749	750
P96,1	751	752
P38,3	753	754
P98,1	755	756
P27,2	757	758
P99,1	759	760
P58,2	761	761
P15,3	762	763
P163,1	764	765
P164,1	766	767
P165,1	768	769
P21,3	770	770
P166,1	771	771
P167,1	772	773
P168,1	774	775
P169,1	776	777
P170,1	778	778
P171,1	779	780
P172,1	781	782
P4,4	783	784
P45,1	785	786
P68,1	787	788
P173,1	789	790
P2,4	791	792
P174,1	793	794
P63,3	795	795
P175,1	796	797
P94,2	798	799
P176,1	800	801
P177,1	802	803
P103,1	804	804
P104,1	805	806
P105,1	807	808
P106,1	809	810
P107,1	811	812
P108,1	813	814
P109,1	815	816
P60,2	817	818
P110,1	819	820
P178,1	821	822
P97,2	823	823
P100,2	824	825
P43,2	826	827
P46,2	828	829
P101,2	830	831
P179,1	832	832
P180,1	833	834
P181,1	835	836
P182,1	837	838
P183,1	839	840
P184,1	841	842
P102,2	843	844
P185,1	845	845
P67,2	846	847
P186,1	848	849
P1,5	850	851
P19,3	852	853
P6,3	854	855
P70,1	856	857
P28,2	858	859
P71,1	860	861
P111,1	862	863
P112,1	864	865
P113,1	866	866
P13,3	867	868
P114,1	869	870
P187,1	871	872
P188,1	873	874
P22,3	875	876
P189,1	877	878
P190,1	879	880
P66,2	881	881
P191,1	882	883
P192,1	884	885
P64,3	886	887
P115,1	888	889
P44,2	890	891
P72,1	892	893
P73,1	894	894
P74,1	895	895
P75,1	896	897
P77,1	898	898
P193,1	899	900
P194,1	901	902
P195,1	903	904
P196,1	905	906
P197,1	907	908
P198,1	909	910
P199,1	911	912
P200,1	913	914
P116,2	915	916
P7,5	917	917
P78,1	918	919
P5,4	920	920
P117,1	921	921
P47,2	922	923
P32,2	924	925
P69,2	926	927
P119,1	928	929
P121,1	930	931
P33,2	932	933
P29,2	934	935
P49,2	936	937
P20,3	938	939
P31,2	940	941
P8,4	942	943
P123,1	944	945
P30,3	946	947
P120,2	948	949
P51,2	950	951
P76,2	952	953
P125,1	954	955
P126,1	956	957
P127,1	958	958
P84,1	959	959
P14,4	960	960
P79,2	961	962
P118,2	963	964
P122,2	965	966
P34,2	967	968
P35,2	969	970
P80,2	971	972
P56,1	973	973
P128,1	974	975
P129,1	976	977
P130,1	978	979
P132,1	980	981
P134,1	982	983
P135,1	984	985
P136,1	986	987
P83,2	988	989
P81,2	990	991
P48,3	992	993
P124,2	994	995
P137,1	996	997
P138,1	998	998
P18,3	999	1000
P53,2	1001	1001
P3,3	1002	1003
P140,1	1004	1005
P131,2	1006	1007
P54,2	1008	1008
P55,2	1009	1009
P11,4	1010	1011
P23,3	1012	1013
P133,2	1014	1015
P88,2	1016	1016
P86,2	1017	1018
P82,2	1019	1020
P141,1	1021	1022
P142,1	1023	1024
P143,1	1025	1026
P144,1	1027	1028
P145,1	1029	1030
P37,3	1031	1032
P85,2	1033	1034
P17,2	1035	1035
P139,2	1036	1037
P52,3	1038	1039
P91,1	1040	1041
P92,1	1042	1043
P148,1	1044	1045
P149,1	1046	1047
P50,3	1048	1048
P150,1	1049	1050
P151,1	1051	1052
P152,1	1053	1054
P146,2	1055	1056
P41,2	1057	1058
P24,3	1059	1060
P87,2	1061	1062
P89,2	1063	1064
P90,2	1065	1066
P25,3	1067	1067
P9,3	1068	1069
P26,3	1070	1071
P147,2	1072	1073
P57,3	1074	1075
P61,1	1076	1076
P93,1	1077	1078
P154,1	1079	1080
P155,1	1081	1081
P156,1	1082	1083
P159,1	1084	1085
P40,3	1086	1087
P62,2	1088	1089
P12,3	1090	1091
P65,2	1092	1093
P42,2	1094	1095
P161,1	1096	1097
P162,1	1098	1099
P10,4	1100	1101
P95,1	1102	1103
P96,1	1104	1105
P38,3	1106	1107
P98,1	1108	1108
P27,2	1109	1110
P153,2	1111	1112
P39,3	1113	1113
P16,4	1114	1115
P36,3	1116	1117
P160,2	1118	1119
P157,2	1120	1121
P99,1	1122	1123
P163,1	1124	1125
P164,1	1126	1127
P165,1	1128	1129
P167,1	1130	1131
P168,1	1132	1133
P169,1	1134	1135
P158,2	1136	1137
P21,4	1138	1138
P59,3	1139	1140
P58,3	1141	1141
P166,2	1142	1143
P171,1	1144	1144
P172,1	1145	1146
P4,4	1147	1148
P68,1	1149	1150
P173,1	1151	1152
P2,4	1153	1154
P174,1	1155	1156
P94,2	1157	1158
P15,4	1159	1160
P170,2	1161	1162
P45,2	1163	1164
P176,1	1165	1166
P177,1	1167	1168
P104,1	1169	1170
P106,1	1171	1172
P107,1	1173	1173
P109,1	1174	1175
P60,2	1176	1177
P103,2	1178	1179
P178,1	1180	1181
P100,2	1182	1183
P46,2	1184	1185
P101,2	1186	1187
P180,1	1188	1189
P181,1	1190	1191
P182,1	1192	1193
P63,4	1194	1195
P175,2	1196	1197
P105,2	1198	1199
P110,2	1200	1201
P108,2	1202	1203
P183,1	1204	1205
P184,1	1206	1207
P102,2	1208	1209
P67,2	1210	1211
P1,5	1212	1213
P19,3	1214	1215
P6,3	1216	1217
P43,3	1218	1219
P179,2	1220	1221
P71,1	1222	1222
P111,1	1223	1224
P13,3	1225	1225
P114,1	1226	1227
P187,1	1228	1229
P188,1	1230	1231
P22,3	1232	1233
P189,1	1234	1235
P97,3	1236	1236
P186,2	1237	1238
P28,3	1239	1240
P112,2	1241	1242
P190,1	1243	1244
P191,1	1245	1246
P64,3	1247	1247
P115,1	1248	1249
P44,2	1250	1251
P72,1	1252	1252
P75,1	1253	1253
P185,2	1254	1255
P70,2	1256	1257
P66,3	1258	1259
P113,2	1260	1261
P193,1	1262	1263
P194,1	1264	1265
P195,1	1266	1267
P197,1	1268	1269
P198,1	1270	1271
P199,1	1272	1273
P200,1	1274	1275
P116,2	1276	1277
P78,1	1278	1278
P73,2	1279	1280
P192,2	1281	1281
P74,2	1282	1283
P32,2	1284	1285
P69,2	1286	1287
P121,1	1288	1288
P29,2	1289	1290
P49,2	1291	1291
P20,3	1292	1293
P77,2	1294	1295
P117,2	1296	1297
P196,2	1298	1299
P7,6	1300	1301
P31,2	1302	1302
P8,4	1303	1304
P123,1	1305	1306
P120,2	1307	1308
P51,2	1309	1309
P76,2	1310	1311
P125,1	1312	1312
P126,1	1313	1314
P47,3	1315	1316
P33,3	1317	1318
P119,2	1319	1320
P5,5	1321	1322
P79,2	1323	1324
P118,2	1325	1326
P122,2	1327	1328
P34,2	1329	1330
P35,2	1331	1332
P80,2	1333	1334
P128,1	1335	1336
P129,1	1337	1337
P130,1	1338	1339
P127,2	1340	1341
P14,5	1342	1343
P132,1	1344	1344
P134,1	1345	1345
P135,1	1346	1346
P136,1	1347	1348
P83,2	1349	1350
P81,2	1351	1352
P48,3	1353	1354
P124,2	1355	1356
P137,1	1357	1358
P84,2	1359	1360
P30,4	1361	1362
P56,2	1363	1364
P3,3	1365	1366
P131,2	1367	1368
P11,4	1369	1370
P23,3	1371	1371
P133,2	1372	1373
P86,2	1374	1374
P140,2	1375	1376
P55,3	1377	1378
P18,4	1379	1380
P82,2	1381	1382
P141,1	1383	1384
P142,1	1385	1385
P143,1	1386	1387
P144,1	1388	1389
P145,1	1390	1391
P37,3	1392	1392
P139,2	1393	1394
P52,3	1395	1396
P138,2	1397	1398
P53,3	1399	1400
P88,3	1401	1402
P54,3	1403	1404
P91,1	1405	1405
P148,1	1406	1407
P149,1	1408	1409
P150,1	1410	1411
P152,1	1412	1413
P146,2	1414	1414
P41,2	1415	1416
P92,2	1417	1418
P50,4	1419	1420
P17,3	1421	1422
P24,3	1423	1424
P90,2	1425	1426
P9,3	1427	1428
P26,3	1429	1430
P147,2	1431	1432
P57,3	1433	1433
P93,1	1434	1434
P85,3	1435	1436
P151,2	1437	1438
P87,3	1439	1440
P154,1	1441	1442
P156,1	1443	1444
P159,1	1445	1446
P40,3	1447	1448
P62,2	1449	1450
P12,3	1451	1452
P162,1	1453	1454
P89,3	1455	1456
P25,4	1457	1458
P155,2	1459	1460
P10,4	1461	1461
P95,1	1462	1463
P96,1	1464	1464
P38,3	1465	1465
P153,2	1466	1466
P16,4	1467	1468
P36,3	1469	1470
P61,2	1471	1472
P42,3	1473	1474
P161,2	1475	1476
P157,2	1477	1478
P99,1	1479	1480
P163,1	1481	1482
P164,1	1483	1483
P167,1	1484	1485
P168,1	1486	1487
P169,1	1488	1489
P158,2	1490	1491
P27,3	1492	1493
P65,3	1494	1495
P98,2	1496	1497
P59,3	1498	1499
P166,2	1500	1501
P172,1	1502	1503
P2,4	1504	1505
P94,2	1506	1507
P39,4	1508	1509
P165,2	1510	1511
P58,4	1512	1513
P160,3	1514	1515
P15,4	1516	1517
P170,2	1518	1519
P45,2	1520	1521
P176,1	1522	1523
P104,1	1524	1525
P109,1	1526	1527
P60,2	1528	1528
P103,2	1529	1530
P21,5	1531	1532
P174,2	1533	1534
P68,2	1535	1536
P177,2	1537	1538
P173,2	1539	1540
P107,2	1541	1542
P178,1	1543	1544
P100,2	1545	1546
P46,2	1547	1547
P180,1	1548	1549
P181,1	1550	1551
P182,1	1552	1553
P63,4	1554	1555
P175,2	1556	1557
P105,2	1558	1559
P171,2	1560	1561
P4,5	1562	1563
P106,2	1564	1565
P110,2	1566	1567
P108,2	1568	1569
P183,1	1570	1571
P184,1	1572	1573
P102,2	1574	1575
P1,5	1576	1577
P67,3	1578	1579
P6,4	1580	1581
P179,2	1582	1583
P111,1	1584	1584
P114,1	1585	1586
P187,1	1587	1588
P188,1	1589	1590
P22,3	1591	1591
P189,1	1592	1593
P186,2	1594	1595
P101,3	1596	1597
P28,3	1598	1599
P112,2	1600	1601
P190,1	1602	1603
P185,2	1604	1605
P66,3	1606	1607
P71,2	1608	1609
P19,4	1610	1611
P191,2	1612	1613
P43,4	1614	1615
P13,4	1616	1617
P113,2	1618	1619
P193,1	1620	1621
P194,1	1622	1623
P195,1	1624	1625
P198,1	1626	1626
P200,1	1627	1627
P116,2	1628	1629
P75,2	1630	1631
P97,4	1632	1633
P70,3	1634	1635
P115,2	1636	1637
P73,2	1638	1639
P32,2	1640	1641
P69,2	1642	1642
P77,2	1643	1644
P117,2	1645	1646
P78,2	1647	1647
P64,4	1648	1649
P44,3	1650	1651
P197,2	1652	1653
P199,2	1654	1655
P192,3	1656	1657
P72,2	1658	1659
P8,4	1660	1660
P120,2	1661	1662
P76,2	1663	1664
P126,1	1665	1666
P47,3	1667	1668
P33,3	1669	1669
P74,3	1670	1671
P121,2	1672	1673
P123,2	1674	1675
P7,7	1676	1677
P125,2	1678	1679
P31,3	1680	1681
P49,3	1682	1683
P20,4	1684	1685
P51,3	1686	1687
P119,2	1688	1689
P79,2	1690	1691
P118,2	1692	1693
P122,2	1694	1694
P80,2	1695	1695
P128,1	1696	1697
P130,1	1698	1698
P196,3	1699	1700
P5,6	1701	1701
P29,3	1702	1703
P127,2	1704	1705
P14,5	1706	1707
P136,1	1708	1708
P83,2	1709	1710
P81,2	1711	1712
P48,3	1713	1714
P124,2	1715	1716
P137,1	1717	1718
P34,3	1719	1720
P35,3	1721	1722
P132,2	1723	1724
P129,2	1725	1726
P134,2	1727	1728
P84,2	1729	1730
P30,4	1731	1731
P56,2	1732	1733
P11,4	1734	1734
P133,2	1735	1736
P140,2	1737	1737
P55,3	1738	1739
P135,2	1740	1741
P3,4	1742	1743
P18,4	1744	1745
P141,1	1746	1746
P143,1	1747	1747
P144,1	1748	1748
P145,1	1749	1749
P139,2	1750	1751
P52,3	1752	1753
P138,2	1754	1755
P131,3	1756	1757
P82,3	1758	1758
P53,3	1759	1759
P88,3	1760	1761
P54,3	1762	1763
P148,1	1764	1765
P152,1	1766	1766
P41,2	1767	1768
P142,2	1769	1769
P86,3	1770	1771
P23,4	1772	1773
P91,2	1774	1775
P50,4	1776	1777
P17,3	1778	1779
P24,3	1780	1781
P90,2	1782	1783
P26,3	1784	1784
P147,2	1785	1786
P85,3	1787	1788
P151,2	1789	1790
P37,4	1791	1791
P149,2	1792	1793
P92,3	1794	1795
P150,2	1796	1796
P87,3	1797	1798
P156,1	1799	1799
P159,1	1800	1801
P62,2	1802	1803
P12,3	1804	1805
P162,1	1806	1806
P89,3	1807	1808
P25,4	1809	1810
P154,2	1811	1812
P146,3	1813	1814
P57,4	1815	1816
P93,2	1817	1818
P9,4	1819	1820
P155,2	1821	1822
P16,4	1823	1824
P36,3	1825	1825
P61,2	1826	1827
P42,3	1828	1829
P161,2	1830	1830
P157,2	1831	1832
P96,2	1833	1834
P38,4	1835	1836
P163,1	1837	1837
P167,1	1838	1839
P168,1	1840	1840
P169,1	1841	1842
P158,2	1843	1844
P27,3	1845	1846
P65,3	1847	1848
P98,2	1849	1850
P40,4	1851	1852
P10,5	1853	1854
P99,2	1855	1856
P95,2	1857	1858
P166,2	1859	1860
P2,4	1861	1862
P39,4	1863	1864
P58,4	1865	1866
P160,3	1867	1868
P15,4	1869	1870
P153,3	1871	1872
P164,2	1873	1874
P172,2	1875	1876
P45,2	1877	1878
P21,5	1879	1880
P174,2	1881	1881
P68,2	1882	1883
P177,2	1884	1885
P104,2	1886	1887
P59,4	1888	1889
P165,3	1890	1891
P94,3	1892	1893
P109,2	1894	1895
P173,2	1896	1896
P107,2	1897	1898
P100,2	1899	1900
P180,1	1901	1902
P181,1	1903	1904
P175,2	1905	1906
P105,2	1907	1907
P176,2	1908	1908
P170,3	1909	1910
P60,3	1911	1912
P171,2	1913	1914
P4,5	1915	1916
P106,2	1917	1918
P108,2	1919	1919
P183,1	1920	1920
P184,1	1921	1921
P103,3	1922	1923
P46,3	1924	1925
P182,2	1926	1927
P178,2	1928	1929
P6,4	1930	1931
P179,2	1932	1933
P187,1	1934	1934
P189,1	1935	1935
P101,3	1936	1936
P63,5	1937	1938
P110,3	1939	1940
P114,2	1941	1942
P190,1	1943	1944
P185,2	1945	1946
P66,3	1947	1948
P71,2	1949	1949
P19,4	1950	1951
P191,2	1952	1953
P43,4	1954	1955
P13,4	1956	1956
P113,2	1957	1957
P188,2	1958	1959
P102,3	1960	1961
P1,6	1962	1963
P28,4	1964	1965
P67,4	1966	1967
P111,2	1968	1969
P186,3	1970	1971
P22,4	1972	1973
P193,1	1974	1974
P194,1	1975	1976
P195,1	1977	1977
P116,2	1978	1978
P75,2	1979	1979
P97,4	1980	1981
P70,3	1982	1983
P115,2	1984	1985
P73,2	1986	1986
P112,3	1987	1988
P200,2	1989	1990
P117,2	1991	1992
P64,4	1993	1994
P44,3	1995	1996
P197,2	1997	1998
P199,2	1999	2000
P192,3	2001	2001
P78,3	2002	2003
P69,3	2004	2005
P198,2	2006	2007
P120,2	2008	2008
P76,2	2009	2009
P74,3	2010	2011
P123,2	2012	2013
P7,7	2014	2014
P125,2	2015	2016
P32,3	2017	2018
P72,3	2019	2020
P8,5	2021	2022
P126,2	2023	2024
P31,3	2025	2025
P49,3	2026	2027
P20,4	2028	2029
P51,3	2030	2031
P118,2	2032	2033
P77,3	2034	2035
P47,4	2036	2037
P119,3	2038	2039
P121,3	2040	2040
P33,4	2041	2042
P196,3	2043	2044
P127,2	2045	2046
P14,5	2047	2048
P48,3	2049	2049
P124,2	2050	2050
P79,3	2051	2052
P122,3	2053	2054
P34,3	2055	2056
P35,3	2057	2058
P132,2	2059	2060
P129,2	2061	2062
P84,2	2063	2064
P133,2	2065	2066
P55,3	2067	2068
P80,3	2069	2070
P128,2	2071	2072
P29,4	2073	2074
P5,7	2075	2076
P137,2	2077	2077
P130,2	2078	2079
P3,4	2080	2081
P18,4	2082	2083
P139,2	2084	2084
P131,3	2085	2086
P136,2	2087	2088
P81,3	2089	2090
P11,5	2091	2092
P83,3	2093	2094
P134,3	2095	2096
P135,3	2097	2098
P30,5	2099	2100
P141,2	2101	2102
P88,3	2103	2104
P41,2	2105	2105
P86,3	2106	2106
P23,4	2107	2108
P91,2	2109	2110
P50,4	2111	2112
P56,3	2113	2114
P54,4	2115	2116
P140,3	2117	2118
P145,2	2119	2120
P138,3	2121	2122
P152,2	2123	2124
P143,2	2125	2126
P53,4	2127	2128
P147,2	2129	2130
P151,2	2131	2132
P149,2	2133	2134
P92,3	2135	2136
P87,3	2137	2138
P148,2	2139	2140
P52,4	2141	2142
P142,3	2143	2144
P144,2	2145	2146
P82,4	2147	2148
P26,4	2149	2150
P62,2	2151	2152
P12,3	2153	2153
P25,4	2154	2155
P154,2	2156	2157
P146,3	2158	2159
P57,4	2160	2160
P93,2	2161	2161
P24,4	2162	2163
P37,5	2164	2165
P17,4	2166	2167
P162,2	2168	2169
P85,4	2170	2171
P90,3	2172	2173
P9,4	2174	2175
P155,2	2176	2177
P16,4	2178	2178
P61,2	2179	2179
P42,3	2180	2181
P96,2	2182	2183
P38,4	2184	2185
P156,2	2186	2187
P150,3	2188	2189
P89,4	2190	2191
P161,3	2192	2193
P159,2	2194	2195
P98,2	2196	2196
P40,4	2197	2198
P10,5	2199	2200
P99,2	2201	2202
P95,2	2203	2204
P157,3	2205	2206
P169,2	2207	2208
P27,4	2209	2210
P158,3	2211	2212
P58,4	2213	2214
P160,3	2215	2216
P153,3	2217	2217
P164,2	2218	2219
P172,2	2220	2221
P45,2	2222	2222
P36,4	2223	2224
P163,2	2225	2226
P168,2	2227	2228
P65,4	2229	2230
P167,2	2231	2232
P166,3	2233	2234
P39,5	2235	2235
P68,2	2236	2236
P59,4	2237	2238
P165,3	2239	2239
P94,3	2240	2241
P109,2	2242	2243
P174,3	2244	2245
P177,3	2246	2247
P104,3	2248	2249
P2,5	2250	2251
P15,5	2252	2253
P170,3	2254	2255
P60,3	2256	2257
P4,5	2258	2259
P107,3	2260	2261
P100,3	2262	2263
P173,3	2264	2264
P21,6	2265	2266
P181,2	2267	2268
P105,3	2269	2269
P176,3	2270	2271
P103,3	2272	2273
P46,3	2274	2275
P182,2	2276	2277
P178,2	2278	2279
P179,2	2280	2281
P180,2	2282	2283
P183,2	2284	2285
P108,3	2286	2286
P184,2	2287	2288
P175,3	2289	2290
P187,2	2291	2292
P110,3	2293	2294
P114,2	2295	2296
P185,2	2297	2298
P66,3	2299	2300
P191,2	2301	2302
P43,4	2303	2304
P188,2	2305	2306
P189,2	2307	2307
P171,3	2308	2309
P63,6	2310	2311
P71,3	2312	2313
P190,2	2314	2315
P106,3	2316	2317
P102,3	2318	2319
P1,6	2320	2321
P28,4	2322	2323
P111,2	2324	2325
P186,3	2326	2327
P22,4	2328	2328
P101,4	2329	2330
P6,5	2331	2332
P113,3	2333	2334
P19,5	2335	2336
P97,4	2337	2338
P70,3	2339	2340
P115,2	2341	2341
P112,3	2342	2343
P200,2	2344	2345
P117,2	2346	2347
P64,4	2348	2349
P197,2	2350	2351
P13,5	2352	2353
P116,3	2354	2355
P67,5	2356	2357
P194,2	2358	2359
P73,3	2360	2361
P44,4	2362	2363
P75,3	2364	2364
P199,2	2365	2366
P78,3	2367	2368
P69,3	2369	2370
P198,2	2371	2371
P74,3	2372	2373
P123,2	2374	2374
P125,2	2375	2376
P32,3	2377	2378
P193,2	2379	2380
P195,2	2381	2382
P120,3	2383	2384
P72,3	2385	2385
P49,3	2386	2387
P51,3	2388	2389
P77,3	2390	2391
P47,4	2392	2393
P119,3	2394	2395
P76,3	2396	2397
P126,3	2398	2399
P7,8	2400	2400
P8,6	2401	2402
P20,5	2403	2403
P33,4	2404	2405
P196,3	2406	2407
P127,2	2408	2409
P14,5	2410	2411
P79,3	2412	2413
P122,3	2414	2415
P34,3	2416	2417
P35,3	2418	2419
P192,4	2420	2421
P31,4	2422	2423
P121,4	2424	2424
P118,3	2425	2426
P132,2	2427	2428
P129,2	2429	2429
P84,2	2430	2431
P55,3	2432	2433
P80,3	2434	2435
P128,2	2436	2436
P29,4	2437	2438
P5,7	2439	2440
P130,2	2441	2442
P124,3	2443	2444
P18,4	2445	2446
P131,3	2447	2447
P81,3	2448	2449
P11,5	2450	2451
P83,3	2452	2453
P48,4	2454	2455
P137,3	2456	2457
P133,3	2458	2458
P30,5	2459	2460
P88,3	2461	2462
P50,4	2463	2463
P56,3	2464	2465
P54,4	2466	2467
P140,3	2468	2469
P136,3	2470	2470
P141,3	2471	2472
P145,2	2473	2473
P138,3	2474	2475
P152,2	2476	2477
P143,2	2478	2479
P53,4	2480	2481
P151,2	2482	2483
P149,2	2484	2485
P92,3	2486	2487
P87,3	2488	2489
P3,5	2490	2491
P91,3	2492	2493
P139,3	2494	2495
P134,4	2496	2497
P86,4	2498	2499
P41,3	2500	2501
P135,4	2502	2503
P23,5	2504	2505
P148,2	2506	2507
P52,4	2508	2509
P142,3	2510	2510
P144,2	2511	2511
P82,4	2512	2513
P26,4	2514	2515
P154,2	2516	2517
P146,3	2518	2518
P147,3	2519	2520
P24,4	2521	2521
P17,4	2522	2523
P162,2	2524	2525
P90,3	2526	2526
P9,4	2527	2527
P12,4	2528	2529
P25,5	2530	2531
P57,5	2532	2533
P96,2	2534	2535
P38,4	2536	2537
P156,2	2538	2539
P150,3	2540	2541
P89,4	2542	2543
P161,3	2544	2545
P159,2	2546	2547
P40,4	2548	2549
P62,3	2550	2550
P37,6	2551	2552
P42,4	2553	2553
P155,3	2554	2555
P93,3	2556	2557
P10,5	2558	2558
P95,2	2559	2560
P157,3	2561	2562
P27,4	2563	2564
P158,3	2565	2566
P58,4	2567	2567
P164,2	2568	2568
P85,5	2569	2570
P16,5	2571	2571
P61,3	2572	2573
P98,3	2574	2575
P169,3	2576	2577
P172,2	2578	2579
P163,2	2580	2581
P160,4	2582	2583
P99,3	2584	2585
P94,3	2586	2587
P109,2	2588	2588
P174,3	2589	2590
P177,3	2591	2592
P104,3	2593	2594
P2,5	2595	2596
P170,3	2597	2598
P60,3	2599	2600
P4,5	2601	2601
P168,3	2602	2603
P45,3	2604	2605
P65,5	2606	2607
P153,4	2608	2609
P167,3	2610	2611
P39,6	2612	2613
P107,3	2614	2615
P100,3	2616	2617
P21,6	2618	2619
P181,2	2620	2621
P176,3	2622	2623
P46,3	2624	2625
P182,2	2626	2627
P178,2	2628	2629
P68,3	2630	2630
P173,4	2631	2632
P166,4	2633	2634
P15,6	2635	2636
P59,5	2637	2638
P165,4	2639	2640
P180,2	2641	2642
P183,2	2643	2644
P184,2	2645	2646
P187,2	2647	2648
P110,3	2649	2650
P114,2	2651	2652
P108,4	2653	2654
P103,4	2655	2656
P191,2	2657	2658
P43,4	2659	2660
P188,2	2661	2662
P171,3	2663	2664
P63,6	2665	2666
P71,3	2667	2668
P190,2	2669	2670
P106,3	2671	2671
P102,3	2672	2673
P175,4	2674	2674
P185,3	2675	2676
P105,4	2677	2678
P189,3	2679	2680
P179,3	2681	2682
P66,4	2683	2683
P1,6	2684	2685
P28,4	2686	2687
P186,3	2688	2688
P101,4	2689	2690
P6,5	2691	2691
P19,5	2692	2693
P111,3	2694	2695
P22,5	2696	2696
P70,3	2697	2698
P200,2	2699	2700
P64,4	2701	2701
P197,2	2702	2702
P116,3	2703	2704
P67,5	2705	2706
P112,4	2707	2708
P97,5	2709	2710
P73,3	2711	2711
P44,4	2712	2713
P78,3	2714	2715
P69,3	2716	2716
P74,3	2717	2718
P125,2	2719	2720
P32,3	2721	2722
P113,4	2723	2724
P75,4	2725	2726
P194,3	2727	2728
P198,3	2729	2730
P117,3	2731	2732
P115,3	2733	2734
P193,2	2735	2736
P195,2	2737	2738
P120,3	2739	2740
P49,3	2741	2741
P51,3	2742	2742
P77,3	2743	2744
P119,3	2745	2746
P126,3	2747	2748
P123,3	2749	2750
P13,6	2751	2752
P8,6	2753	2754
P33,4	2755	2756
P196,3	2757	2758
P79,3	2759	2760
P122,3	2761	2762
P34,3	2763	2763
P35,3	2764	2764
P199,3	2765	2766
P72,4	2767	2768
P192,4	2769	2770
P31,4	2771	2772
P118,3	2773	2774
P132,2	2775	2775
P29,4	2776	2777
P127,3	2778	2779
P47,5	2780	2781
P76,4	2782	2783
P14,6	2784	2785
P84,3	2786	2787
P130,2	2788	2789
P124,3	2790	2791
P83,3	2792	2792
P48,4	2793	2794
P137,3	2795	2796
P20,6	2797	2798
P121,5	2799	2799
P128,3	2800	2801
P131,4	2802	2803
P11,6	2804	2805
P30,5	2806	2807
P56,3	2808	2808
P54,4	2809	2810
P140,3	2811	2812
P138,3	2813	2813
P152,2	2814	2815
P143,2	2816	2817
P129,3	2818	2819
P5,8	2820	2821
P81,4	2822	2823
P18,5	2824	2825
P55,4	2826	2827
P133,4	2828	2829
P80,4	2830	2831
P53,4	2832	2833
P149,2	2834	2834
P92,3	2835	2835
P3,5	2836	2837
P86,4	2838	2839
P50,5	2840	2840
P145,3	2841	2842
P88,4	2843	2844
P141,4	2845	2846
P91,4	2847	2848
P87,4	2849	2850
P135,4	2851	2852
P23,5	2853	2854
P148,2	2855	2855
P52,4	2856	2857
P26,4	2858	2859
P154,2	2860	2860
P134,5	2861	2862
P136,4	2863	2864
P151,3	2865	2866
P147,3	2867	2868
P162,2	2869	2870
P12,4	2871	2872
P25,5	2873	2874
P57,5	2875	2876
P139,4	2877	2878
P144,3	2879	2880
P142,4	2881	2882
P41,4	2883	2884
P9,5	2885	2885
P96,3	2886	2887
P38,5	2888	2889
P146,4	2890	2891
P150,3	2892	2893
P89,4	2894	2895
P161,3	2896	2897
P159,2	2898	2899
P40,4	2900	2901
P37,6	2902	2903
P155,3	2904	2905
P93,3	2906	2907
P90,4	2908	2909
P156,3	2910	2911
P82,5	2912	2913
P62,4	2914	2915
P24,5	2916	2916
P95,2	2917	2918
P157,3	2919	2919
P27,4	2920	2921
P158,3	2922	2923
P61,3	2924	2924
P98,3	2925	2925
P169,3	2926	2927
P172,2	2928	2928
P17,5	2929	2930
P42,5	2931	2932
P58,5	2933	2934
P10,6	2935	2936
P160,4	2937	2938
P99,3	2939	2939
P94,3	2940	2940
P174,3	2941	2942
P177,3	2943	2943
P104,3	2944	2944
P2,5	2945	2945
P85,6	2946	2947
P16,6	2948	2949
P164,3	2950	2951
P65,5	2952	2953
P153,4	2954	2955
P167,3	2956	2957
P39,6	2958	2959
P107,3	2960	2961
P100,3	2962	2963
P21,6	2964	2965
P109,3	2966	2967
P168,4	2968	2969
P45,4	2970	2971
P4,6	2972	2973
P170,4	2974	2975
P163,3	2976	2977
P181,2	2978	2979
P46,3	2980	2981
P182,2	2982	2983
P178,2	2984	2984
P173,4	2985	2986
P166,4	2987	2988
P59,5	2989	2990
P180,2	2991	2992
P183,2	2993	2994
P184,2	2995	2996
P187,2	2997	2998
P114,2	2999	3000
P108,4	3001	3002
P103,4	3003	3004
P60,4	3005	3006
P68,4	3007	3008
P15,7	3009	3010
P165,5	3011	3011
P176,4	3012	3013
P188,2	3014	3015
P63,6	3016	3017
P190,2	3018	3019
P102,3	3020	3021
P185,3	3022	3022
P105,4	3023	3024
P171,4	3025	3026
P110,4	3027	3028
P189,3	3029	3030
P101,4	3031	3032
P71,4	3033	3034
P191,3	3035	3036
P186,4	3037	3038
P106,4	3039	3040
P67,5	3041	3042
P112,4	3043	3044
P97,5	3045	3046
P44,4	3047	3048
P175,5	3049	3050
P200,3	3051	3052
P66,5	3053	3054
P28,5	3055	3056
P1,7	3057	3058
P197,3	3059	3060
P19,6	3061	3062
P70,4	3063	3064
P32,3	3065	3066
P75,4	3067	3068
P194,3	3069	3070
P198,3	3071	3072
P117,3	3073	3074
P115,3	3075	3076
P193,2	3077	3077
P195,2	3078	3078
P179,4	3079	3079
P125,3	3080	3081
P113,5	3082	3083
P74,4	3084	3085
P116,4	3086	3087
P111,4	3088	3089
P78,4	3090	3091
P120,3	3092	3093
P77,3	3094	3094
P119,3	3095	3095
P126,3	3096	3097
P123,3	3098	3098
P13,6	3099	3100
P8,6	3101	3102
P33,4	3103	3104
P64,5	3105	3106
P69,4	3107	3108
P73,4	3109	3110
P49,4	3111	3112
P51,4	3113	3114
P79,3	3115	3115
P122,3	3116	3116
P199,3	3117	3118
P72,4	3119	3120
P192,4	3121	3122
P31,4	3123	3123
P118,3	3124	3125
P29,4	3126	3127
P127,3	3128	3129
P196,4	3130	3131
P47,5	3132	3133
P76,4	3134	3135
P84,3	3136	3137
P130,2	3138	3139
P20,6	3140	3140
P34,4	3141	3142
P14,7	3143	3144
P35,4	3145	3145
P48,5	3146	3147
P128,3	3148	3149
P131,4	3150	3151
P11,6	3152	3153
P30,5	3154	3154
P54,4	3155	3156
P140,3	3157	3157
P152,2	3158	3159
P143,2	3160	3161
P129,3	3162	3163
P124,4	3164	3165
P137,4	3166	3167
P83,4	3168	3169
P132,3	3170	3171
P56,4	3172	3172
P5,8	3173	3173
P81,4	3174	3175
P18,5	3176	3177
P55,4	3178	3179
P133,4	3180	3181
P80,4	3182	3183
P53,4	3184	3185
P121,6	3186	3187
P138,4	3188	3189
P145,3	3190	3191
P88,4	3192	3193
P141,4	3194	3195
P91,4	3196	3197
P87,4	3198	3199
P135,4	3200	3201
P23,5	3202	3203
P26,4	3204	3205
P50,6	3206	3207
P134,5	3208	3209
P151,3	3210	3211
P147,3	3212	3213
P162,2	3214	3215
P12,4	3216	3217
P25,5	3218	3219
P57,5	3220	3221
P139,4	3222	3223
P3,6	3224	3225
P149,3	3226	3227
P92,4	3228	3229
P148,3	3230	3231
P86,5	3232	3233
P136,5	3234	3235
P144,3	3236	3237
P142,4	3238	3238
P96,3	3239	3240
P38,5	3241	3241
P146,4	3242	3243
P150,3	3244	3244
P89,4	3245	3246
P161,3	3247	3247
P159,2	3248	3248
P52,5	3249	3250
P154,3	3251	3252
P37,6	3253	3254
P155,3	3255	3256
P93,3	3257	3258
P90,4	3259	3260
P156,3	3261	3262
P82,5	3263	3264
P62,4	3265	3266
P9,6	3267	3267
P27,4	3268	3268
P158,3	3269	3269
P169,3	3270	3271
P17,5	3272	3273
P58,5	3274	3275
P10,6	3276	3277
P160,4	3278	3279
P157,4	3280	3281
P40,5	3282	3283
P61,4	3284	3285
P174,3	3286	3286
P164,3	3287	3288
P167,3	3289	3289
P39,6	3290	3291
P24,6	3292	3293
P177,4	3294	3295
P95,3	3296	3297
P107,3	3298	3299
P100,3	3300	3300
P109,3	3301	3302
P168,4	3303	3304
P45,4	3305	3306
P4,6	3307	3308
P163,3	3309	3309
P181,2	3310	3310
P2,6	3311	3312
P98,4	3313	3314
P172,3	3315	3315
P94,4	3316	3317
P104,4	3318	3319
P99,4	3320	3321
P153,5	3322	3323
P16,7	3324	3325
P173,4	3326	3326
P166,4	3327	3328
P59,5	3329	3330
P183,2	3331	3332
P46,4	3333	3334
P85,7	3335	3336
P65,6	3337	3338
P182,3	3339	3340
P108,4	3341	3342
P60,4	3343	3344
P68,4	3345	3346
P15,7	3347	3348
P176,4	3349	3350
P63,6	3351	3352
P190,2	3353	3354
P170,5	3355	3356
P178,3	3357	3358
P180,3	3359	3360
P188,3	3361	3361
P171,4	3362	3363
P110,4	3364	3365
P101,4	3366	3366
P71,4	3367	3368
P186,4	3369	3370
P187,3	3371	3372
P114,3	3373	3374
P184,3	3375	3376
P185,4	3377	3378
P189,4	3379	3380
P102,4	3381	3382
P106,4	3383	3384
P112,4	3385	3386
P97,5	3387	3388
P44,4	3389	3390
P175,5	3391	3391
P200,3	3392	3393
P66,5	3394	3395
P28,5	3396	3397
P1,7	3398	3399
P103,5	3400	3401
P165,6	3402	3403
P105,5	3404	3405
P19,6	3406	3407
P70,4	3408	3409
P75,4	3410	3411
P117,3	3412	3412
P115,3	3413	3414
P191,4	3415	3416
P198,4	3417	3418
P67,6	3419	3420
P197,4	3421	3422
P125,3	3423	3424
P113,5	3425	3426
P74,4	3427	3427
P116,4	3428	3429
P78,4	3430	3431
P120,3	3432	3432
P126,3	3433	3433
P32,4	3434	3435
P111,5	3436	3437
P195,3	3438	3438
P77,4	3439	3440
P13,6	3441	3442
P64,5	3443	3444
P69,4	3445	3446
P73,4	3447	3448
P49,4	3449	3450
P199,3	3451	3452
P193,3	3453	3454
P194,4	3455	3456
P33,5	3457	3457
P8,7	3458	3459
P119,4	3460	3460
P79,4	3461	3462
P72,4	3463	3464
P192,4	3465	3465
P118,3	3466	3466
P127,3	3467	3467
P196,4	3468	3469
P47,5	3470	3470
P84,3	3471	3471
P123,4	3472	3473
P31,5	3474	3475
P14,7	3476	3477
P48,5	3478	3479
P128,3	3480	3481
P131,4	3482	3483
P11,6	3484	3485
P122,4	3486	3487
P51,5	3488	3489
P29,5	3490	3490
P35,5	3491	3492
P20,7	3493	3493
P76,5	3494	3494
P129,3	3495	3496
P124,4	3497	3498
P137,4	3499	3500
P18,5	3501	3501
P55,4	3502	3502
P130,3	3503	3503
P143,3	3504	3505
P30,6	3506	3507
P152,3	3508	3509
P140,4	3510	3510
P132,4	3511	3512
P133,4	3513	3514
P80,4	3515	3516
P121,6	3517	3518
P138,4	3519	3520
P145,3	3521	3522
P141,4	3523	3524
P91,4	3525	3526
P87,4	3527	3528
P34,5	3529	3530
P81,5	3531	3531
P54,5	3532	3533
P5,9	3534	3535
P135,4	3536	3537
P23,5	3538	3538
P50,6	3539	3540
P134,5	3541	3542
P147,3	3543	3543
P12,4	3544	3544
P25,5	3545	3545
P83,5	3546	3547
P88,5	3548	3549
P56,5	3550	3551
P57,5	3552	3553
P139,4	3554	3554
P3,6	3555	3556
P149,3	3557	3558
P92,4	3559	3559
P148,3	3560	3560
P86,5	3561	3562
P144,3	3563	3564
P53,5	3565	3566
P162,3	3567	3568
P26,5	3569	3569
P96,3	3570	3571
P146,4	3572	3573
P154,3	3574	3575
P155,3	3576	3576
P151,4	3577	3578
P159,3	3579	3580
P89,5	3581	3581
P136,6	3582	3583
P90,4	3584	3585
P82,5	3586	3586
P62,4	3587	3588
P17,5	3589	3589
P58,5	3590	3591
P160,4	3592	3592
P93,4	3593	3594
P161,4	3595	3596
P142,5	3597	3597
P150,4	3598	3598
P52,6	3599	3600
P157,4	3601	3602
P40,5	3603	3603
P61,4	3604	3605
P164,3	3606	3606
P39,6	3607	3608
P24,6	3609	3610
P177,4	3611	3612
P95,3	3613	3614
P10,7	3615	3616
P37,7	3617	3618
P9,7	3619	3620
P156,4	3621	3622
P158,4	3623	3624
P27,5	3625	3626
P174,4	3627	3628
P109,3	3629	3630
P168,4	3631	3632
P45,4	3633	3634
P4,6	3635	3636
P2,6	3637	3637
P98,4	3638	3639
P94,4	3640	3641
P104,4	3642	3643
P169,4	3644	3644
P107,4	3645	3646
P99,4	3647	3648
P153,5	3649	3650
P166,4	3651	3651
P46,4	3652	3653
P65,6	3654	3655
P167,4	3656	3657
P173,5	3658	3659
P100,4	3660	3661
P85,8	3662	3663
P181,3	3664	3665
P16,8	3666	3667
P182,3	3668	3668
P108,4	3669	3669
P60,4	3670	3671
P68,4	3672	3673
P15,7	3674	3675
P170,5	3676	3677
P178,3	3678	3679
P59,6	3680	3681
P163,4	3682	3683
P172,4	3684	3685
P183,3	3686	3687
P180,3	3688	3689
P171,4	3690	3690
P110,4	3691	3692
P71,4	3693	3694
P186,4	3695	3696
P187,3	3697	3698
P114,3	3699	3700
P184,3	3701	3702
P185,4	3703	3704
P190,3	3705	3706
P101,5	3707	3708
P189,4	3709	3710
P106,4	3711	3712
P112,4	3713	3714
P97,5	3715	3715
P200,3	3716	3716
P66,5	3717	3718
P28,5	3719	3719
P1,7	3720	3721
P176,5	3722	3723
P63,7	3724	3725
P188,4	3726	3727
P103,5	3728	3729
P165,6	3730	3731
P105,5	3732	3733
P19,6	3734	3734
P70,4	3735	3735
P115,3	3736	3736
P191,4	3737	3738
P198,4	3739	3739
P44,5	3740	3741
P102,5	3742	3743
P117,4	3744	3745
P175,6	3746	3747
P197,4	3748	3749
P113,5	3750	3751
P78,4	3752	3753
P32,4	3754	3755
P111,5	3756	3757
P125,4	3758	3759
P74,5	3760	3761
P75,5	3762	3763
P77,4	3764	3765
P13,6	3766	3767
P73,4	3768	3769
P199,3	3770	3771
P193,3	3772	3773
P194,4	3774	3775
P116,5	3776	3777
P126,4	3778	3778
P64,6	3779	3780
P72,4	3781	3781
P196,4	3782	3782
P123,4	3783	3784
P31,5	3785	3786
P14,7	3787	3788
P120,4	3789	3790
P195,4	3791	3791
P119,5	3792	3793
P118,4	3794	3795
P49,5	3796	3796
P192,5	3797	3798
P33,6	3799	3800
P69,5	3801	3802
P128,3	3803	3803
P11,6	3804	3805
P51,5	3806	3807
P35,5	3808	3808
P129,3	3809	3809
P124,4	3810	3810
P48,6	3811	3812
P122,5	3813	3814
P8,8	3815	3816
P79,5	3817	3818
P127,4	3819	3820
P137,4	3821	3822
P143,3	3823	3824
P30,6	3825	3826
P152,3	3827	3828
P132,4	3829	3830
P133,4	3831	3831
P121,6	3832	3832
P47,6	3833	3834
P84,4	3835	3835
P29,6	3836	3836
P131,5	3837	3838
P18,6	3839	3840
P138,4	3841	3842
P145,3	3843	3844
P141,4	3845	3845
P54,5	3846	3847
P5,9	3848	3848
P130,4	3849	3850
P20,8	3851	3851
P55,5	3852	3853
P80,5	3854	3855
P87,5	3856	3857
P140,5	3858	3859
P50,6	3860	3861
P83,5	3862	3863
P88,5	3864	3865
P56,5	3866	3867
P3,6	3868	3869
P149,3	3870	3870
P12,5	3871	3872
P23,6	3873	3874
P91,5	3875	3876
P134,6	3877	3878
P81,6	3879	3880
P57,6	3881	3882
P144,3	3883	3883
P53,5	3884	3885
P162,3	3886	3887
P146,4	3888	3889
P154,3	3890	3890
P151,4	3891	3892
P135,5	3893	3894
P147,4	3895	3896
P25,6	3897	3898
P159,3	3899	3899
P136,6	3900	3901
P90,4	3902	3902
P62,4	3903	3903
P58,5	3904	3904
P93,4	3905	3906
P161,4	3907	3907
P139,5	3908	3909
P155,4	3910	3910
P148,4	3911	3912
P160,5	3913	3914
P26,6	3915	3916
P96,4	3917	3918
P92,5	3919	3920
P86,6	3921	3922
P52,6	3923	3924
P95,3	3925	3925
P10,7	3926	3927
P37,7	3928	3929
P157,5	3930	3930
P9,7	3931	3932
P156,4	3933	3934
P158,4	3935	3936
P27,5	3937	3938
P174,4	3939	3940
P109,3	3941	3941
P45,4	3942	3943
P4,6	3944	3945
P98,4	3946	3947
P17,6	3948	3949
P150,5	3950	3951
P82,6	3952	3953
P24,7	3954	3955
P61,5	3956	3957
P142,6	3958	3959
P164,4	3960	3961
P94,4	3962	3962
P107,4	3963	3964
P99,4	3965	3966
P153,5	3967	3967
P46,4	3968	3969
P167,4	3970	3970
P173,5	3971	3972
P2,7	3973	3974
P168,5	3975	3976
P40,6	3977	3978
P39,7	3979	3979
P177,5	3980	3981
P104,5	3982	3983
P100,4	3984	3985
P85,8	3986	3987
P181,3	3988	3988
P16,8	3989	3990
P60,4	3991	3991
P68,4	3992	3993
P15,7	3994	3995
P178,3	3996	3997
P59,6	3998	3999
P163,4	4000	4001
P172,4	4002	4003
P183,3	4004	4004
P110,4	4005	4006
P71,4	4007	4007
P187,3	4008	4009
P166,5	4010	4011
P182,4	4012	4012
P114,3	4013	4014
P184,3	4015	4015
P185,4	4016	4016
P101,5	4017	4018
P189,4	4019	4020
P108,5	4021	4022
P180,4	4023	4024
P170,6	4025	4026
P186,5	4027	4028
P190,4	4029	4030
P1,7	4031	4031
P176,5	4032	4033
P63,7	4034	4035
P188,4	4036	4037
P103,5	4038	4039
P165,6	4040	4041
P105,5	4042	4043
P191,4	4044	4045
P171,5	4046	4047
P112,5	4048	4048
P106,5	4049	4050
P70,5	4051	4052
P44,5	4053	4053
P117,4	4054	4054
P175,6	4055	4056
P113,5	4057	4058
P78,4	4059	4060
P32,4	4061	4062
P111,5	4063	4064
P125,4	4065	4066
P66,6	4067	4068
P200,4	4069	4070
P28,6	4071	4072
P115,4	4073	4074
P74,5	4075	4075
P75,5	4076	4077
P77,4	4078	4078
P193,3	4079	4080
P194,4	4081	4081
P116,5	4082	4083
P102,6	4084	4085
P19,7	4086	4087
P198,5	4088	4089
P31,5	4090	4091
P14,7	4092	4092
P120,4	4093	4094
P119,5	4095	4096
P118,4	4097	4098
P192,5	4099	4100
P197,5	4101	4101
P199,4	4102	4103
P73,5	4104	4105
P72,5	4106	4107
P195,5	4108	4109
P13,7	4110	4110
P33,6	4111	4111
P69,5	4112	4113
P51,5	4114	4115
P48,6	4116	4117
P8,8	4118	4119
P79,5	4120	4121
P126,5	4122	4123
P123,5	4124	4125
P35,6	4126	4127
P128,4	4128	4129
P129,4	4130	4131
P64,7	4132	4133
P127,4	4134	4134
P137,4	4135	4136
P143,3	4137	4138
P30,6	4139	4140
P152,3	4141	4142
P132,4	4143	4143
P131,5	4144	4145
P11,7	4146	4147
P122,6	4148	4149
P49,6	4150	4151
P133,5	4152	4153
P124,5	4154	4155
P18,6	4156	4157
P54,5	4158	4159
P130,4	4160	4161
P55,5	4162	4163
P80,5	4164	4165
P87,5	4166	4167
P140,5	4168	4168
P47,7	4169	4170
P121,7	4171	4172
P141,5	4173	4173
P20,9	4174	4175
P84,5	4176	4176
P50,6	4177	4177
P83,5	4178	4179
P88,5	4180	4181
P56,5	4182	4183
P3,6	4184	4184
P12,5	4185	4185
P23,6	4186	4186
P91,5	4187	4188
P134,6	4189	4190
P5,10	4191	4192
P29,7	4193	4194
P81,6	4195	4196
P53,5	4197	4197
P162,3	4198	4199
P151,4	4200	4201
P135,5	4202	4203
P147,4	4204	4205
P145,4	4206	4207
P138,5	4208	4209
P149,4	4210	4210
P57,7	4211	4212
P154,4	4213	4214
P136,6	4215	4216
P93,4	4217	4218
P148,4	4219	4220
P160,5	4221	4222
P26,6	4223	4224
P96,4	4225	4226
P144,4	4227	4228
P90,5	4229	4230
P92,5	4231	4231
P86,6	4232	4233
P52,6	4234	4234
P37,7	4235	4235
P9,7	4236	4237
P156,4	4238	4239
P158,4	4240	4241
P27,5	4242	4242
P159,4	4243	4244
P95,4	4245	4246
P146,5	4247	4248
P25,7	4249	4250
P62,5	4251	4252
P58,6	4253	4254
P10,8	4255	4256
P155,5	4257	4258
P174,4	4259	4259
P17,6	4260	4261
P150,5	4262	4263
P82,6	4264	4265
P24,7	4266	4267
P61,5	4268	4268
P142,6	4269	4270
P161,5	4271	4272
P98,5	4273	4274
P45,5	4275	4276
P164,4	4277	4278
P107,4	4279	4280
P99,4	4281	4282
P46,4	4283	4283
P173,5	4284	4284
P2,7	4285	4286
P168,5	4287	4287
P109,4	4288	4289
P94,5	4290	4291
P4,7	4292	4293
P104,5	4294	4295
P100,4	4296	4297
P16,8	4298	4299
P59,6	4300	4301
P39,8	4302	4303
P153,6	4304	4305
P40,7	4306	4307
P177,6	4308	4309
P163,4	4310	4310
P187,3	4311	4312
P166,5	4313	4314
P114,3	4315	4315
P101,5	4316	4317
P167,5	4318	4319
P178,4	4320	4321
P85,9	4322	4323
P189,4	4324	4325
P108,5	4326	4327
P180,4	4328	4329
P170,6	4330	4331
P186,5	4332	4333
P190,4	4334	4335
P176,5	4336	4336
P63,7	4337	4338
P188,4	4339	4340
P181,4	4341	4342
P183,4	4343	4344
P68,5	4345	4346
P185,5	4347	4348
P110,5	4349	4350
P60,5	4351	4352
P184,4	4353	4354
P71,5	4355	4356
P172,5	4357	4358
P165,6	4359	4359
P105,5	4360	4361
P171,5	4362	4363
P106,5	4364	4365
P175,6	4366	4366
P103,6	4367	4367
P182,5	4368	4369
P191,5	4370	4371
P32,4	4372	4372
P111,5	4373	4373
P125,4	4374	4375
P200,4	4376	4377
P28,6	4378	4379
P115,4	4380	4381
P75,5	4382	4383
P113,6	4384	4385
P74,6	4386	4387
P66,7	4388	4389
P116,5	4390	4391
P102,6	4392	4393
P19,7	4394	4395
P198,5	4396	4397
P31,5	4398	4398
P118,4	4399	4399
P112,6	4400	4401
P70,6	4402	4403
P78,5	4404	4404
P117,5	4405	4406
P120,5	4407	4408
P192,5	4409	4410
P199,4	4411	4412
P73,5	4413	4414
P72,5	4415	4416
P69,5	4417	4418
P51,5	4419	4419
P48,6	4420	4421
P8,8	4422	4422
P77,5	4423	4424
P14,8	4425	4426
P193,4	4427	4428
P79,5	4429	4430
P126,5	4431	4432
P123,5	4433	4434
P35,6	4435	4436
P128,4	4437	4438
P129,4	4439	4439
P64,7	4440	4441
P143,3	4442	4443
P119,6	4444	4445
P195,6	4446	4447
P33,7	4448	4449
P30,6	4450	4451
P131,5	4452	4453
P122,6	4454	4455
P49,6	4456	4457
P124,5	4458	4459
P18,6	4460	4461
P127,5	4462	4463
P132,5	4464	4465
P137,5	4466	4467
P130,4	4468	4469
P80,5	4470	4471
P87,5	4472	4472
P47,7	4473	4474
P20,9	4475	4476
P83,5	4477	4477
P11,8	4478	4479
P152,4	4480	4481
P88,5	4482	4482
P134,6	4483	4484
P29,7	4485	4486
P133,6	4487	4487
P141,6	4488	4488
P55,6	4489	4490
P140,6	4491	4492
P23,7	4493	4494
P91,6	4495	4496
P135,5	4497	4498
P147,4	4499	4500
P145,4	4501	4502
P138,5	4503	4504
P57,7	4505	4505
P154,4	4506	4507
P93,4	4508	4508
P5,11	4509	4510
P162,4	4511	4512
P50,7	4513	4514
P151,5	4515	4516
P121,8	4517	4518
P84,6	4519	4519
P81,7	4520	4521
P148,4	4522	4523
P160,5	4524	4524
P26,6	4525	4526
P96,4	4527	4528
P144,4	4529	4530
P90,5	4531	4532
P86,6	4533	4533
P156,4	4534	4534
P12,6	4535	4536
P136,7	4537	4538
P3,7	4539	4540
P149,5	4541	4542
P53,6	4543	4544
P158,4	4545	4546
P159,4	4547	4547
P95,4	4548	4549
P25,7	4550	4550
P58,6	4551	4552
P10,8	4553	4553
P155,5	4554	4555
P9,8	4556	4557
P17,6	4558	4558
P150,5	4559	4560
P82,6	4561	4562
P142,6	4563	4564
P161,5	4565	4566
P98,5	4567	4567
P45,5	4568	4569
P164,4	4570	4571
P62,6	4572	4572
P146,6	4573	4574
P37,8	4575	4576
P174,5	4577	4577
P107,4	4578	4579
P2,7	4580	4581
P109,4	4582	4583
P94,5	4584	4584
P104,5	4585	4586
P100,4	4587	4588
P16,8	4589	4589
P24,8	4590	4591
P99,5	4592	4592
P173,6	4593	4594
P46,5	4595	4596
P61,6	4597	4598
P39,8	4599	4600
P40,7	4601	4602
P177,6	4603	4604
P166,5	4605	4606
P101,5	4607	4608
P167,5	4609	4610
P168,6	4611	4612
P59,7	4613	4614
P178,4	4615	4616
P85,9	4617	4618
P108,5	4619	4620
P170,6	4621	4622
P186,5	4623	4623
P187,4	4624	4625
P114,4	4626	4627
P176,6	4628	4629
P63,8	4630	4631
P188,4	4632	4633
P181,4	4634	4635
P183,4	4636	4637
P185,5	4638	4639
P60,5	4640	4640
P184,4	4641	4642
P71,5	4643	4644
P172,5	4645	4646
P163,5	4647	4648
P180,5	4649	4650
P190,5	4651	4651
P171,5	4652	4653
P106,5	4654	4655
P182,5	4656	4657
P200,4	4658	4658
P28,6	4659	4659
P105,6	4660	4660
P68,6	4661	4662
P103,7	4663	4664
P115,4	4665	4666
P113,6	4667	4668
P66,7	4669	4670
P116,5	4671	4672
P102,6	4673	4673
P19,7	4674	4675
P198,5	4676	4676
P191,6	4677	4678
P125,5	4679	4679
P110,6	4680	4681
P165,7	4682	4683
P32,5	4684	4684
P75,6	4685	4686
P111,6	4687	4687
P112,6	4688	4689
P70,6	4690	4691
P117,5	4692	4692
P120,5	4693	4694
P192,5	4695	4696
P199,4	4697	4698
P73,5	4699	4699
P72,5	4700	4701
P69,5	4702	4702
P175,7	4703	4704
P78,6	4705	4706
P118,5	4707	4707
P77,5	4708	4709
P14,8	4710	4711
P193,4	4712	4713
P79,5	4714	4715
P126,5	4716	4717
P123,5	4718	4719
P35,6	4720	4721
P128,4	4722	4723
P31,6	4724	4725
P48,7	4726	4727
P119,6	4728	4728
P195,6	4729	4730
P33,7	4731	4732
P122,6	4733	4734
P49,6	4735	4735
P51,6	4736	4737
P8,9	4738	4739
P129,5	4740	4741
P18,6	4742	4742
P127,5	4743	4744
P132,5	4745	4745
P130,4	4746	4746
P80,5	4747	4748
P47,7	4749	4750
P20,9	4751	4752
P11,8	4753	4753
P143,4	4754	4755
P64,8	4756	4757
P124,6	4758	4758
P131,6	4759	4760
P30,7	4761	4762
P152,4	4763	4764
P29,7	4765	4766
P55,6	4767	4768
P140,6	4769	4769
P91,6	4770	4771
P135,5	4772	4772
P88,6	4773	4774
P133,7	4775	4776
P147,4	4777	4777
P145,4	4778	4779
P138,5	4780	4780
P5,11	4781	4782
P162,4	4783	4784
P151,5	4785	4786
P141,7	4787	4787
P137,6	4788	4789
P23,8	4790	4790
P134,7	4791	4791
P148,4	4792	4793
P26,6	4794	4795
P144,4	4796	4796
P90,5	4797	4798
P12,6	4799	4800
P136,7	4801	4802
P154,5	4803	4804
P81,8	4805	4806
P57,8	4807	4807
P84,7	4808	4809
P50,8	4810	4811
P156,5	4812	4812
P93,5	4813	4814
P149,5	4815	4816
P58,6	4817	4817
P155,5	4818	4819
P86,7	4820	4821
P3,8	4822	4823
P159,5	4824	4824
P82,6	4825	4826
P142,6	4827	4828
P161,5	4829	4829
P45,5	4830	4831
P146,6	4832	4833
P37,8	4834	4835
P150,6	4836	4837
P96,5	4838	4839
P158,5	4840	4841
P25,8	4842	4843
P164,5	4844	4844
P174,6	4845	4846
P2,7	4847	4847
P104,5	4848	4848
P24,8	4849	4850
P173,6	4851	4852
P46,5	4853	4854
P61,6	4855	4856
P53,7	4857	4858
P98,6	4859	4860
P95,5	4861	4862
P9,9	4863	4864
P10,9	4865	4866
P94,6	4867	4868
P39,8	4869	4870
P40,7	4871	4872
P177,6	4873	4874
P167,5	4875	4876
P168,6	4877	4877
P59,7	4878	4879
P178,4	4880	4881
P85,9	4882	4883
P62,7	4884	4885
P107,5	4886	4887
P100,5	4888	4889
P109,5	4890	4891
P108,5	4892	4892
P187,4	4893	4894
P114,4	4895	4896
P63,8	4897	4898
P181,4	4899	4900
P183,4	4901	4902
P185,5	4903	4904
P186,6	4905	4906
P101,6	4907	4908
P188,5	4909	4910
P166,6	4911	4912
P172,5	4913	4913
P163,5	4914	4915
P180,5	4916	4916
P171,5	4917	4918
P182,5	4919	4919
P176,7	4920	4921
P190,6	4922	4923
P68,6	4924	4925
P103,7	4926	4927
P115,4	4928	4928
P113,6	4929	4929
P66,7	4930	4930
P191,6	4931	4931
P28,7	4932	4933
P184,5	4934	4935
P60,6	4936	4937
P106,6	4938	4939
P200,5	4940	4941
P110,6	4942	4942
P165,7	4943	4944
P112,6	4945	4946
P120,5	4947	4948
P102,7	4949	4950
P19,8	4951	4952
P105,7	4953	4954
P116,6	4955	4956
P111,7	4957	4958
P72,5	4959	4960
P175,7	4961	4962
P78,6	4963	4964
P77,5	4965	4966
P14,8	4967	4967
P193,4	4968	4969
P126,5	4970	4970
P123,5	4971	4971
P198,6	4972	4972
P69,6	4973	4974
P70,7	4975	4976
P75,7	4977	4978
P117,6	4979	4980
P31,6	4981	4982
P195,6	4983	4984
P33,7	4985	4986
P51,6	4987	4988
P8,9	4989	4990
P118,6	4991	4991
P79,6	4992	4993
P192,6	4994	4995
P128,5	4996	4997
P199,5	4998	4999
P73,6	5000	5001
P129,5	5002	5003
P47,7	5004	5004
P20,9	5005	5006
P143,4	5007	5008
P64,8	5009	5009
P35,7	5010	5011
P119,7	5012	5013
P48,8	5014	5015
P49,7	5016	5017
P80,6	5018	5019
P131,6	5020	5021
P30,7	5022	5022
P152,4	5023	5024
P29,7	5025	5026
P55,6	5027	5027
P91,6	5028	5029
P88,6	5030	5031
P133,7	5032	5033
P145,4	5034	5035
P127,6	5036	5037
P135,6	5038	5039
P132,6	5040	5040
P18,7	5041	5042
P5,11	5043	5044
P162,4	5045	5046
P151,5	5047	5048
P137,6	5049	5050
P130,5	5051	5052
P147,5	5053	5054
P138,6	5055	5056
P124,7	5057	5058
P140,7	5059	5060
P141,8	5061	5062
P12,6	5063	5064
P136,7	5065	5066
P154,5	5067	5068
P81,8	5069	5070
P84,7	5071	5072
P50,8	5073	5073
P93,5	5074	5075
P149,5	5076	5077
P155,5	5078	5079
P23,9	5080	5081
P144,5	5082	5082
P57,9	5083	5084
P86,7	5085	5086
P3,8	5087	5088
P146,6	5089	5089
P150,6	5090	5091
P96,5	5092	5092
P26,7	5093	5094
P148,5	5095	5096
P161,6	5097	5098
P90,6	5099	5100
P156,6	5101	5101
P142,7	5102	5103
P25,8	5104	5105
P174,6	5106	5107
P24,8	5108	5109
P173,6	5110	5110
P46,5	5111	5111
P61,6	5112	5113
P158,6	5114	5115
P159,6	5116	5117
P2,8	5118	5119
P58,7	5120	5121
P37,9	5122	5123
P95,5	5124	5125
P10,9	5126	5126
P94,6	5127	5128
P39,8	5129	5130
P59,7	5131	5132
P45,6	5133	5134
P98,7	5135	5136
P9,10	5137	5138
P164,6	5139	5139
P85,9	5140	5141
P62,7	5142	5143
P107,5	5144	5145
P100,5	5146	5147
P109,5	5148	5149
P187,4	5150	5151
P114,4	5152	5153
P177,7	5154	5155
P53,8	5156	5157
P168,7	5158	5159
P40,8	5160	5161
P181,4	5162	5162
P183,4	5163	5164
P185,5	5165	5166
P101,6	5167	5168
P166,6	5169	5170
P163,5	5171	5172
P167,6	5173	5174
P108,6	5175	5176
P178,5	5177	5178
P176,7	5179	5180
P190,6	5181	5182
P28,7	5183	5184
P184,5	5185	5186
P60,6	5187	5188
P106,6	5189	5189
P182,6	5190	5191
P171,6	5192	5192
P103,8	5193	5194
P200,5	5195	5196
P165,7	5197	5198
P102,7	5199	5200
P19,8	5201	5202
P105,7	5203	5204
P111,7	5205	5205
P172,6	5206	5207
P115,5	5208	5209
P188,6	5210	5211
P66,8	5212	5212
P113,7	5213	5214
P191,7	5215	5216
P120,6	5217	5218
P175,7	5219	5219
P78,6	5220	5220
P77,5	5221	5221
P193,4	5222	5222
P69,6	5223	5224
P70,7	5225	5226
P75,7	5227	5228
P72,6	5229	5230
P68,7	5231	5232
P116,7	5233	5234
P14,9	5235	5236
P117,6	5237	5237
P33,7	5238	5238
P51,6	5239	5240
P8,9	5241	5242
P79,6	5243	5244
P192,6	5245	5246
P199,5	5247	5248
P112,7	5249	5250
P31,7	5251	5252
P195,7	5253	5254
P129,5	5255	5256
P143,4	5257	5258
P35,7	5259	5260
P119,7	5261	5262
P48,8	5263	5264
P49,7	5265	5266
P80,6	5267	5268
P123,6	5269	5270
P131,6	5271	5272
P152,4	5273	5273
P91,6	5274	5275
P88,6	5276	5277
P133,7	5278	5278
P127,6	5279	5280
P20,10	5281	5282
P47,8	5283	5284
P128,6	5285	5286
P118,7	5287	5288
P30,8	5289	5290
P18,7	5291	5291
P137,6	5292	5293
P130,5	5294	5294
P147,5	5295	5296
P138,6	5297	5298
P124,7	5299	5300
P73,7	5301	5302
P64,9	5303	5304
P132,7	5305	5306
P151,6	5307	5308
P145,5	5309	5309
P140,7	5310	5311
P141,8	5312	5312
P12,6	5313	5313
P154,5	5314	5315
P81,8	5316	5317
P84,7	5318	5319
P93,5	5320	5321
P55,7	5322	5323
P135,7	5324	5325
P23,9	5326	5327
P57,9	5328	5329
P86,7	5330	5331
P3,8	5332	5333
P150,6	5334	5334
P26,7	5335	5336
P161,6	5337	5338
P162,5	5339	5340
P149,6	5341	5342
P136,8	5343	5344
P96,6	5345	5346
P90,6	5347	5348
P142,7	5349	5350
P25,8	5351	5352
P24,8	5353	5353
P61,6	5354	5354
P158,6	5355	5356
P159,6	5357	5358
P2,8	5359	5360
P144,6	5361	5362
P146,7	5363	5364
P148,6	5365	5366
P58,7	5367	5368
P37,9	5369	5369
P95,5	5370	5371
P94,6	5372	5372
P59,7	5373	5374
P45,6	5375	5376
P98,7	5377	5378
P9,10	5379	5380
P174,7	5381	5382
P39,9	5383	5384
P46,6	5385	5386
P107,5	5387	5388
P100,5	5389	5389
P187,4	5390	5391
P114,4	5392	5393
P177,7	5394	5395
P53,8	5396	5397
P168,7	5398	5399
P156,7	5400	5401
P62,8	5402	5403
P85,10	5404	5404
P40,8	5405	5406
P166,6	5407	5407
P108,6	5408	5409
P178,5	5410	5411
P109,6	5412	5412
P167,7	5413	5414
P28,7	5415	5416
P184,5	5417	5417
P182,6	5418	5419
P103,8	5420	5421
P200,5	5422	5423
P165,7	5424	5424
P183,5	5425	5425
P181,5	5426	5427
P185,6	5428	5429
P163,6	5430	5431
P101,7	5432	5433
P102,7	5434	5435
P19,8	5436	5437
P105,7	5438	5439
P172,6	5440	5441
P115,5	5442	5443
P188,6	5444	5445
P113,7	5446	5447
P191,7	5448	5449
P120,6	5450	5451
P176,8	5452	5453
P190,7	5454	5455
P111,8	5456	5456
P69,6	5457	5458
P70,7	5459	5459
P75,7	5460	5460
P72,6	5461	5462
P68,7	5463	5464
P14,9	5465	5466
P175,8	5467	5467
P66,9	5468	5468
P106,7	5469	5469
P193,5	5470	5470
P171,7	5471	5472
P78,7	5473	5474
P51,6	5475	5476
P79,6	5477	5478
P199,5	5479	5480
P112,7	5481	5481
P31,7	5482	5483
P195,7	5484	5485
P129,5	5486	5486
P143,4	5487	5487
P116,8	5488	5489
P117,7	5490	5491
P77,6	5492	5493
P35,7	5494	5495
P48,8	5496	5497
P49,7	5498	5499
P80,6	5500	5501
P131,6	5502	5503
P88,6	5504	5505
P192,7	5506	5507
P8,10	5508	5509
P123,7	5510	5511
P91,7	5512	5513
P33,8	5514	5515
P127,6	5516	5516
P20,10	5517	5518
P47,8	5519	5520
P128,6	5521	5522
P118,7	5523	5524
P30,8	5525	5525
P137,6	5526	5527
P119,8	5528	5529
P133,8	5530	5530
P124,7	5531	5532
P73,7	5533	5534
P64,9	5535	5536
P132,7	5537	5538
P151,6	5539	5540
P140,7	5541	5542
P154,5	5543	5544
P81,8	5545	5545
P84,7	5546	5547
P152,5	5548	5549
P130,6	5550	5551
P18,8	5552	5553
P93,5	5554	5554
P55,7	5555	5556
P135,7	5557	5557
P23,9	5558	5558
P86,7	5559	5560
P3,8	5561	5562
P26,7	5563	5564
P161,6	5565	5565
P145,6	5566	5567
P147,6	5568	5569
P162,5	5570	5571
P149,6	5572	5572
P136,8	5573	5574
P96,6	5575	5576
P90,6	5577	5578
P142,7	5579	5580
P25,8	5581	5582
P159,6	5583	5584
P57,10	5585	5586
P12,7	5587	5588
P61,7	5589	5590
P144,6	5591	5592
P148,6	5593	5594
P58,7	5595	5596
P95,5	5597	5597
P45,6	5598	5599
P98,7	5600	5601
P24,9	5602	5603
P150,7	5604	5605
P158,7	5606	5607
P9,10	5608	5609
P174,7	5610	5611
P39,9	5612	5613
P46,6	5614	5615
P107,5	5616	5616
P53,8	5617	5618
P168,7	5619	5619
P146,8	5620	5621
P2,9	5622	5623
P156,7	5624	5625
P62,8	5626	5627
P40,8	5628	5628
P108,6	5629	5629
P178,5	5630	5631
P167,7	5632	5633
P37,10	5634	5635
P100,6	5636	5637
P114,5	5638	5639
P177,8	5640	5641
P103,8	5642	5642
P200,5	5643	5643
P181,5	5644	5645
P163,6	5646	5647
P101,7	5648	5649
P19,8	5650	5650
P187,5	5651	5652
P28,8	5653	5654
P183,6	5655	5655
P109,7	5656	5656
P182,7	5657	5658
P115,5	5659	5659
P188,6	5660	5660
P113,7	5661	5662
P191,7	5663	5664
P120,6	5665	5665
P176,8	5666	5666
P190,7	5667	5668
P69,6	5669	5669
P166,7	5670	5671
P184,6	5672	5673
P72,6	5674	5675
P68,7	5676	5677
P14,9	5678	5679
P78,7	5680	5680
P79,6	5681	5682
P185,7	5683	5684
P105,8	5685	5685
P172,7	5686	5687
P66,10	5688	5689
P70,8	5690	5691
P111,9	5692	5692
P199,5	5693	5694
P31,7	5695	5696
P116,8	5697	5697
P77,6	5698	5698
P35,7	5699	5700
P48,8	5701	5701
P175,9	5702	5702
P171,8	5703	5703
P192,7	5704	5705
P8,10	5706	5707
P123,7	5708	5709
P91,7	5710	5711
P33,8	5712	5712
P193,6	5713	5714
P143,5	5715	5716
P51,7	5717	5718
P80,7	5719	5719
P195,8	5720	5720
P88,7	5721	5722
P112,8	5723	5724
P47,8	5725	5726
P128,6	5727	5728
P118,7	5729	5730
P119,8	5731	5732
P132,7	5733	5733
P127,7	5734	5735
P129,6	5736	5737
P117,8	5738	5739
P30,9	5740	5741
P49,8	5742	5743
P64,10	5744	5745
P151,6	5746	5747
P140,7	5748	5748
P152,5	5749	5750
P130,6	5751	5751
P18,8	5752	5753
P55,7	5754	5755
P73,8	5756	5757
P124,8	5758	5759
P154,6	5760	5761
P26,7	5762	5763
P145,6	5764	5765
P147,6	5766	5767
P162,5	5768	5769
P96,6	5770	5771
P135,8	5772	5773
P137,7	5774	5775
P133,9	5776	5777
P23,10	5778	5779
P3,9	5780	5781
P93,6	5782	5782
P84,8	5783	5784
P142,7	5785	5786
P159,6	5787	5788
P57,10	5789	5790
P12,7	5791	5792
P61,7	5793	5794
P144,6	5795	5795
P148,6	5796	5797
P58,7	5798	5799
P45,6	5800	5800
P81,9	5801	5802
P86,8	5803	5804
P90,7	5805	5806
P161,7	5807	5808
P149,7	5809	5810
P98,7	5811	5812
P24,9	5813	5813
P158,7	5814	5815
P9,10	5816	5816
P174,7	5817	5817
P39,9	5818	5818
P46,6	5819	5820
P53,8	5821	5821
P136,9	5822	5823
P95,6	5824	5825
P146,8	5826	5827
P62,8	5828	5829
P178,5	5830	5831
P167,7	5832	5832
P37,10	5833	5834
P114,5	5835	5836
P25,9	5837	5838
P168,8	5839	5840
P177,8	5841	5842
P101,7	5843	5844
P187,5	5845	5846
P28,8	5847	5848
P108,7	5849	5850
P107,6	5851	5852
P163,7	5853	5853
P100,7	5854	5855
P200,6	5856	5857
P113,7	5858	5858
P191,7	5859	5859
P190,7	5860	5860
P166,7	5861	5862
P184,6	5863	5864
P72,6	5865	5866
P14,9	5867	5868
P182,8	5869	5870
P40,9	5871	5872
P181,6	5873	5874
P120,7	5875	5876
P188,7	5877	5878
P176,9	5879	5880
P109,8	5881	5882
P103,9	5883	5884
P185,7	5885	5886
P172,7	5887	5887
P70,8	5888	5889
P69,7	5890	5891
P19,9	5892	5893
P68,8	5894	5895
P192,7	5896	5896
P8,10	5897	5898
P123,7	5899	5900
P193,6	5901	5902
P51,7	5903	5904
P111,10	5905	5905
P35,8	5906	5907
P199,6	5908	5909
P79,7	5910	5911
P171,9	5912	5913
P78,8	5914	5915
P175,10	5916	5916
P88,7	5917	5918
P112,8	5919	5920
P47,8	5921	5922
P128,6	5923	5924
P118,7	5925	5925
P127,7	5926	5927
P117,8	5928	5929
P116,9	5930	5931
P77,7	5932	5933
P195,9	5934	5935
P119,9	5936	5937
P48,9	5938	5939
P31,8	5940	5941
P91,8	5942	5943
P80,8	5944	5945
P30,9	5946	5947
P49,8	5948	5949
P151,6	5950	5950
P152,5	5951	5952
P18,8	5953	5954
P73,8	5955	5956
P124,8	5957	5958
P143,6	5959	5960
P154,6	5961	5962
P145,6	5963	5964
P147,6	5965	5966
P162,5	5967	5967
P135,8	5968	5969
P137,7	5970	5971
P133,9	5972	5972
P23,10	5973	5974
P132,8	5975	5976
P129,7	5977	5977
P140,8	5978	5978
P3,9	5979	5980
P84,8	5981	5982
P12,7	5983	5984
P61,7	5985	5986
P55,8	5987	5987
P96,7	5988	5989
P130,7	5990	5990
P57,11	5991	5992
P81,9	5993	5994
P90,7	5995	5996
P161,7	5997	5998
P149,7	5999	6000
P158,7	6001	6002
P26,8	6003	6004
P58,8	6005	6006
P93,7	6007	6008
P86,9	6009	6010
P142,8	6011	6011
P159,7	6012	6013
P136,9	6014	6015
P95,6	6016	6017
P146,8	6018	6019
P37,10	6020	6021
P148,7	6022	6022
P45,7	6023	6024
P98,8	6025	6026
P167,8	6027	6028
P24,10	6029	6030
P114,6	6031	6032
P168,8	6033	6034
P177,8	6035	6036
P187,5	6037	6038
P28,8	6039	6040
P108,7	6041	6042
P107,6	6043	6044
P100,7	6045	6045
P200,6	6046	6047
P25,10	6048	6048
P166,7	6049	6049
P184,6	6050	6051
P182,8	6052	6053
P40,9	6054	6055
P181,6	6056	6057
P120,7	6058	6059
P188,7	6060	6061
P53,9	6062	6063
P101,8	6064	6065
P178,6	6066	6067
P14,10	6068	6069
P190,8	6070	6071
P176,9	6072	6073
P109,8	6074	6075
P103,9	6076	6076
P185,7	6077	6077
P70,8	6078	6079
P68,8	6080	6081
P8,10	6082	6083
P163,8	6084	6085
P72,7	6086	6087
P69,8	6088	6089
P123,7	6090	6091
P51,7	6092	6093
P35,8	6094	6094
P199,6	6095	6096
P79,7	6097	6098
P171,9	6099	6100
P78,8	6101	6102
P88,7	6103	6104
P193,7	6105	6106
P172,8	6107	6108
P112,8	6109	6109
P127,7	6110	6111
P117,8	6112	6113
P77,7	6114	6115
P195,9	6116	6117
P119,9	6118	6119
P48,9	6120	6120
P192,8	6121	6122
P47,9	6123	6124
P118,8	6125	6126
P111,11	6127	6127
P31,8	6128	6129
P80,8	6130	6130
P30,9	6131	6132
P49,8	6133	6134
P152,5	6135	6135
P73,8	6136	6137
P124,8	6138	6139
P128,7	6140	6141
P116,10	6142	6143
P91,9	6144	6145
P175,11	6146	6147
P154,6	6148	6149
P145,6	6150	6151
P147,6	6152	6153
P135,8	6154	6155
P137,7	6156	6156
P23,10	6157	6158
P132,8	6159	6160
P162,6	6161	6162
P3,9	6163	6164
P84,8	6165	6166
P12,7	6167	6167
P61,7	6168	6168
P96,7	6169	6170
P57,11	6171	6172
P81,9	6173	6174
P161,7	6175	6176
P140,9	6177	6178
P149,7	6179	6180
P26,8	6181	6182
P58,8	6183	6184
P93,7	6185	6186
P86,9	6187	6188
P159,7	6189	6189
P136,9	6190	6191
P95,6	6192	6192
P146,8	6193	6194
P130,8	6195	6196
P133,10	6197	6198
P129,8	6199	6199
P158,8	6200	6201
P55,9	6202	6203
P45,7	6204	6205
P98,8	6206	6207
P167,8	6208	6209
P24,10	6210	6210
P168,8	6211	6211
P177,8	6212	6212
P37,11	6213	6214
P28,8	6215	6215
P108,7	6216	6217
P107,6	6218	6219
P200,6	6220	6221
P184,6	6222	6223
P182,8	6224	6225
P40,9	6226	6227
P181,6	6228	6229
P120,7	6230	6231
P187,6	6232	6233
P148,8	6234	6235
P188,7	6236	6237
P53,9	6238	6238
P101,8	6239	6239
P178,6	6240	6241
P190,8	6242	6243
P176,9	6244	6245
P109,8	6246	6247
P70,8	6248	6248
P100,8	6249	6250
P68,8	6251	6252
P163,8	6253	6254
P72,7	6255	6256
P199,6	6257	6257
P79,7	6258	6259
P103,10	6260	6261
P166,8	6262	6262
P69,9	6263	6264
P78,8	6265	6266
P88,7	6267	6268
P193,7	6269	6270
P172,8	6271	6272
P127,7	6273	6274
P117,8	6275	6276
P77,7	6277	6278
P195,9	6279	6280
P185,8	6281	6282
P14,11	6283	6284
P123,8	6285	6286
P8,11	6287	6288
P118,8	6289	6290
P31,8	6291	6292
P30,9	6293	6294
P49,8	6295	6296
P73,8	6297	6297
P124,8	6298	6299
P51,8	6300	6301
P35,9	6302	6303
P47,10	6304	6305
P112,9	6306	6307
P128,7	6308	6309
P116,10	6310	6311
P91,9	6312	6312
P175,11	6313	6314
P135,8	6315	6315
P23,10	6316	6317
P48,10	6318	6319
P119,10	6320	6321
P192,9	6322	6322
P147,7	6323	6324
P132,8	6325	6326
P162,6	6327	6328
P3,9	6329	6330
P96,7	6331	6332
P57,11	6333	6333
P81,9	6334	6334
P161,7	6335	6336
P152,6	6337	6338
P137,8	6339	6340
P154,7	6341	6342
P12,8	6343	6344
P145,7	6345	6346
P26,8	6347	6348
P58,8	6349	6349
P93,7	6350	6351
P86,9	6352	6353
P136,9	6354	6354
P130,8	6355	6356
P133,10	6357	6358
P140,10	6359	6360
P159,8	6361	6362
P84,9	6363	6364
P158,8	6365	6366
P55,9	6367	6368
P45,7	6369	6370
P98,8	6371	6372
P167,8	6373	6374
P37,11	6375	6376
P108,7	6377	6377
P149,8	6378	6379
P95,7	6380	6381
P200,6	6382	6382
P182,8	6383	6383
P40,9	6384	6385
P181,6	6386	6386
P187,6	6387	6388
P148,8	6389	6390
P188,7	6391	6392
P28,9	6393	6394
P146,9	6395	6396
P107,7	6397	6398
P178,6	6399	6400
P190,8	6401	6402
P176,9	6403	6404
P109,8	6405	6406
P100,8	6407	6408
P68,8	6409	6410
P163,8	6411	6412
P72,7	6413	6414
P79,7	6415	6415
P168,9	6416	6417
P53,10	6418	6419
P101,9	6420	6421
P177,9	6422	6423
P184,7	6424	6425
P120,8	6426	6427
P103,10	6428	6429
P172,8	6430	6431
P88,8	6432	6433
P69,10	6434	6435
P195,9	6436	6436
P185,8	6437	6438
P14,11	6439	6439
P123,8	6440	6441
P8,11	6442	6442
P70,9	6443	6444
P199,7	6445	6446
P127,8	6447	6448
P166,9	6449	6449
P77,8	6450	6450
P35,9	6451	6452
P47,10	6453	6454
P112,9	6455	6456
P128,7	6457	6458
P116,10	6459	6459
P175,11	6460	6461
P48,10	6462	6463
P73,9	6464	6465
P193,8	6466	6467
P49,9	6468	6469
P135,9	6470	6471
P119,10	6472	6473
P147,7	6474	6475
P132,8	6476	6477
P96,7	6478	6479
P152,6	6480	6481
P51,9	6482	6483
P124,9	6484	6485
P118,9	6486	6487
P31,9	6488	6489
P192,10	6490	6490
P30,10	6491	6492
P154,7	6493	6494
P145,7	6495	6496
P93,7	6497	6497
P86,9	6498	6498
P130,8	6499	6500
P133,10	6501	6502
P162,7	6503	6504
P81,10	6505	6506
P26,9	6507	6508
P159,8	6509	6510
P84,9	6511	6512
P158,8	6513	6514
P55,9	6515	6515
P45,7	6516	6517
P167,8	6518	6519
P37,11	6520	6521
P149,8	6522	6523
P57,12	6524	6525
P3,10	6526	6527
P12,9	6528	6529
P95,7	6530	6530
P187,6	6531	6532
P148,8	6533	6533
P28,9	6534	6534
P108,8	6535	6536
P98,9	6537	6538
P72,7	6539	6539
P168,9	6540	6541
P53,10	6542	6543
P178,7	6544	6545
P200,7	6546	6547
P182,9	6548	6549
P100,9	6550	6551
P177,9	6552	6553
P184,7	6554	6555
P120,8	6556	6557
P103,10	6558	6558
P88,8	6559	6559
P69,10	6560	6560
P185,8	6561	6562
P107,8	6563	6564
P101,10	6565	6565
P146,10	6566	6567
P79,8	6568	6569
P163,9	6570	6571
P176,10	6572	6573
P172,9	6574	6575
P123,8	6576	6577
P199,7	6578	6579
P127,8	6580	6581
P35,9	6582	6583
P47,10	6584	6585
P112,9	6586	6587
P128,7	6588	6588
P109,9	6589	6590
P68,9	6591	6592
P195,10	6593	6593
P175,11	6594	6594
P48,10	6595	6596
P73,9	6597	6598
P193,8	6599	6600
P49,9	6601	6602
P135,9	6603	6604
P119,10	6605	6605
P147,7	6606	6607
P96,8	6608	6609
P152,6	6610	6611
P51,9	6612	6612
P124,9	6613	6614
P31,9	6615	6616
P30,10	6617	6617
P154,7	6618	6619
P77,9	6620	6621
P130,8	6622	6623
P133,10	6624	6625
P162,7	6626	6627
P81,10	6628	6629
P159,8	6630	6631
P84,9	6632	6633
P158,8	6634	6634
P93,8	6635	6636
P132,9	6637	6638
P149,8	6639	6639
P57,12	6640	6641
P3,10	6642	6643
P108,8	6644	6645
P98,9	6646	6647
P145,8	6648	6648
P55,10	6649	6650
P86,10	6651	6652
P118,10	6653	6654
P45,8	6655	6656
P95,8	6657	6658
P168,9	6659	6660
P53,10	6661	6661
P178,7	6662	6663
P200,7	6664	6665
P182,9	6666	6666
P120,8	6667	6668
P26,10	6669	6670
P12,10	6671	6672
P167,9	6673	6674
P28,10	6675	6676
P72,8	6677	6677
P177,10	6678	6679
P185,8	6680	6680
P107,8	6681	6682
P79,8	6683	6684
P163,9	6685	6686
P176,10	6687	6688
P123,8	6689	6689
P199,7	6690	6691
P148,9	6692	6693
P100,10	6694	6695
P127,8	6696	6697
P47,10	6698	6698
P112,9	6699	6700
P109,9	6701	6702
P68,9	6703	6704
P48,10	6705	6705
P73,9	6706	6707
P88,9	6708	6709
P101,11	6710	6711
P146,11	6712	6712
P184,8	6713	6714
P128,8	6715	6716
P172,10	6717	6717
P193,8	6718	6718
P49,9	6719	6719
P135,9	6720	6721
P147,7	6722	6723
P96,8	6724	6725
P152,6	6726	6727
P124,9	6728	6729
P154,7	6730	6731
P35,10	6732	6733
P51,10	6734	6735
P77,9	6736	6736
P162,7	6737	6738
P93,8	6739	6740
P132,9	6741	6741
P119,11	6742	6743
P130,9	6744	6744
P31,10	6745	6746
P57,12	6747	6748
P3,10	6749	6750
P108,8	6751	6751
P55,10	6752	6752
P86,10	6753	6754
P118,10	6755	6756
P45,8	6757	6757
P95,8	6758	6759
P158,9	6760	6761
P84,10	6762	6763
P168,9	6764	6765
P200,7	6766	6766
P120,8	6767	6767
P26,10	6768	6769
P12,10	6770	6771
P167,9	6772	6773
P28,10	6774	6775
P81,11	6776	6776
P145,9	6777	6777
P182,10	6778	6779
P107,8	6780	6781
P79,8	6782	6783
P163,9	6784	6785
P176,10	6786	6787
P199,7	6788	6789
P148,9	6790	6791
P127,8	6792	6792
P98,10	6793	6794
P53,11	6795	6796
P178,8	6797	6798
P109,9	6799	6800
P68,9	6801	6801
P88,9	6802	6802
P101,11	6803	6804
P184,8	6805	6806
P128,8	6807	6808
P112,10	6809	6810
P72,9	6811	6812
P177,11	6813	6814
P172,11	6815	6816
P135,9	6817	6817
P96,8	6818	6819
P51,10	6820	6821
P162,7	6822	6822
P47,11	6823	6824
P48,11	6825	6826
P73,10	6827	6828
P147,8	6829	6830
P93,8	6831	6832
P119,11	6833	6834
P31,10	6835	6836
P57,12	6837	6837
P118,10	6838	6839
P95,8	6840	6841
P193,9	6842	6843
P35,11	6844	6845
P124,10	6846	6847
P146,12	6848	6848
P154,8	6849	6850
P77,10	6851	6852
P158,9	6853	6854
P84,10	6855	6856
P26,10	6857	6858
P28,10	6859	6859
P182,10	6860	6860
P3,11	6861	6861
P86,11	6862	6863
P108,9	6864	6865
P107,8	6866	6866
P79,8	6867	6867
P148,9	6868	6869
P98,10	6870	6871
P53,11	6872	6873
P178,8	6874	6875
P81,12	6876	6877
P45,9	6878	6879
P167,10	6880	6881
P120,9	6882	6883
P109,9	6884	6885
P184,8	6886	6887
P112,10	6888	6889
P72,9	6890	6891
P177,11	6892	6893
P172,11	6894	6895
P127,9	6896	6897
P200,8	6898	6899
P168,10	6900	6901
P88,10	6902	6903
P51,10	6904	6905
P47,11	6906	6907
P48,11	6908	6909
P73,10	6910	6911
P147,8	6912	6913
P119,11	6914	6915
P31,10	6916	6916
P118,10	6917	6918
P199,8	6919	6919
P96,9	6920	6921
P163,10	6922	6923
P135,10	6924	6925
P176,11	6926	6927
P128,9	6928	6929
P193,9	6930	6931
P35,11	6932	6933
P124,10	6934	6935
P158,9	6936	6936
P84,10	6937	6937
P68,10	6938	6939
P162,8	6940	6941
P93,9	6942	6942
P95,9	6943	6944
P77,11	6945	6946
P86,11	6947	6947
P108,9	6948	6949
P148,9	6950	6951
P178,8	6952	6953
P81,12	6954	6954
P45,9	6955	6956
P154,9	6957	6958
P26,11	6959	6960
P182,11	6961	6962
P79,9	6963	6964
P167,10	6965	6966
P120,9	6967	6968
P112,10	6969	6969
P72,9	6970	6970
P177,11	6971	6972
P172,11	6973	6974
P127,9	6975	6976
P200,8	6977	6978
P98,11	6979	6980
P107,9	6981	6981
P28,11	6982	6982
P168,10	6983	6984
P51,10	6985	6986
P47,11	6987	6988
P73,10	6989	6989
P147,8	6990	6991
P119,11	6992	6993
P53,12	6994	6995
P109,10	6996	6997
P96,9	6998	6999
P163,10	7000	7001
P135,10	7002	7003
P176,11	7004	7005
P128,9	7006	7007
P193,9	7008	7008
P124,10	7009	7009
P68,10	7010	7011
P88,11	7012	7013
P48,12	7014	7015
P95,9	7016	7017
P77,11	7018	7019
P108,9	7020	7021
P178,8	7022	7022
P45,9	7023	7024
P118,11	7025	7026
P199,9	7027	7028
P31,11	7029	7029
P26,11	7030	7031
P182,11	7032	7033
P79,9	7034	7035
P167,10	7036	7036
P120,9	7037	7038
P177,11	7039	7039
P172,11	7040	7040
P127,9	7041	7042
P200,8	7043	7044
P162,9	7045	7046
P84,11	7047	7047
P158,10	7048	7049
P154,10	7050	7051
P98,11	7052	7053
P168,10	7054	7054
P47,11	7055	7055
P147,8	7056	7056
P53,12	7057	7058
P109,10	7059	7060
P96,9	7061	7062
P107,10	7063	7064
P72,10	7065	7066
P112,11	7067	7068
P28,12	7069	7070
P51,11	7071	7072
P119,12	7073	7074
P135,10	7075	7076
P176,11	7077	7077
P128,9	7078	7079
P68,10	7080	7081
P88,11	7082	7083
P48,12	7084	7085
P73,11	7086	7087
P108,9	7088	7089
P45,9	7090	7090
P199,9	7091	7092
P26,11	7093	7093
P182,11	7094	7095
P79,9	7096	7097
P120,9	7098	7098
P193,10	7099	7100
P118,12	7101	7102
P77,12	7103	7103
P95,10	7104	7104
P127,9	7105	7106
P162,9	7107	7108
P158,10	7109	7110
P98,11	7111	7111
P53,12	7112	7113
P31,12	7114	7115
P167,11	7116	7117
P109,10	7118	7119
P107,10	7120	7120
P112,11	7121	7121
P28,12	7122	7122
P51,11	7123	7124
P119,12	7125	7126
P135,10	7127	7128
P168,11	7129	7130
P172,12	7131	7132
P96,10	7133	7134
P47,12	7135	7136
P68,10	7137	7137
P88,11	7138	7138
P73,11	7139	7140
P199,9	7141	7142
P182,11	7143	7144
P79,9	7145	7145
P84,12	7146	7147
P154,11	7148	7149
P128,10	7150	7151
P193,10	7152	7153
P118,12	7154	7155
P162,9	7156	7157
P158,10	7158	7158
P53,12	7159	7160
P31,12	7161	7161
P167,11	7162	7163
P109,10	7164	7164
P176,12	7165	7166
P45,10	7167	7168
P26,12	7169	7170
P95,11	7171	7172
P108,10	7173	7173
P51,11	7174	7175
P119,12	7176	7177
P168,11	7178	7179
P172,12	7180	7181
P96,10	7182	7183
P47,12	7184	7185
P127,10	7186	7187
P73,11	7188	7188
P84,12	7189	7190
P154,11	7191	7192
P128,10	7193	7194
P193,10	7195	7196
P118,12	7197	7198
P88,12	7199	7200
P135,11	7201	7202
P79,10	7203	7203
P167,11	7204	7204
P176,12	7205	7206
P26,12	7207	7208
P95,11	7209	7210
P51,11	7211	7211
P119,12	7212	7213
P199,10	7214	7215
P109,11	7216	7217
P172,12	7218	7218
P96,10	7219	7220
P47,12	7221	7222
P127,10	7223	7223
P84,12	7224	7225
P154,11	7226	7227
P128,10	7228	7229
P193,10	7230	7230
P182,12	7231	7231
P162,10	7232	7233
P158,11	7234	7235
P88,12	7236	7237
P135,11	7238	7239
P176,12	7240	7240
P26,12	7241	7242
P95,11	7243	7244
P199,10	7245	7246
P108,11	7247	7247
P73,12	7248	7249
P47,12	7250	7251
P84,12	7252	7252
P128,10	7253	7253
P162,10	7254	7255
P88,12	7256	7257
P135,11	7258	7258
P79,11	7259	7260
P96,11	7261	7262
P26,12	7263	7264
P73,12	7265	7266
P162,10	7267	7268
P193,11	7269	7270
P108,12	7271	7272
P109,12	7273	7274
P96,11	7275	7276
P73,12	7277	7277
P162,10	7278	7278
P193,11	7279	7280
P108,12	7281	7282
P109,12	7283	7284
P96,11	7285	7286
P154,12	7287	7287
P128,11	7288	7289
P199,11	7290	7290
P109,12	7291	7292
P158,12	7293	7294
P96,11	7295	7295
P128,11	7296	7297
P158,12	7298	7298
P109,12	7299	7299
P128,11	7300	7301
P79,12	7305	7309
P199,12	7317	7318
P135,12	7319	7320
P162,11	7321	7322
P199,12	7323	7324
P135,12	7325	7326
P162,11	7327	7328
P199,12	7329	7329
P135,12	7330	7330
P162,11	7331	7331
P96,12	7344	7347
