CPU0
P1,1	0	2
P2,1	3	9
P3,1	10	15
P4,1	16	21
P5,1	22	28
P6,1	29	35
P7,1	36	36
P8,1	37	38
P9,1	39	39
P10,1	40	41
P1,2	42	43
P11,1	44	46
P12,1	47	54
P13,1	55	59
P2,2	60	63
P14,1	64	64
P15,1	65	66
P16,1	67	67
P17,1	68	74
P18,1	75	77
P19,1	78	78
P4,2	79	80
P20,1	81	84
P21,1	85	92
P22,1	93	96
P8,2	97	99
P23,1	100	103
P7,2	104	106
P24,1	107	112
P5,2	113	114
P1,3	115	116
P3,2	117	121
P25,1	122	125
P26,1	126	131
P27,1	132	137
P13,2	138	141
P28,1	142	143
P10,2	144	147
P29,1	148	151
P30,1	152	154
P31,1	155	158
P6,2	159	159
P12,2	160	164
P32,1	165	170
P9,2	171	178
P14,2	179	179
P17,2	180	186
P33,1	187	193
P34,1	194	201
P11,2	202	202
P15,2	203	208
P16,2	209	213
P35,1	214	221
P18,2	222	227
P36,1	228	228
P37,1	229	231
P2,3	232	234
P38,1	235	235
P39,1	236	241
P40,1	242	245
P41,1	246	253
P42,1	254	260
P43,1	261	265
P44,1	266	267
P22,2	268	273
P45,1	274	281
P46,1	282	287
P4,3	288	291
P19,2	292	293
P20,2	294	295
P47,1	296	299
P48,1	300	301
P23,2	302	307
P3,3	308	315
P8,3	316	319
P21,2	320	320
P49,1	321	322
P50,1	323	323
P51,1	324	328
P52,1	329	331
P7,3	332	335
P53,1	336	336
P5,3	337	338
P25,2	339	342
P54,1	343	348
P1,4	349	353
P55,1	354	359
P56,1	360	366
P28,2	367	374
P24,2	375	376
P57,1	377	379
P58,1	380	380
P10,3	381	381
P30,2	382	384
P59,1	385	388
P60,1	389	390
P26,2	391	394
P6,3	395	402
P12,3	403	409
P27,2	410	415
P29,2	416	423
P61,1	424	430
P62,1	431	436
P13,3	437	441
P63,1	442	443
P64,1	444	445
P65,1	446	450
P66,1	451	453
P67,1	454	457
P31,2	458	464
P68,1	465	472
P32,2	473	480
P69,1	481	482
P70,1	483	488
P9,3	489	494
P71,1	495	501
P72,1	502	508
P11,3	509	513
P17,3	514	517
P73,1	518	522
P74,1	523	527
P75,1	528	534
P76,1	535	538
P77,1	539	543
P78,1	544	550
P14,3	551	555
P79,1	556	559
P80,1	560	562
P33,2	563	564
P16,3	565	567
P37,2	568	569
P81,1	570	573
P34,2	574	577
P82,1	578	579
P83,1	580	582
P84,1	583	587
P15,3	588	591
P85,1	592	593
P38,2	594	594
P36,2	595	600
P86,1	601	604
P87,1	605	606
P35,2	607	610
P40,2	611	614
P88,1	615	618
P18,3	619	622
P89,1	623	623
P2,4	624	631
P90,1	632	632
P42,2	633	634
P39,2	635	636
P41,2	637	643
P91,1	644	650
P92,1	651	656
P93,1	657	663
P94,1	664	664
P95,1	665	672
P96,1	673	679
P43,2	680	681
P44,2	682	689
P97,1	690	691
P98,1	692	696
P99,1	697	704
P100,1	705	705
P45,2	706	712
P101,1	713	714
P102,1	715	715
P103,1	716	718
P46,2	719	723
P20,3	724	731
P104,1	732	739
P105,1	740	743
P106,1	744	749
P22,3	750	754
P107,1	755	759
P108,1	760	763
P109,1	764	771
P110,1	772	775
P111,1	776	782
P4,4	783	788
P48,2	789	792
P3,4	793	796
P112,1	797	800
P113,1	801	803
P114,1	804	811
P19,3	812	819
P49,2	820	826
P115,1	827	832
P47,2	833	836
P116,1	837	837
P51,2	838	840
P23,3	841	843
P117,1	844	846
P8,4	847	853
P118,1	854	854
P119,1	855	858
P120,1	859	859
P53,2	860	864
P50,2	865	865
P52,2	866	866
P21,3	867	867
P121,1	868	872
P122,1	873	874
P7,4	875	875
P5,4	876	878
P123,1	879	884
P124,1	885	885
P125,1	886	890
P126,1	891	898
P127,1	899	901
P25,3	902	904
P54,2	905	905
P1,5	906	911
P28,3	912	915
P128,1	916	923
P129,1	924	928
P56,2	929	932
P130,1	933	939
P131,1	940	940
P55,2	941	941
P132,1	942	946
P133,1	947	948
P134,1	949	953
P135,1	954	958
P136,1	959	965
P58,2	966	968
P137,1	969	976
P138,1	977	979
P57,2	980	980
P139,1	981	982
P24,3	983	990
P6,4	991	994
P140,1	995	998
P141,1	999	1005
P142,1	1006	1010
P143,1	1011	1017
P30,3	1018	1019
P144,1	1020	1026
P145,1	1027	1033
P10,4	1034	1040
P146,1	1041	1041
P12,4	1042	1048
P59,2	1049	1050
P147,1	1051	1051
P26,3	1052	1056
P148,1	1057	1064
P149,1	1065	1070
P60,2	1071	1077
P27,3	1078	1081
P150,1	1082	1087
P151,1	1088	1091
P152,1	1092	1098
P153,1	1099	1100
P62,2	1101	1108
P154,1	1109	1114
P155,1	1115	1117
P156,1	1118	1124
P157,1	1125	1125
P158,1	1126	1126
P159,1	1127	1134
P160,1	1135	1135
P161,1	1136	1139
P63,2	1140	1140
P65,2	1141	1142
P61,2	1143	1147
P162,1	1148	1154
P29,3	1155	1156
P163,1	1157	1163
P64,2	1164	1165
P164,1	1166	1170
P165,1	1171	1174
P166,1	1175	1175
P167,1	1176	1183
P168,1	1184	1190
P169,1	1191	1198
P170,1	1199	1199
P171,1	1200	1202
P172,1	1203	1208
P13,4	1209	1211
P67,2	1212	1215
P31,3	1216	1218
P173,1	1219	1222
P174,1	1223	1226
P66,2	1227	1227
P175,1	1228	1229
P68,2	1230	1234
P176,1	1235	1240
P177,1	1241	1244
P178,1	1245	1250
P179,1	1251	1251
P180,1	1252	1259
P32,3	1260	1267
P181,1	1268	1275
P182,1	1276	1281
P183,1	1282	1288
P184,1	1289	1295
P69,2	1296	1302
P185,1	1303	1303
P11,4	1304	1308
P186,1	1309	1310
P70,2	1311	1312
P187,1	1313	1319
P71,2	1320	1322
P188,1	1323	1328
P9,4	1329	1333
P189,1	1334	1340
P190,1	1341	1348
P73,2	1349	1353
P191,1	1354	1357
P192,1	1358	1359
P193,1	1360	1366
P194,1	1367	1374
P195,1	1375	1381
P75,2	1382	1384
P196,1	1385	1386
P197,1	1387	1390
P198,1	1391	1395
P199,1	1396	1399
P72,2	1400	1401
P17,4	1402	1405
P200,1	1406	1410
P74,2	1411	1412
P78,2	1413	1413
P77,2	1414	1417
P33,3	1418	1420
P76,2	1421	1427
P79,2	1428	1433
P34,3	1434	1440
P80,2	1441	1445
P14,4	1446	1446
P81,2	1447	1452
P83,2	1453	1458
P37,3	1459	1463
P82,2	1464	1469
P38,3	1470	1476
P16,4	1477	1483
P85,2	1484	1487
P84,2	1488	1495
P15,4	1496	1501
P86,2	1502	1504
P35,3	1505	1511
P40,3	1512	1515
P88,2	1516	1516
P89,2	1517	1520
P87,2	1521	1524
P90,2	1525	1532
P36,3	1533	1537
P18,4	1538	1545
P42,3	1546	1551
P39,3	1552	1552
P91,2	1553	1556
P2,5	1557	1561
P92,2	1562	1563
P41,3	1564	1565
P93,2	1566	1568
P96,2	1569	1574
P43,3	1575	1576
P94,2	1577	1582
P95,2	1583	1590
P99,2	1591	1594
P44,3	1595	1598
P97,2	1599	1599
P98,2	1600	1604
P103,2	1605	1608
P100,2	1609	1616
P45,3	1617	1618
P101,2	1619	1622
P46,3	1623	1630
P104,2	1631	1632
P102,2	1633	1638
P20,4	1639	1642
P105,2	1643	1647
P107,2	1648	1651
P106,2	1652	1655
P109,2	1656	1660
P22,4	1661	1663
P108,2	1664	1668
P110,2	1669	1672
P111,2	1673	1676
P48,3	1677	1683
P112,2	1684	1687
P114,2	1688	1695
P4,5	1696	1702
P113,2	1703	1707
P3,5	1708	1711
P116,2	1712	1718
P117,2	1719	1726
P51,3	1727	1733
P49,3	1734	1740
P47,3	1741	1744
P19,4	1745	1748
P115,2	1749	1753
P8,5	1754	1755
P21,4	1756	1756
P120,2	1757	1763
P23,4	1764	1767
P50,3	1768	1770
P119,2	1771	1774
P122,2	1775	1779
P123,2	1780	1784
P7,5	1785	1785
P121,2	1786	1787
P125,2	1788	1795
P118,2	1796	1803
P53,3	1804	1806
P52,3	1807	1812
P126,2	1813	1814
P127,2	1815	1822
P5,5	1823	1824
P124,2	1825	1831
P28,4	1832	1837
P25,4	1838	1843
P54,3	1844	1847
P1,6	1848	1853
P55,3	1854	1861
P129,2	1862	1866
P132,2	1867	1873
P131,2	1874	1877
P128,2	1878	1880
P56,3	1881	1885
P134,2	1886	1887
P133,2	1888	1895
P135,2	1896	1897
P130,2	1898	1905
P58,3	1906	1906
P139,2	1907	1913
P137,2	1914	1914
P138,2	1915	1918
P136,2	1919	1920
P140,2	1921	1923
P57,3	1924	1926
P24,4	1927	1929
P141,2	1930	1931
P142,2	1932	1932
P6,5	1933	1935
P12,5	1936	1938
P143,2	1939	1946
P145,2	1947	1949
P146,2	1950	1952
P30,4	1953	1955
P144,2	1956	1958
P10,5	1959	1963
P26,4	1964	1971
P59,3	1972	1975
P147,2	1976	1983
P148,2	1984	1988
P149,2	1989	1995
P27,4	1996	2002
P60,3	2003	2008
P152,2	2009	2016
P150,2	2017	2017
P151,2	2018	2025
P154,2	2026	2032
P155,2	2033	2038
P62,3	2039	2039
P153,2	2040	2042
P63,3	2043	2043
P157,2	2044	2049
P156,2	2050	2053
P160,2	2054	2055
P161,2	2056	2058
P158,2	2059	2064
P162,2	2065	2072
P159,2	2073	2079
P61,3	2080	2082
P65,3	2083	2086
P29,4	2087	2094
P166,2	2095	2100
P165,2	2101	2102
P64,3	2103	2105
P164,2	2106	2110
P163,2	2111	2114
P172,2	2115	2121
P169,2	2122	2123
P170,2	2124	2127
P67,3	2128	2129
P168,2	2130	2131
P167,2	2132	2133
P66,3	2134	2141
P13,5	2142	2143
P174,2	2144	2146
P171,2	2147	2150
P173,2	2151	2153
P31,4	2154	2158
P177,2	2159	2162
P175,2	2163	2168
P179,2	2169	2176
P68,3	2177	2177
P176,2	2178	2178
P180,2	2179	2184
P32,4	2185	2191
P178,2	2192	2198
P183,2	2199	2206
P181,2	2207	2213
P184,2	2214	2219
P182,2	2220	2227
P69,3	2228	2232
P11,5	2233	2236
P187,2	2237	2242
P70,3	2243	2250
P71,3	2251	2254
P186,2	2255	2258
P185,2	2259	2266
P188,2	2267	2274
P9,5	2275	2275
P189,2	2276	2276
P190,2	2277	2284
P191,2	2285	2292
P73,3	2293	2295
P192,2	2296	2296
P194,2	2297	2298
P193,2	2299	2303
P75,3	2304	2304
P196,2	2305	2306
P197,2	2307	2313
P199,2	2314	2319
P72,3	2320	2322
P200,2	2323	2328
P78,3	2329	2334
P195,2	2335	2339
P198,2	2340	2342
P74,3	2343	2350
P76,3	2351	2352
P17,5	2353	2357
P33,4	2358	2365
P79,3	2366	2372
P77,3	2373	2379
P34,4	2380	2381
P14,5	2382	2389
P80,3	2390	2393
P82,3	2394	2394
P81,3	2395	2398
P38,4	2399	2404
P37,4	2405	2405
P83,3	2406	2410
P84,3	2411	2415
P16,5	2416	2416
P85,3	2417	2420
P15,5	2421	2422
P88,3	2423	2430
P86,3	2431	2433
P87,3	2434	2441
P35,4	2442	2442
P40,4	2443	2450
P89,3	2451	2454
P42,4	2455	2455
P90,3	2456	2458
P18,5	2459	2463
P91,3	2464	2465
P92,3	2466	2472
P36,4	2473	2474
P96,3	2475	2480
P2,6	2481	2483
P39,4	2484	2487
P41,4	2488	2489
P93,3	2490	2495
P44,4	2496	2503
P94,3	2504	2510
P43,4	2511	2518
P98,3	2519	2521
P45,4	2522	2529
P100,3	2530	2536
P95,3	2537	2541
P99,3	2542	2544
P46,4	2545	2551
P104,3	2552	2556
P97,3	2557	2557
P103,3	2558	2561
P20,5	2562	2562
P101,3	2563	2565
P105,3	2566	2566
P107,3	2567	2574
P102,3	2575	2582
P22,5	2583	2583
P108,3	2584	2584
P109,3	2585	2591
P111,3	2592	2593
P106,3	2594	2596
P110,3	2597	2602
P112,3	2603	2606
P4,6	2607	2614
P114,3	2615	2621
P48,4	2622	2625
P116,3	2626	2629
P113,3	2630	2631
P3,6	2632	2638
P51,4	2639	2640
P49,4	2641	2644
P117,3	2645	2649
P47,4	2650	2653
P8,6	2654	2659
P120,3	2660	2666
P50,4	2667	2673
P19,5	2674	2677
P119,3	2678	2684
P21,5	2685	2688
P115,3	2689	2695
P23,5	2696	2702
P7,6	2703	2704
P125,3	2705	2708
P123,3	2709	2711
P122,3	2712	2718
P121,3	2719	2719
P126,3	2720	2726
P118,3	2727	2733
P53,4	2734	2741
P5,6	2742	2742
P127,3	2743	2747
P52,4	2748	2753
P54,4	2754	2761
P28,5	2762	2766
P124,3	2767	2770
P25,5	2771	2777
P1,7	2778	2784
P131,3	2785	2789
P56,4	2790	2790
P129,3	2791	2797
P128,3	2798	2804
P55,4	2805	2809
P135,3	2810	2811
P134,3	2812	2813
P58,4	2814	2820
P132,3	2821	2822
P133,3	2823	2823
P130,3	2824	2824
P137,3	2825	2828
P138,3	2829	2833
P141,3	2834	2835
P136,3	2836	2836
P57,4	2837	2839
P142,3	2840	2842
P143,3	2843	2850
P140,3	2851	2857
P139,3	2858	2859
P145,3	2860	2867
P24,5	2868	2868
P12,6	2869	2875
P144,3	2876	2882
P30,5	2883	2889
P10,6	2890	2893
P146,3	2894	2898
P26,5	2899	2899
P147,3	2900	2906
P59,4	2907	2910
P148,3	2911	2913
P27,5	2914	2918
P152,3	2919	2924
P149,3	2925	2929
P62,4	2930	2936
P155,3	2937	2943
P60,4	2944	2950
P151,3	2951	2954
P150,3	2955	2961
P157,3	2962	2966
P161,3	2967	2973
P154,3	2974	2978
P156,3	2979	2982
P63,4	2983	2986
P153,3	2987	2989
P158,3	2990	2996
P159,3	2997	2999
P162,3	3000	3005
P61,4	3006	3009
P160,3	3010	3015
P65,4	3016	3017
P29,5	3018	3018
P166,3	3019	3020
P165,3	3021	3023
P169,3	3024	3029
P164,3	3030	3034
P64,4	3035	3041
P168,3	3042	3043
P163,3	3044	3046
P174,3	3047	3053
P170,3	3054	3059
P167,3	3060	3064
P66,4	3065	3065
P67,4	3066	3067
P172,3	3068	3068
P173,3	3069	3069
P177,3	3070	3074
P31,5	3075	3081
P13,6	3082	3089
P171,3	3090	3093
P68,4	3094	3101
P176,3	3102	3105
P175,3	3106	3107
P180,3	3108	3111
P179,3	3112	3113
P178,3	3114	3119
P32,5	3120	3120
P183,3	3121	3123
P182,3	3124	3126
P181,3	3127	3129
P11,6	3130	3137
P184,3	3138	3142
P69,4	3143	3146
P187,3	3147	3154
P70,4	3155	3159
P71,4	3160	3166
P185,3	3167	3169
P188,3	3170	3170
P189,3	3171	3174
P186,3	3175	3179
P190,3	3180	3181
P192,3	3182	3184
P75,4	3185	3190
P9,6	3191	3191
P194,3	3192	3195
P197,3	3196	3197
P191,3	3198	3199
P196,3	3200	3207
P73,4	3208	3213
P200,3	3214	3218
P193,3	3219	3224
P72,4	3225	3231
P198,3	3232	3235
P78,4	3236	3243
P199,3	3244	3251
P195,3	3252	3252
P74,4	3253	3255
P33,5	3256	3256
P79,4	3257	3258
P76,4	3259	3262
P77,4	3263	3267
P17,6	3268	3272
P38,5	3273	3275
P14,6	3276	3277
P81,4	3278	3281
P37,5	3282	3283
P34,5	3284	3285
P82,4	3286	3289
P83,4	3290	3291
P80,4	3292	3297
P16,6	3298	3299
P15,6	3300	3301
P85,4	3302	3303
P35,5	3304	3306
P87,4	3307	3312
P84,4	3313	3313
P86,4	3314	3317
P88,4	3318	3321
P91,4	3322	3327
P90,4	3328	3334
P18,6	3335	3341
P42,5	3342	3343
P40,5	3344	3346
P89,4	3347	3354
P2,7	3355	3361
P93,4	3362	3368
P39,5	3369	3369
P96,4	3370	3375
P92,4	3376	3378
P44,5	3379	3381
P45,5	3382	3387
P94,4	3388	3392
P95,4	3393	3396
P98,4	3397	3402
P46,5	3403	3407
P100,4	3408	3415
P99,4	3416	3423
P104,4	3424	3427
P107,4	3428	3435
P97,4	3436	3441
P103,4	3442	3445
P108,4	3446	3452
P101,4	3453	3459
P102,4	3460	3461
P105,4	3462	3465
P20,6	3466	3468
P112,4	3469	3476
P109,4	3477	3480
P106,4	3481	3486
P110,4	3487	3494
P48,5	3495	3498
P111,4	3499	3500
P114,4	3501	3508
P4,7	3509	3510
P117,4	3511	3513
P116,4	3514	3517
P113,4	3518	3519
P49,5	3520	3520
P8,7	3521	3522
P51,5	3523	3529
P3,7	3530	3531
P47,5	3532	3536
P50,5	3537	3537
P120,4	3538	3541
P19,6	3542	3546
P119,4	3547	3547
P125,4	3548	3553
P7,7	3554	3556
P23,6	3557	3559
P115,4	3560	3566
P21,6	3567	3572
P121,4	3573	3573
P118,4	3574	3578
P123,4	3579	3582
P122,4	3583	3584
P126,4	3585	3585
P5,7	3586	3589
P53,5	3590	3594
P127,4	3595	3597
P124,4	3598	3602
P52,5	3603	3604
P54,5	3605	3610
P28,6	3611	3615
P131,4	3616	3621
P129,4	3622	3624
P25,6	3625	3626
P128,4	3627	3632
P132,4	3633	3637
P56,5	3638	3643
P58,5	3644	3650
P55,5	3651	3654
P137,4	3655	3662
P133,4	3663	3669
P135,4	3670	3677
P134,4	3678	3679
P130,4	3680	3686
P138,4	3687	3692
P141,4	3693	3699
P57,5	3700	3707
P142,4	3708	3710
P143,4	3711	3717
P136,4	3718	3719
P140,4	3720	3720
P139,4	3721	3725
P10,7	3726	3729
P24,6	3730	3733
P30,6	3734	3741
P144,4	3742	3746
P145,4	3747	3754
P12,7	3755	3761
P146,4	3762	3769
P26,6	3770	3777
P147,4	3778	3784
P59,5	3785	3790
P149,4	3791	3791
P148,4	3792	3799
P155,4	3800	3800
P152,4	3801	3807
P62,5	3808	3809
P157,4	3810	3813
P154,4	3814	3817
P60,5	3818	3820
P151,4	3821	3826
P150,4	3827	3827
P161,4	3828	3830
P162,4	3831	3836
P156,4	3837	3843
P63,5	3844	3845
P158,4	3846	3853
P159,4	3854	3856
P153,4	3857	3860
P61,5	3861	3863
P160,4	3864	3870
P29,6	3871	3871
P65,5	3872	3875
P168,4	3876	3881
P166,4	3882	3888
P174,4	3889	3893
P165,4	3894	3895
P164,4	3896	3901
P169,4	3902	3902
P173,4	3903	3907
P170,4	3908	3909
P177,4	3910	3913
P64,5	3914	3917
P163,4	3918	3922
P66,5	3923	3928
P67,5	3929	3934
P171,4	3935	3939
P172,4	3940	3943
P167,4	3944	3946
P31,6	3947	3950
P13,7	3951	3951
P175,4	3952	3952
P180,4	3953	3956
P178,4	3957	3962
P68,5	3963	3964
P176,4	3965	3968
P183,4	3969	3976
P179,4	3977	3977
P182,4	3978	3978
P184,4	3979	3982
P11,7	3983	3984
P70,5	3985	3986
P181,4	3987	3993
P187,4	3994	4001
P189,4	4002	4009
P185,4	4010	4014
P69,5	4015	4021
P186,4	4022	4027
P190,4	4028	4031
P71,5	4032	4035
P9,7	4036	4041
P188,4	4042	4049
P75,5	4050	4055
P196,4	4056	4060
P197,4	4061	4064
P192,4	4065	4071
P73,5	4072	4076
P191,4	4077	4082
P72,5	4083	4090
P194,4	4091	4095
P198,4	4096	4098
P200,4	4099	4103
P199,4	4104	4109
P74,5	4110	4112
P193,4	4113	4119
P78,5	4120	4120
P33,6	4121	4123
P195,4	4124	4124
P14,7	4125	4131
P76,5	4132	4132
P77,5	4133	4139
P81,5	4140	4140
P79,5	4141	4148
P37,6	4149	4154
P15,7	4155	4162
P80,5	4163	4170
P35,6	4171	4176
P87,5	4177	4181
P83,5	4182	4188
P16,7	4189	4190
P82,5	4191	4195
P88,5	4196	4202
P84,5	4203	4203
P90,5	4204	4209
P85,5	4210	4211
P86,5	4212	4215
P91,5	4216	4219
P89,5	4220	4220
P2,8	4221	4224
P18,7	4225	4227
P40,6	4228	4229
P39,6	4230	4237
P93,5	4238	4244
P94,5	4245	4247
P98,5	4248	4250
P96,5	4251	4253
P45,6	4254	4260
P92,5	4261	4263
P46,6	4264	4269
P99,5	4270	4270
P95,5	4271	4277
P104,5	4278	4284
P100,5	4285	4289
P97,5	4290	4296
P101,5	4297	4304
P107,5	4305	4311
P20,7	4312	4312
P103,5	4313	4318
P108,5	4319	4325
P102,5	4326	4327
P105,5	4328	4335
P112,5	4336	4336
P111,5	4337	4343
P48,6	4344	4349
P106,5	4350	4355
P109,5	4356	4359
P110,5	4360	4361
P113,5	4362	4369
P114,5	4370	4373
P116,5	4374	4381
P120,5	4382	4387
P3,8	4388	4395
P51,6	4396	4403
P119,5	4404	4407
P117,5	4408	4410
P8,8	4411	4415
P50,6	4416	4422
P49,6	4423	4427
P125,5	4428	4428
P47,6	4429	4430
P23,7	4431	4432
P7,8	4433	4433
P19,7	4434	4439
P115,5	4440	4444
P122,5	4445	4446
P118,5	4447	4447
P121,5	4448	4448
P123,5	4449	4455
P126,5	4456	4462
P127,5	4463	4466
P5,8	4467	4469
P28,7	4470	4475
P124,5	4476	4479
P129,5	4480	4486
P53,6	4487	4488
P52,6	4489	4493
P128,5	4494	4495
P131,5	4496	4501
P132,5	4502	4504
P25,7	4505	4507
P133,5	4508	4509
P58,6	4510	4514
P55,6	4515	4519
P137,5	4520	4521
P134,5	4522	4527
P141,5	4528	4528
P135,5	4529	4535
P57,6	4536	4537
P130,5	4538	4540
P138,5	4541	4545
P10,8	4546	4548
P136,5	4549	4550
P143,5	4551	4552
P142,5	4553	4553
P24,7	4554	4557
P140,5	4558	4560
P139,5	4561	4562
P144,5	4563	4563
P12,8	4564	4565
P30,7	4566	4568
P145,5	4569	4569
P147,5	4570	4573
P26,7	4574	4581
P59,6	4582	4587
P146,5	4588	4589
P149,5	4590	4595
P62,6	4596	4596
P157,5	4597	4597
P155,5	4598	4605
P154,5	4606	4613
P148,5	4614	4615
P151,5	4616	4621
P152,5	4622	4628
P156,5	4629	4629
P60,6	4630	4633
P150,5	4634	4639
P63,6	4640	4647
P159,5	4648	4648
P161,5	4649	4653
P160,5	4654	4658
P162,5	4659	4665
P153,5	4666	4670
P158,5	4671	4672
P168,5	4673	4675
P61,6	4676	4682
P165,5	4683	4683
P65,6	4684	4687
P29,7	4688	4695
P164,5	4696	4696
P173,5	4697	4701
P174,5	4702	4702
P166,5	4703	4708
P64,6	4709	4710
P170,5	4711	4714
P177,5	4715	4716
P163,5	4717	4722
P31,7	4723	4728
P66,6	4729	4730
P67,6	4731	4732
P180,5	4733	4735
P171,5	4736	4743
P167,5	4744	4749
P172,5	4750	4754
P175,5	4755	4757
P68,6	4758	4761
P178,5	4762	4769
P183,5	4770	4770
P11,8	4771	4773
P176,5	4774	4778
P184,5	4779	4783
P182,5	4784	4788
P181,5	4789	4792
P70,6	4793	4796
P69,6	4797	4803
P185,5	4804	4811
P187,5	4812	4817
P186,5	4818	4822
P188,5	4823	4824
P190,5	4825	4825
P9,8	4826	4827
P75,6	4828	4829
P192,5	4830	4837
P191,5	4838	4839
P72,6	4840	4847
P197,5	4848	4848
P73,6	4849	4850
P200,5	4851	4857
P74,6	4858	4859
P78,6	4860	4864
P193,5	4865	4865
P195,5	4866	4867
P198,5	4868	4872
P14,8	4873	4877
P199,5	4878	4885
P33,7	4886	4892
P79,6	4893	4900
P81,6	4901	4904
P77,6	4905	4907
P80,6	4908	4913
P37,7	4914	4918
P35,7	4919	4926
P16,8	4927	4933
P88,6	4934	4941
P85,6	4942	4943
P91,6	4944	4951
P82,6	4952	4959
P84,6	4960	4960
P90,6	4961	4966
P40,7	4967	4972
P86,6	4973	4977
P18,8	4978	4983
P94,6	4984	4988
P2,9	4989	4990
P96,6	4991	4996
P93,6	4997	4997
P98,6	4998	4999
P39,7	5000	5000
P45,7	5001	5008
P95,6	5009	5013
P100,6	5014	5015
P103,6	5016	5016
P101,6	5017	5020
P108,6	5021	5025
P107,6	5026	5031
P105,6	5032	5032
P20,8	5033	5033
P102,6	5034	5038
P48,7	5039	5040
P106,6	5041	5043
P112,6	5044	5049
P111,6	5050	5050
P113,6	5051	5055
P109,6	5056	5056
P114,6	5057	5058
P110,6	5059	5061
P120,6	5062	5066
P116,6	5067	5068
P3,9	5069	5076
P119,6	5077	5079
P117,6	5080	5082
P51,7	5083	5088
P8,9	5089	5094
P49,7	5095	5100
P47,7	5101	5107
P19,8	5108	5114
P23,8	5115	5115
P50,7	5116	5117
P122,6	5118	5123
P118,6	5124	5124
P121,6	5125	5129
P127,6	5130	5134
P28,8	5135	5141
P123,6	5142	5143
P124,6	5144	5144
P5,9	5145	5147
P128,6	5148	5155
P131,6	5156	5163
P129,6	5164	5165
P53,7	5166	5167
P132,6	5168	5168
P25,8	5169	5176
P135,6	5177	5178
P134,6	5179	5184
P141,6	5185	5185
P133,6	5186	5186
P57,7	5187	5189
P58,7	5190	5197
P130,6	5198	5200
P138,6	5201	5204
P55,7	5205	5210
P137,6	5211	5218
P136,6	5219	5224
P24,8	5225	5231
P30,8	5232	5234
P144,6	5235	5239
P10,9	5240	5242
P143,6	5243	5244
P140,6	5245	5247
P145,6	5248	5255
P142,6	5256	5263
P12,9	5264	5265
P149,6	5266	5268
P59,7	5269	5276
P146,6	5277	5281
P147,6	5282	5289
P154,6	5290	5295
P26,8	5296	5301
P62,7	5302	5305
P151,6	5306	5312
P148,6	5313	5318
P150,6	5319	5323
P156,6	5324	5324
P161,6	5325	5329
P152,6	5330	5337
P162,6	5338	5341
P158,6	5342	5345
P159,6	5346	5353
P61,7	5354	5360
P63,7	5361	5366
P153,6	5367	5368
P174,6	5369	5372
P168,6	5373	5375
P173,6	5376	5380
P165,6	5381	5387
P164,6	5388	5388
P177,6	5389	5394
P163,6	5395	5398
P166,6	5399	5403
P66,7	5404	5408
P170,6	5409	5414
P64,7	5415	5418
P171,6	5419	5419
P31,8	5420	5425
P167,6	5426	5427
P183,6	5428	5428
P176,6	5429	5430
P172,6	5431	5434
P175,6	5435	5439
P182,6	5440	5443
P68,7	5444	5449
P178,6	5450	5455
P70,7	5456	5460
P181,6	5461	5467
P184,6	5468	5475
P69,7	5476	5477
P186,6	5478	5479
P185,6	5480	5481
P187,6	5482	5487
P190,6	5488	5491
P191,6	5492	5494
P9,9	5495	5496
P75,7	5497	5501
P188,6	5502	5506
P192,6	5507	5510
P72,7	5511	5517
P200,6	5518	5524
P78,7	5525	5527
P14,9	5528	5535
P195,6	5536	5541
P73,7	5542	5545
P193,6	5546	5549
P199,6	5550	5554
P198,6	5555	5555
P81,7	5556	5557
P80,7	5558	5558
P35,8	5559	5561
P79,7	5562	5568
P33,8	5569	5571
P77,7	5572	5577
P88,7	5578	5585
P91,7	5586	5589
P37,8	5590	5593
P84,7	5594	5601
P90,7	5602	5605
P85,7	5606	5607
P86,7	5608	5615
P40,8	5616	5620
P39,8	5621	5628
P98,7	5629	5636
P96,7	5637	5644
P103,7	5645	5648
P93,7	5649	5655
P45,8	5656	5658
P100,7	5659	5661
P95,7	5662	5664
P20,9	5665	5672
P108,7	5673	5679
P101,7	5680	5685
P102,7	5686	5691
P107,7	5692	5693
P48,8	5694	5700
P105,7	5701	5706
P111,7	5707	5709
P120,7	5710	5715
P109,7	5716	5716
P113,7	5717	5723
P116,7	5724	5725
P106,7	5726	5726
P112,7	5727	5729
P119,7	5730	5733
P117,7	5734	5735
P3,10	5736	5741
P8,10	5742	5749
P51,8	5750	5751
P47,8	5752	5759
P50,8	5760	5762
P23,9	5763	5767
P49,8	5768	5775
P127,7	5776	5783
P121,7	5784	5785
P28,9	5786	5788
P123,7	5789	5796
P19,9	5797	5798
P118,7	5799	5805
P5,10	5806	5807
P124,7	5808	5813
P128,7	5814	5820
P132,7	5821	5825
P133,7	5826	5830
P53,8	5831	5837
P129,7	5838	5838
P141,7	5839	5839
P58,8	5840	5844
P57,8	5845	5845
P135,7	5846	5848
P25,9	5849	5850
P134,7	5851	5851
P136,7	5852	5857
P30,9	5858	5865
P130,7	5866	5866
P55,8	5867	5867
P24,9	5868	5870
P137,7	5871	5875
P142,7	5876	5883
P140,7	5884	5890
P145,7	5891	5894
P12,10	5895	5898
P149,7	5899	5904
P147,7	5905	5912
P26,9	5913	5914
P146,7	5915	5916
P154,7	5917	5924
P62,8	5925	5930
P148,7	5931	5931
P150,7	5932	5933
P162,7	5934	5940
P161,7	5941	5948
P156,7	5949	5952
P158,7	5953	5958
P63,8	5959	5962
P159,7	5963	5965
P168,7	5966	5970
P174,7	5971	5975
P177,7	5976	5979
P163,7	5980	5980
P165,7	5981	5987
P66,8	5988	5988
P167,7	5989	5993
P166,7	5994	5998
P64,8	5999	6001
P176,7	6002	6005
P182,7	6006	6007
P178,7	6008	6011
P171,7	6012	6013
P31,9	6014	6017
P172,7	6018	6020
P68,8	6021	6028
P70,8	6029	6035
P69,8	6036	6037
P175,7	6038	6042
P9,10	6043	6049
P184,7	6050	6053
P185,7	6054	6058
P188,7	6059	6066
P190,7	6067	6071
P191,7	6072	6078
P192,7	6079	6083
P72,8	6084	6084
P14,10	6085	6086
P200,7	6087	6091
P195,7	6092	6095
P193,7	6096	6099
P73,8	6100	6106
P81,8	6107	6113
P78,8	6114	6119
P199,7	6120	6127
P80,8	6128	6130
P79,8	6131	6137
P88,8	6138	6140
P77,8	6141	6141
P35,9	6142	6147
P85,8	6148	6151
P91,8	6152	6153
P37,9	6154	6156
P39,9	6157	6161
P84,8	6162	6167
P86,8	6168	6169
P96,8	6170	6175
P40,9	6176	6183
P103,8	6184	6188
P98,8	6189	6194
P93,8	6195	6200
P95,8	6201	6206
P100,8	6207	6210
P20,10	6211	6214
P108,8	6215	6219
P45,9	6220	6226
P101,8	6227	6229
P107,8	6230	6236
P111,8	6237	6237
P105,8	6238	6238
P48,9	6239	6241
P116,8	6242	6244
P109,8	6245	6252
P120,8	6253	6259
P119,8	6260	6263
P3,11	6264	6264
P112,8	6265	6269
P47,9	6270	6271
P51,9	6272	6274
P117,8	6275	6282
P8,11	6283	6285
P23,10	6286	6293
P49,9	6294	6298
P127,8	6299	6305
P28,10	6306	6310
P118,8	6311	6314
P5,11	6315	6320
P123,8	6321	6327
P128,8	6328	6331
P124,8	6332	6339
P121,8	6340	6341
P133,8	6342	6342
P141,8	6343	6345
P57,9	6346	6349
P25,10	6350	6350
P135,8	6351	6357
P132,8	6358	6365
P129,8	6366	6366
P53,9	6367	6369
P136,8	6370	6373
P130,8	6374	6381
P137,8	6382	6383
P24,10	6384	6386
P55,9	6387	6391
P30,10	6392	6394
P142,8	6395	6395
P145,8	6396	6396
P140,8	6397	6397
P147,8	6398	6404
P149,8	6405	6409
P146,8	6410	6417
P26,10	6418	6423
P154,8	6424	6425
P162,8	6426	6427
P159,8	6428	6433
P148,8	6434	6438
P158,8	6439	6445
P168,8	6446	6450
P167,8	6451	6458
P66,9	6459	6459
P177,8	6460	6466
P182,8	6467	6473
P163,8	6474	6479
P166,8	6480	6480
P176,8	6481	6483
P64,9	6484	6487
P31,10	6488	6492
P69,9	6493	6494
P171,8	6495	6495
P175,8	6496	6496
P178,8	6497	6503
P172,8	6504	6509
P68,9	6510	6514
P70,9	6515	6516
P184,8	6517	6522
P185,8	6523	6529
P190,8	6530	6535
P73,9	6536	6541
P192,8	6542	6543
P195,8	6544	6544
P72,9	6545	6549
P14,11	6550	6552
P200,8	6553	6558
P193,8	6559	6563
P79,9	6564	6570
P81,9	6571	6577
P199,8	6578	6578
P91,9	6579	6581
P88,9	6582	6584
P85,9	6585	6592
P77,9	6593	6595
P35,10	6596	6597
P96,9	6598	6603
P86,9	6604	6610
P37,10	6611	6616
P84,9	6617	6622
P93,9	6623	6623
P95,9	6624	6627
P100,9	6628	6629
P98,9	6630	6633
P103,9	6634	6636
P101,9	6637	6638
P45,10	6639	6640
P108,9	6641	6648
P111,9	6649	6649
P107,9	6650	6650
P48,10	6651	6657
P119,9	6658	6661
P116,9	6662	6663
P47,10	6664	6670
P51,10	6671	6678
P120,9	6679	6685
P109,9	6686	6693
P112,9	6694	6701
P127,9	6702	6709
P28,11	6710	6710
P128,9	6711	6716
P118,9	6717	6718
P135,9	6719	6725
P124,9	6726	6731
P57,10	6732	6735
P53,10	6736	6740
P133,9	6741	6743
P130,9	6744	6744
P55,10	6745	6747
P132,9	6748	6750
P140,9	6751	6752
P136,9	6753	6759
P145,9	6760	6760
P154,9	6761	6762
P26,11	6763	6767
P146,9	6768	6769
P158,9	6770	6774
P162,9	6775	6780
P66,10	6781	6782
P148,9	6783	6790
P168,9	6791	6798
P167,9	6799	6802
P176,9	6803	6810
P64,10	6811	6812
P163,9	6813	6818
P177,9	6819	6822
P182,9	6823	6825
P166,9	6826	6826
P69,10	6827	6829
P171,9	6830	6833
P172,9	6834	6835
P175,9	6836	6836
P31,11	6837	6837
P68,10	6838	6844
P195,9	6845	6851
P72,10	6852	6853
P73,10	6854	6858
P79,10	6859	6859
P192,9	6860	6860
P81,10	6861	6864
P193,9	6865	6869
P88,10	6870	6871
P85,10	6872	6872
P35,11	6873	6876
P199,9	6877	6882
P96,10	6883	6888
P77,10	6889	6890
P37,11	6891	6896
P86,10	6897	6900
P84,10	6901	6905
P101,10	6906	6906
P103,10	6907	6911
P95,10	6912	6912
P100,10	6913	6914
P107,10	6915	6917
P111,10	6918	6918
P98,10	6919	6922
P108,10	6923	6923
P48,11	6924	6927
P116,10	6928	6932
P51,11	6933	6939
P119,10	6940	6944
P47,11	6945	6951
P112,10	6952	6956
P28,12	6957	6959
P109,10	6960	6966
P128,10	6967	6973
P135,10	6974	6981
P127,10	6982	6984
P57,11	6985	6989
P124,10	6990	6994
P118,10	6995	7002
P140,10	7003	7004
P53,11	7005	7008
P26,12	7009	7016
P133,10	7017	7024
P154,10	7025	7026
P146,10	7027	7028
P162,10	7029	7035
P158,10	7036	7040
P167,10	7041	7045
P177,10	7046	7047
P182,10	7048	7050
P168,10	7051	7055
P176,10	7056	7061
P175,10	7062	7062
P163,10	7063	7066
P172,10	7067	7067
P31,12	7068	7070
P195,10	7071	7071
P192,10	7072	7072
P73,11	7073	7077
P79,11	7078	7079
P193,10	7080	7086
P77,11	7087	7090
P88,11	7091	7095
P81,11	7096	7096
P199,10	7097	7100
P96,11	7101	7107
P95,11	7108	7113
P86,11	7114	7116
P101,11	7117	7120
P98,11	7121	7125
P84,11	7126	7126
P111,11	7127	7127
P48,12	7128	7131
P108,11	7132	7132
P119,11	7133	7140
P47,12	7141	7148
P112,11	7149	7151
P109,11	7152	7153
P128,11	7154	7159
P135,11	7160	7164
P57,12	7165	7171
P118,11	7172	7173
P53,12	7174	7181
P146,11	7182	7182
P162,11	7183	7187
P167,11	7188	7192
P154,11	7193	7198
P182,11	7199	7206
P172,11	7207	7213
P168,11	7214	7217
P158,11	7218	7219
P177,11	7220	7226
P175,11	7227	7233
P176,11	7234	7238
P88,12	7239	7244
P81,12	7245	7247
P79,12	7248	7252
P193,11	7253	7256
P77,12	7257	7257
P73,12	7258	7262
P199,11	7263	7263
P96,12	7264	7267
P108,12	7268	7271
P119,12	7272	7279
P84,12	7280	7286
P118,12	7287	7292
P109,12	7293	7299
P135,12	7300	7304
P146,12	7305	7305
P154,12	7306	7306
P182,12	7307	7307
P172,12	7308	7312
P158,12	7313	7315
P176,12	7316	7320
P199,12	7321	7325
