CPU0
P1,1	0	2
P2,1	3	4
P4,1	5	6
P3,1	7	8
P5,1	9	12
P4,1	13	14
P5,1	15	17
P6,1	18	20
P8,1	23	24
P10,1	27	28
P1,2	30	31
P12,1	33	38
P14,1	39	39
P15,1	40	41
P13,1	42	42
P17,1	43	44
P4,2	45	46
P8,2	47	48
P19,1	49	49
P8,2	50	50
P7,2	51	53
P20,1	54	55
P17,1	56	56
P21,1	57	58
P1,3	59	60
P22,1	61	62
P21,1	63	64
P23,1	65	68
P24,1	69	70
P14,2	71	71
P24,1	72	73
P10,2	74	75
P6,2	76	76
P15,2	77	78
P12,2	79	80
P26,1	81	82
P15,2	83	84
P21,1	85	86
P3,2	87	87
P17,2	88	89
P28,1	90	91
P30,1	92	93
P11,2	94	94
P32,1	95	96
P12,2	97	98
P22,2	99	100
P33,1	101	102
P15,2	103	104
P17,2	105	106
P29,1	107	108
P31,1	109	110
P8,3	111	112
P34,1	113	114
P2,3	115	116
P35,1	117	118
P23,2	119	120
P3,3	121	122
P36,1	123	123
P5,3	124	125
P13,3	126	127
P38,1	128	128
P11,3	129	130
P26,1	131	132
P4,3	133	134
P17,2	135	136
P32,1	137	138
P34,1	139	140
P2,3	141	141
P35,1	142	143
P25,2	144	145
P41,1	146	147
P43,1	148	149
P45,1	150	151
P12,3	152	153
P30,2	154	155
P21,2	156	156
P16,3	157	158
P3,3	159	160
P37,1	161	161
P28,2	162	163
P22,2	164	165
P17,2	166	166
P48,1	167	168
P29,2	169	170
P20,3	171	172
P52,1	173	174
P38,2	175	175
P15,3	176	177
P6,3	178	179
P39,1	180	181
P40,1	182	183
P42,1	184	185
P45,1	186	187
P12,3	188	189
P30,2	190	190
P16,3	191	191
P23,2	192	193
P36,2	194	195
P55,1	196	197
P5,4	198	199
P10,4	200	201
P32,2	202	203
P3,3	204	205
P13,3	206	206
P11,3	207	207
P33,1	208	208
P20,3	209	210
P52,1	211	211
P31,2	212	213
P34,1	214	215
P35,1	216	217
P59,1	218	219
P27,2	220	221
P26,2	222	223
P44,2	224	225
P7,4	226	226
P62,1	227	228
P63,1	229	230
P65,1	231	232
P38,3	233	234
P41,1	235	236
P43,1	237	237
P14,3	238	238
P12,3	239	240
P8,4	241	242
P54,1	243	244
P56,1	245	246
P67,1	247	248
P17,3	249	250
P69,1	251	252
P21,3	253	253
P24,3	254	255
P22,3	256	257
P19,3	258	259
P9,3	260	261
P28,2	262	263
P20,3	264	265
P31,2	266	267
P71,1	268	269
P11,4	270	271
P73,1	272	273
P75,1	274	275
P77,1	276	277
P6,4	278	279
P25,3	280	281
P27,2	282	283
P18,3	284	285
P61,1	286	287
P2,4	288	289
P49,2	290	291
P41,1	292	293
P45,1	294	295
P16,4	296	297
P47,2	298	299
P1,5	300	301
P58,2	302	303
P15,4	304	305
P84,1	306	307
P63,2	308	308
P8,4	309	310
P54,1	311	312
P56,1	313	314
P68,1	315	316
P48,2	317	318
P24,3	319	320
P22,3	321	322
P19,3	323	324
P33,2	325	326
P34,2	327	328
P64,2	329	330
P35,2	331	332
P46,2	333	334
P43,2	335	336
P32,2	337	338
P29,2	339	340
P31,2	341	341
P72,1	342	343
P53,2	344	345
P74,1	346	347
P76,1	348	349
P6,4	350	351
P89,1	352	352
P60,2	353	354
P3,4	355	356
P92,1	357	358
P51,2	359	360
P25,3	361	361
P4,4	362	363
P44,2	364	365
P62,1	366	367
P65,1	368	368
P38,3	369	370
P16,4	371	372
P47,2	373	374
P94,1	375	375
P95,1	376	377
P69,2	378	379
P50,3	380	381
P98,1	382	383
P100,1	384	384
P102,1	385	385
P59,2	386	387
P1,5	388	389
P58,2	390	390
P83,1	391	391
P84,1	392	393
P68,1	394	395
P104,1	396	397
P106,1	398	399
P45,2	400	401
P108,1	402	403
P63,3	404	404
P26,3	405	406
P110,1	407	408
P12,4	409	410
P70,1	411	412
P10,4	413	413
P13,4	414	414
P34,2	415	416
P86,1	417	418
P46,2	419	420
P32,2	421	422
P82,2	423	424
P113,1	425	426
P114,1	427	428
P115,1	429	430
P116,1	431	431
P48,3	432	433
P72,1	434	435
P53,2	436	436
P74,1	437	437
P77,1	438	438
P60,2	439	440
P3,4	441	442
P92,1	443	444
P55,2	445	445
P117,1	446	447
P17,4	448	449
P118,1	450	450
P119,1	451	452
P64,3	453	454
P87,2	455	456
P89,2	457	458
P51,2	459	459
P78,1	460	461
P61,1	462	462
P49,2	463	463
P38,3	464	464
P93,1	465	466
P96,1	467	468
P122,1	469	470
P39,3	471	471
P123,1	472	473
P125,1	474	475
P126,1	476	477
P65,2	478	479
P29,3	480	481
P50,3	482	482
P98,1	483	484
P1,5	485	486
P84,1	487	487
P103,1	488	488
P104,1	489	490
P106,1	491	492
P128,1	493	494
P5,6	495	495
P131,1	496	496
P76,2	497	498
P132,1	499	500
P134,1	501	502
P57,3	503	504
P47,3	505	506
P136,1	507	508
P138,1	509	510
P107,1	511	512
P41,2	513	514
P26,3	515	516
P30,4	517	517
P24,3	518	519
P139,1	520	521
P58,3	522	522
P42,3	523	524
P8,5	525	526
P141,1	527	528
P143,1	529	530
P101,2	531	532
P100,2	533	534
P56,2	535	536
P102,2	537	538
P145,1	539	540
P146,1	541	541
P97,2	542	542
P111,1	543	544
P112,1	545	546
P114,1	547	548
P115,1	549	550
P52,3	551	552
P71,1	553	553
P75,1	554	554
P148,1	555	556
P34,3	557	558
P35,3	559	560
P150,1	561	562
P152,1	563	564
P22,4	565	566
P60,2	567	568
P92,1	569	570
P117,1	571	571
P36,3	572	573
P119,1	574	575
P90,2	576	577
P21,5	578	579
P121,1	580	581
P13,5	582	583
P10,5	584	585
P11,5	586	587
P55,3	588	589
P32,3	590	591
P157,1	592	592
P158,1	593	593
P159,1	594	595
P162,1	596	597
P78,1	598	598
P16,4	599	599
P95,1	600	601
P69,2	602	603
P123,1	604	605
P125,1	606	607
P126,1	608	609
P74,2	610	611
P163,1	612	613
P77,2	614	615
P165,1	616	617
P54,3	618	619
P167,1	620	621
P169,1	622	623
P172,1	624	625
P127,1	626	626
P27,3	627	628
P104,1	629	630
P18,4	631	632
P129,1	633	634
P76,2	635	636
P173,1	637	638
P3,5	639	640
P174,1	641	642
P118,2	643	644
P175,1	645	646
P44,3	647	648
P2,5	649	650
P132,1	651	652
P6,5	653	653
P57,3	654	654
P47,3	655	656
P136,1	657	658
P138,1	659	659
P45,2	660	661
P109,1	662	663
P12,4	664	665
P103,2	666	667
P179,1	668	668
P29,4	669	670
P182,1	671	672
P68,2	673	674
P183,1	675	676
P15,5	677	678
P84,2	679	680
P186,1	681	682
P65,3	683	684
P80,2	685	686
P140,1	687	688
P141,1	689	690
P143,1	691	692
P101,2	693	694
P100,2	695	696
P56,2	697	698
P102,2	699	700
P187,1	701	702
P5,7	703	704
P139,2	705	706
P189,1	707	708
P110,2	709	710
P192,1	711	712
P145,1	713	714
P82,2	715	716
P115,1	717	718
P48,3	719	720
P149,1	721	722
P86,2	723	723
P193,1	724	725
P194,1	726	727
P24,4	728	729
P196,1	730	731
P198,1	732	733
P37,4	734	734
P67,3	735	736
P46,3	737	738
P35,3	739	740
P150,1	741	742
P152,1	743	744
P116,2	745	746
P36,3	747	747
P75,2	748	749
P88,3	750	751
P71,2	752	753
P33,4	754	755
P154,1	756	757
P155,1	758	758
P73,2	759	760
P28,4	761	762
P156,1	763	764
P159,1	765	766
P162,1	767	768
P40,4	769	770
P147,2	771	772
P70,3	773	774
P85,3	775	776
P96,1	777	777
P69,2	778	778
P62,2	779	780
P9,4	781	781
P14,5	782	783
P163,1	784	785
P77,2	786	787
P165,1	788	789
P54,3	790	791
P119,2	792	793
P89,3	794	795
P64,4	796	797
P17,5	798	799
P20,5	800	800
P167,1	801	802
P169,1	803	804
P38,4	805	806
P104,1	807	808
P128,1	809	810
P130,1	811	812
P25,4	813	814
P122,2	815	816
P158,2	817	818
P16,5	819	819
P170,2	820	821
P27,4	822	823
P50,4	824	825
P61,2	826	827
P49,3	828	829
P44,3	830	831
P2,5	832	833
P132,1	834	834
P134,1	835	835
P135,1	836	836
P136,1	837	838
P106,2	839	840
P45,2	841	841
P109,1	842	843
P103,2	844	845
P180,1	846	847
P181,1	848	849
P124,2	850	851
P131,2	852	853
P184,1	854	855
P107,2	856	857
P47,4	858	859
P26,4	860	861
P84,2	862	863
P65,3	864	865
P80,2	866	866
P42,3	867	868
P141,1	869	870
P94,2	871	872
P81,2	873	874
P138,2	875	876
P140,2	877	878
P102,2	879	880
P133,2	881	882
P188,1	883	884
P58,4	885	886
P190,1	887	888
P191,1	889	890
P145,1	891	892
P114,1	893	894
P23,5	895	896
P149,1	897	898
P193,1	899	900
P194,1	901	902
P24,4	903	903
P8,6	904	905
P198,1	906	907
P200,1	908	909
P112,2	910	911
P59,4	912	913
P56,3	914	915
P35,3	916	917
P152,1	918	919
P90,2	920	921
P88,3	922	923
P71,2	924	924
P33,4	925	926
P10,5	927	927
P37,5	928	929
P196,2	930	931
P91,2	932	933
P73,2	934	934
P28,4	935	936
P156,1	937	938
P162,1	939	940
P40,4	941	942
P87,3	943	944
P85,3	945	946
P92,3	947	948
P60,3	949	950
P11,6	951	952
P155,2	953	954
P62,2	955	956
P14,5	957	958
P163,1	959	960
P51,3	961	962
P119,2	963	964
P64,4	965	966
P17,5	967	968
P72,3	969	970
P161,2	971	972
P96,2	973	974
P78,3	975	976
P54,4	977	978
P97,4	979	980
P167,1	981	982
P169,1	983	984
P38,4	985	986
P130,1	987	987
P122,2	988	988
P158,2	989	990
P165,2	991	992
P104,2	993	994
P74,3	995	996
P127,2	997	998
P50,4	999	1000
P118,2	1001	1002
P43,4	1003	1004
P2,5	1005	1005
P137,1	1006	1007
P77,3	1008	1009
P25,5	1010	1011
P44,4	1012	1013
P160,3	1014	1015
P16,6	1016	1017
P177,2	1018	1019
P98,2	1020	1021
P180,1	1022	1023
P181,1	1024	1025
P124,2	1026	1027
P184,1	1028	1029
P107,2	1030	1031
P47,4	1032	1033
P171,2	1034	1035
P109,2	1036	1037
P3,6	1038	1039
P135,2	1040	1041
P26,4	1042	1043
P84,2	1044	1045
P4,5	1046	1046
P143,1	1047	1047
P144,1	1048	1048
P138,2	1049	1050
P41,3	1051	1052
P45,3	1053	1054
P103,3	1055	1056
P133,2	1057	1058
P139,2	1059	1060
P189,1	1061	1062
P108,2	1063	1063
P185,2	1064	1065
P148,1	1066	1067
P142,2	1068	1068
P65,4	1069	1070
P94,3	1071	1072
P193,1	1073	1074
P194,1	1075	1076
P8,6	1077	1078
P46,3	1079	1080
P101,3	1081	1081
P35,3	1082	1082
P152,1	1083	1083
P83,3	1084	1085
P114,2	1086	1087
P102,3	1088	1089
P110,3	1090	1091
P197,2	1092	1093
P117,2	1094	1095
P115,2	1096	1097
P91,2	1098	1099
P55,3	1100	1101
P156,1	1102	1102
P111,2	1103	1104
P71,3	1105	1106
P154,2	1107	1108
P150,2	1109	1109
P162,1	1110	1110
P40,4	1111	1112
P87,3	1113	1114
P151,2	1115	1116
P60,3	1117	1118
P155,2	1119	1120
P120,2	1121	1121
P75,3	1122	1122
P73,3	1123	1124
P82,4	1125	1126
P10,6	1127	1128
P196,3	1129	1130
P163,1	1131	1131
P31,4	1132	1132
P157,2	1133	1134
P125,2	1135	1136
P69,3	1137	1138
P78,3	1139	1140
P54,4	1141	1142
P126,2	1143	1144
P67,5	1145	1146
P121,3	1147	1147
P14,6	1148	1149
P21,6	1150	1151
P168,1	1152	1152
P13,6	1153	1154
P166,2	1155	1156
P95,2	1157	1158
P127,2	1159	1160
P164,2	1161	1162
P172,2	1163	1164
P89,4	1165	1166
P104,3	1167	1168
P50,4	1169	1169
P49,3	1170	1170
P43,4	1171	1172
P77,3	1173	1174
P25,5	1175	1176
P44,4	1177	1178
P160,3	1179	1180
P177,2	1181	1182
P122,3	1183	1184
P98,2	1185	1185
P180,1	1186	1187
P181,1	1188	1189
P184,1	1190	1190
P20,6	1191	1191
P171,2	1192	1193
P3,6	1194	1195
P2,6	1196	1197
P170,3	1198	1199
P61,3	1200	1201
P26,4	1202	1203
P84,2	1204	1205
P103,3	1206	1207
P133,2	1208	1209
P16,7	1210	1211
P68,3	1212	1212
P135,3	1213	1214
P178,2	1215	1216
P4,6	1217	1218
P106,3	1219	1220
P189,1	1221	1221
P185,2	1222	1223
P15,7	1224	1225
P94,3	1226	1227
P193,1	1228	1228
P30,5	1229	1229
P195,1	1230	1230
P134,3	1231	1232
P39,6	1233	1234
P1,7	1235	1236
P108,3	1237	1237
P186,3	1238	1239
P140,3	1240	1241
P46,3	1242	1243
P83,3	1244	1245
P81,3	1246	1247
P149,2	1248	1249
P199,2	1250	1251
P88,3	1252	1253
P33,4	1254	1255
P52,4	1256	1257
P142,3	1258	1259
P145,2	1260	1261
P8,7	1262	1263
P144,2	1264	1265
P152,2	1266	1267
P111,2	1268	1269
P48,4	1270	1271
P112,3	1272	1273
P147,2	1274	1275
P70,3	1276	1277
P92,3	1278	1279
P11,6	1280	1281
P59,5	1282	1283
P35,4	1284	1284
P113,3	1285	1286
P32,4	1287	1288
P86,4	1289	1290
P123,2	1291	1291
P146,3	1292	1293
P37,6	1294	1295
P90,3	1296	1296
P28,5	1297	1298
P125,2	1299	1300
P75,4	1301	1302
P66,4	1303	1303
P120,3	1304	1305
P51,4	1306	1307
P54,4	1308	1309
P119,3	1310	1311
P97,4	1312	1313
P53,4	1314	1315
P74,3	1316	1317
P161,3	1318	1319
P157,3	1320	1321
P24,6	1322	1323
P72,4	1324	1325
P163,2	1326	1327
P27,4	1328	1328
P172,2	1329	1330
P89,4	1331	1332
P77,3	1333	1334
P25,5	1335	1336
P132,2	1337	1338
P121,4	1339	1339
P169,2	1340	1341
P158,3	1342	1343
P93,3	1344	1345
P49,4	1346	1347
P160,3	1348	1349
P128,2	1350	1350
P109,2	1351	1351
P79,3	1352	1353
P170,3	1354	1355
P174,3	1356	1357
P177,3	1358	1359
P173,3	1360	1360
P118,3	1361	1362
P9,7	1363	1364
P130,2	1365	1366
P26,4	1367	1368
P131,3	1369	1369
P182,2	1370	1371
P178,2	1372	1373
P45,4	1374	1375
P181,2	1376	1377
P99,3	1378	1379
P187,2	1380	1381
P84,3	1382	1383
P137,3	1384	1385
P106,3	1386	1386
P23,5	1387	1387
P15,7	1388	1389
P191,2	1390	1391
P39,6	1392	1393
P1,7	1394	1395
P188,2	1396	1397
P68,4	1398	1399
P141,3	1400	1401
P12,6	1402	1403
P190,2	1404	1405
P189,2	1406	1406
P140,3	1407	1408
P83,3	1409	1409
P102,3	1410	1411
P110,3	1412	1413
P197,2	1414	1415
P142,3	1416	1416
P133,3	1417	1417
P105,4	1418	1419
P135,4	1420	1421
P46,4	1422	1423
P33,5	1424	1424
P145,2	1425	1425
P148,2	1426	1427
P152,2	1428	1429
P154,2	1430	1431
P92,3	1432	1432
P193,2	1433	1434
P81,4	1435	1436
P195,2	1437	1438
P48,5	1439	1440
P88,4	1441	1442
P11,6	1443	1444
P101,4	1445	1446
P162,2	1447	1448
P146,3	1449	1449
P37,6	1450	1451
P28,5	1452	1452
P117,3	1453	1454
P52,5	1455	1456
P35,5	1457	1458
P115,3	1459	1460
P8,8	1461	1462
P155,3	1463	1464
P125,2	1465	1466
P156,2	1467	1468
P159,2	1469	1470
P63,6	1471	1472
P67,5	1473	1474
P95,2	1475	1476
P161,3	1477	1478
P96,3	1479	1480
P192,4	1481	1482
P90,4	1483	1484
P157,3	1485	1486
P24,6	1487	1488
P72,4	1489	1490
P163,2	1491	1492
P172,2	1493	1494
P104,3	1495	1495
P25,5	1496	1496
P132,2	1497	1497
P19,6	1498	1499
P69,4	1500	1501
P74,4	1502	1503
P78,4	1504	1505
P97,5	1506	1507
P64,5	1508	1509
P17,6	1510	1511
P62,4	1512	1513
P49,4	1514	1515
P3,6	1516	1516
P170,3	1517	1518
P177,3	1519	1520
P169,3	1521	1522
P2,7	1523	1524
P118,3	1525	1526
P9,7	1527	1528
P130,2	1529	1530
P182,2	1531	1532
P178,2	1533	1534
P45,4	1535	1536
P181,2	1537	1538
P99,3	1539	1539
P121,5	1540	1540
P168,3	1541	1542
P160,4	1543	1544
P85,6	1545	1546
P128,3	1547	1548
P166,4	1549	1550
P187,2	1551	1552
P84,3	1553	1554
P137,3	1555	1556
P94,3	1557	1557
P57,5	1558	1559
P47,5	1560	1560
P1,7	1561	1562
P186,3	1563	1563
P68,4	1564	1565
P167,3	1566	1567
P165,4	1568	1569
P26,5	1570	1570
P175,4	1571	1571
P179,3	1572	1573
P12,6	1574	1575
P190,2	1576	1577
P140,3	1578	1579
P114,2	1580	1581
P149,2	1582	1582
P197,2	1583	1583
P30,6	1584	1585
P189,3	1586	1587
P106,4	1588	1589
P108,4	1590	1591
P148,2	1592	1592
P154,2	1593	1593
P193,2	1594	1595
P80,4	1596	1597
P5,9	1598	1598
P83,4	1599	1600
P133,4	1601	1602
P136,4	1603	1604
P145,3	1605	1606
P134,5	1607	1608
P88,4	1609	1610
P59,5	1611	1612
P32,4	1613	1614
P196,3	1615	1616
P117,3	1617	1618
P91,4	1619	1620
P147,3	1621	1622
P144,3	1623	1624
P139,4	1625	1626
P116,4	1627	1628
P70,4	1629	1630
P155,3	1631	1632
P75,4	1633	1634
P159,2	1635	1636
P119,3	1637	1637
P161,3	1638	1639
P65,6	1640	1641
P92,4	1642	1643
P125,3	1644	1645
P37,7	1646	1647
P40,5	1648	1648
P123,3	1649	1649
P90,4	1650	1651
P126,3	1652	1653
P14,7	1654	1655
P89,4	1656	1657
P111,4	1658	1659
P28,6	1660	1661
P86,5	1662	1663
P77,4	1664	1665
P66,5	1666	1667
P73,4	1668	1669
P82,5	1670	1671
P51,5	1672	1673
P127,3	1674	1675
P62,4	1676	1677
P122,3	1678	1678
P174,3	1679	1680
P67,6	1681	1682
P53,5	1683	1684
P44,5	1685	1686
P177,3	1687	1687
P169,3	1688	1689
P2,7	1690	1691
P118,3	1692	1693
P9,7	1694	1695
P107,3	1696	1697
P100,3	1698	1698
P178,2	1699	1699
P45,4	1700	1701
P180,2	1702	1703
P104,4	1704	1705
P163,3	1706	1707
P170,4	1708	1709
P173,4	1710	1711
P160,4	1712	1713
P153,4	1714	1715
P61,4	1716	1717
P50,6	1718	1719
P84,3	1720	1720
P168,4	1721	1722
P3,7	1723	1724
P1,7	1725	1725
P68,4	1726	1727
P167,3	1728	1729
P185,3	1730	1730
P23,6	1731	1731
P58,5	1732	1733
P140,3	1734	1734
P137,4	1735	1736
P186,4	1737	1738
P99,4	1739	1740
P171,4	1741	1742
P30,6	1743	1744
P106,4	1745	1746
P108,4	1747	1748
P152,2	1749	1750
P80,4	1751	1752
P138,4	1753	1754
P176,4	1755	1756
P200,3	1757	1758
P197,3	1759	1760
P47,6	1761	1762
P102,4	1763	1764
P194,3	1765	1766
P110,4	1767	1768
P145,3	1769	1770
P112,4	1771	1772
P32,4	1773	1773
P87,4	1774	1775
P71,4	1776	1777
P81,5	1778	1778
P105,5	1779	1780
P179,4	1781	1781
P103,5	1782	1783
P5,10	1784	1785
P136,5	1786	1787
P147,3	1788	1789
P144,3	1790	1791
P139,4	1792	1793
P116,4	1794	1795
P70,4	1796	1796
P155,3	1797	1798
P161,3	1799	1799
P88,5	1800	1801
P35,6	1802	1803
P59,6	1804	1805
P10,8	1806	1807
P56,5	1808	1809
P146,4	1810	1811
P96,3	1812	1813
P90,4	1814	1815
P126,3	1816	1816
P14,7	1817	1817
P119,4	1818	1818
P75,5	1819	1820
P157,4	1821	1822
P156,3	1823	1824
P52,6	1825	1826
P113,5	1827	1828
P66,5	1829	1830
P78,4	1831	1832
P51,5	1833	1834
P158,3	1835	1835
P55,5	1836	1837
P63,7	1838	1839
P174,3	1840	1840
P24,7	1841	1842
P53,5	1843	1844
P44,5	1845	1845
P169,3	1846	1847
P2,7	1848	1849
P118,3	1850	1850
P64,6	1851	1852
P177,4	1853	1854
P172,3	1855	1855
P69,5	1856	1857
P104,4	1858	1859
P173,4	1860	1860
P160,4	1861	1862
P128,3	1863	1864
P50,6	1865	1866
P107,4	1867	1868
P9,8	1869	1870
P180,3	1871	1872
P178,3	1873	1874
P68,4	1875	1876
P167,3	1877	1877
P12,6	1878	1878
P58,5	1879	1879
P137,4	1880	1881
P186,4	1882	1883
P79,5	1884	1885
P57,6	1886	1887
P4,7	1888	1889
P100,4	1890	1891
P170,5	1892	1893
P61,5	1894	1895
P99,4	1896	1897
P171,4	1898	1899
P106,4	1900	1901
P108,4	1902	1902
P46,4	1903	1903
P138,4	1904	1905
P94,4	1906	1907
P187,3	1908	1909
P49,6	1910	1911
P189,4	1912	1913
P84,4	1914	1914
P20,9	1915	1916
P175,5	1917	1917
P133,4	1918	1919
P145,3	1920	1921
P112,4	1922	1923
P29,7	1924	1925
P39,7	1926	1926
P80,5	1927	1928
P47,7	1929	1930
P193,3	1931	1932
P105,5	1933	1934
P103,5	1935	1936
P48,6	1937	1938
P199,3	1939	1940
P115,3	1941	1941
P87,5	1942	1943
P162,3	1944	1945
P198,4	1946	1947
P33,7	1948	1949
P32,5	1950	1950
P70,5	1951	1952
P88,5	1953	1954
P35,6	1955	1956
P59,6	1957	1958
P10,8	1959	1959
P146,4	1960	1961
P192,4	1962	1962
P60,4	1963	1963
P81,6	1964	1965
P136,6	1966	1967
P91,5	1968	1969
P8,9	1970	1971
P75,5	1972	1973
P157,4	1974	1975
P28,6	1976	1976
P113,5	1977	1978
P97,5	1979	1979
P51,5	1980	1980
P74,5	1981	1981
P63,7	1982	1983
P120,4	1984	1985
P151,4	1986	1987
P126,4	1988	1988
P123,4	1989	1990
P53,5	1991	1991
P18,6	1992	1992
P93,4	1993	1994
P19,7	1995	1996
P164,3	1997	1997
P31,6	1998	1999
P174,4	2000	2001
P156,4	2002	2003
P158,4	2004	2005
P160,4	2006	2006
P128,3	2007	2007
P50,6	2008	2008
P45,5	2009	2010
P180,3	2011	2012
P178,3	2013	2014
P62,5	2015	2016
P86,6	2017	2018
P127,4	2019	2020
P82,6	2021	2022
P104,5	2023	2024
P137,4	2025	2026
P121,6	2027	2027
P79,5	2028	2029
P153,5	2030	2031
P25,7	2032	2032
P3,8	2033	2034
P185,4	2035	2036
P98,4	2037	2038
P181,3	2039	2040
P64,7	2041	2042
P190,3	2043	2044
P141,4	2045	2045
P94,4	2046	2046
P200,3	2047	2047
P49,6	2048	2049
P189,4	2050	2051
P20,9	2052	2053
P133,4	2054	2054
P110,4	2055	2056
P131,5	2057	2058
P130,4	2059	2060
P46,5	2061	2062
P12,7	2063	2064
P114,3	2065	2066
P152,3	2067	2068
P165,6	2069	2070
P117,4	2071	2071
P197,4	2072	2073
P103,5	2074	2075
P48,6	2076	2077
P30,7	2078	2079
P23,8	2080	2080
P39,8	2081	2082
P135,5	2083	2084
P84,5	2085	2085
P87,5	2086	2087
P162,3	2088	2089
P191,4	2090	2091
P5,11	2092	2093
P196,4	2094	2094
P35,6	2095	2096
P83,5	2097	2098
P112,5	2099	2099
P140,5	2100	2101
P155,4	2102	2102
P195,4	2103	2103
P146,4	2104	2105
P81,6	2106	2107
P136,6	2108	2109
P91,5	2110	2111
P8,9	2112	2113
P111,5	2114	2115
P115,4	2116	2117
P102,6	2118	2119
P139,5	2120	2121
P90,5	2122	2123
P63,7	2124	2125
P120,4	2126	2127
P151,4	2128	2129
P93,4	2130	2131
P69,5	2132	2133
P31,6	2134	2135
P70,6	2136	2137
P157,5	2138	2138
P95,4	2139	2140
P2,8	2141	2142
P77,5	2143	2144
P118,4	2145	2146
P158,4	2147	2148
P45,5	2149	2150
P178,3	2151	2152
P86,6	2153	2154
P51,6	2155	2156
P78,5	2157	2157
P160,5	2158	2159
P126,5	2160	2161
P66,7	2162	2163
P128,4	2164	2165
P183,3	2166	2166
P104,5	2167	2168
P137,4	2169	2170
P184,3	2171	2171
P153,5	2172	2172
P3,8	2173	2174
P99,4	2175	2176
P168,5	2177	2178
P53,6	2179	2180
P109,4	2181	2182
P122,6	2183	2184
P186,5	2185	2186
P181,3	2187	2187
P64,7	2188	2189
P57,7	2190	2190
P187,3	2191	2192
P189,4	2193	2194
P26,6	2195	2196
P58,6	2197	2198
P50,7	2199	2200
P190,4	2201	2202
P94,5	2203	2204
P133,5	2205	2206
P130,4	2207	2208
P167,4	2209	2209
P114,3	2210	2210
P29,7	2211	2212
P80,5	2213	2214
P47,7	2215	2216
P105,5	2217	2218
P30,7	2219	2219
P9,10	2220	2221
P85,9	2222	2223
P200,4	2224	2225
P103,6	2226	2226
P106,5	2227	2228
P134,6	2229	2230
P108,5	2231	2232
P162,3	2233	2234
P33,7	2235	2236
P88,5	2237	2237
P83,5	2238	2238
P68,6	2239	2240
P149,4	2241	2241
P48,7	2242	2243
P199,4	2244	2245
P140,5	2246	2246
P71,5	2247	2248
P125,4	2249	2250
P116,5	2251	2252
P8,9	2253	2254
P147,4	2255	2256
P145,4	2257	2258
P197,5	2259	2259
P195,5	2260	2261
P59,7	2262	2263
P159,4	2264	2265
P198,5	2266	2267
P192,5	2268	2269
P28,7	2270	2271
P96,4	2272	2273
P69,5	2274	2274
P70,6	2275	2276
P84,6	2277	2277
P81,7	2278	2279
P75,6	2280	2281
P112,6	2282	2283
P31,7	2284	2285
P10,9	2286	2286
P2,8	2287	2288
P77,5	2289	2290
P156,4	2291	2292
P107,4	2293	2294
P86,6	2295	2295
P51,6	2296	2297
P160,5	2298	2299
P146,5	2300	2301
P119,6	2302	2303
P126,5	2304	2305
P66,7	2306	2307
P128,4	2308	2309
P104,5	2310	2311
P79,5	2312	2313
P3,8	2314	2315
P168,5	2316	2316
P132,5	2317	2318
P78,6	2319	2320
P45,6	2321	2322
P109,4	2323	2324
P186,5	2325	2326
P187,3	2327	2328
P189,4	2329	2330
P58,6	2331	2331
P99,5	2332	2332
P185,5	2333	2334
P184,4	2335	2336
P137,5	2337	2338
P190,4	2339	2340
P25,8	2341	2342
P46,5	2343	2343
P12,7	2344	2345
P165,6	2346	2346
P188,4	2347	2348
P62,7	2349	2350
P57,8	2351	2351
P141,6	2352	2352
P64,8	2353	2354
P53,7	2355	2356
P9,10	2357	2358
P85,9	2359	2360
P200,4	2361	2362
P39,8	2363	2364
P135,5	2365	2366
P101,5	2367	2368
P26,7	2369	2370
P105,6	2371	2371
P114,4	2372	2373
P103,7	2374	2375
P162,4	2376	2377
P68,6	2378	2379
P144,4	2380	2381
P23,9	2382	2383
P72,5	2384	2385
P147,4	2386	2387
P145,4	2388	2389
P167,5	2390	2391
P88,6	2392	2393
P193,4	2394	2395
P48,8	2396	2397
P117,5	2398	2398
P59,7	2399	2400
P159,4	2401	2401
P198,5	2402	2403
P192,5	2404	2405
P28,7	2406	2407
P91,6	2408	2409
P140,6	2410	2411
P195,6	2412	2413
P8,10	2414	2415
P63,8	2416	2417
P112,6	2418	2419
P31,7	2420	2421
P156,4	2422	2422
P24,8	2423	2423
P51,6	2424	2425
P81,8	2426	2427
P84,7	2428	2429
P19,8	2430	2431
P119,6	2432	2432
P126,5	2433	2434
P123,5	2435	2436
P82,6	2437	2438
P132,5	2439	2439
P178,4	2440	2441
P118,5	2442	2442
P86,7	2443	2444
P174,5	2445	2445
P96,5	2446	2447
P37,9	2448	2449
P146,6	2450	2451
P127,5	2452	2453
P122,6	2454	2455
P185,5	2456	2457
P184,4	2458	2459
P95,5	2460	2461
P79,6	2462	2463
P3,9	2464	2465
P180,5	2466	2467
P25,8	2468	2469
P12,7	2470	2470
P49,7	2471	2472
P20,10	2473	2474
P64,8	2475	2475
P170,6	2476	2477
P61,6	2478	2479
P100,5	2480	2481
P187,4	2482	2483
P168,6	2484	2485
P131,6	2486	2487
P124,6	2488	2488
P163,5	2489	2490
P85,9	2491	2492
P200,4	2493	2493
P135,5	2494	2494
P108,5	2495	2495
P181,4	2496	2497
P114,4	2498	2499
P103,7	2500	2501
P138,5	2502	2502
P190,5	2503	2503
P47,8	2504	2505
P58,7	2506	2507
P106,6	2508	2509
P144,4	2510	2510
P199,4	2511	2512
P147,4	2513	2513
P167,5	2514	2515
P152,4	2516	2517
P136,7	2518	2519
P149,5	2520	2521
P133,7	2522	2523
P191,6	2524	2525
P72,6	2526	2527
P105,7	2528	2529
P59,7	2530	2531
P113,6	2532	2532
P148,4	2533	2534
P142,6	2535	2536
P110,6	2537	2537
P14,9	2538	2539
P69,6	2540	2541
P120,5	2542	2543
P155,5	2544	2545
P33,8	2546	2547
P159,5	2548	2548
P31,7	2549	2550
P51,6	2551	2552
P151,5	2553	2554
P70,7	2555	2556
P161,5	2557	2557
P123,5	2558	2558
P117,6	2559	2560
P111,7	2561	2562
P24,9	2563	2564
P90,6	2565	2566
P93,5	2567	2568
P86,7	2569	2570
P37,9	2571	2571
P129,5	2572	2573
P78,6	2574	2574
P185,5	2575	2576
P119,7	2577	2578
P164,5	2579	2579
P174,6	2580	2581
P66,8	2582	2582
P118,6	2583	2583
P177,6	2584	2585
P60,6	2586	2587
P3,9	2588	2589
P180,5	2590	2590
P25,8	2591	2592
P182,5	2593	2593
P9,10	2594	2594
P55,7	2595	2596
P188,5	2597	2598
P184,5	2599	2600
P18,8	2601	2602
P143,4	2603	2604
P94,6	2605	2606
P80,6	2607	2608
P57,9	2609	2610
P171,5	2611	2612
P181,4	2613	2614
P73,7	2615	2616
P166,6	2617	2618
P135,6	2619	2620
P162,4	2621	2622
P47,8	2623	2624
P58,7	2625	2626
P137,6	2627	2628
P167,5	2629	2630
P152,4	2631	2632
P136,7	2633	2634
P30,9	2635	2636
P64,9	2637	2638
P103,8	2639	2640
P138,6	2641	2642
P48,8	2643	2644
P165,7	2645	2646
P53,8	2647	2648
P72,6	2649	2650
P105,7	2651	2652
P35,7	2653	2654
P14,9	2655	2656
P124,7	2657	2658
P144,5	2659	2659
P23,10	2660	2661
P115,5	2662	2663
P8,10	2664	2665
P154,5	2666	2667
P81,8	2668	2669
P84,7	2670	2671
P19,8	2672	2672
P199,5	2673	2674
P120,6	2675	2676
P161,6	2677	2678
P116,7	2679	2680
P111,7	2681	2681
P24,9	2682	2682
P90,6	2683	2684
P173,6	2685	2685
P86,7	2686	2687
P146,6	2688	2688
P45,6	2689	2689
P183,4	2690	2691
P140,7	2692	2693
P148,5	2694	2695
P96,6	2696	2697
P174,6	2698	2699
P79,6	2700	2701
P107,5	2702	2703
P55,7	2704	2705
P158,6	2706	2707
P78,7	2708	2709
P77,6	2710	2711
P66,9	2712	2712
P123,6	2713	2714
P61,7	2715	2716
P184,5	2717	2718
P187,4	2719	2720
P94,6	2721	2721
P131,6	2722	2723
P163,5	2724	2725
P181,4	2726	2726
P73,7	2727	2728
P166,6	2729	2730
P128,6	2731	2732
P164,6	2733	2733
P132,7	2734	2735
P39,9	2736	2737
P46,6	2738	2739
P137,6	2740	2741
P152,4	2742	2742
P200,5	2743	2744
P130,5	2745	2745
P108,6	2746	2747
P85,10	2748	2748
P171,6	2749	2749
P49,8	2750	2751
P25,9	2752	2753
P109,6	2754	2754
P103,8	2755	2756
P138,6	2757	2758
P165,7	2759	2760
P72,6	2761	2762
P105,7	2763	2764
P124,7	2765	2766
P172,6	2767	2768
P145,5	2769	2769
P135,7	2770	2771
P91,7	2772	2773
P162,5	2774	2775
P23,10	2776	2777
P115,5	2778	2779
P154,5	2780	2781
P81,8	2782	2782
P84,7	2783	2784
P142,7	2785	2786
P113,7	2787	2788
P106,7	2789	2789
P195,7	2790	2791
P101,7	2792	2793
P144,6	2794	2795
P150,6	2796	2796
P93,5	2797	2797
P86,7	2798	2799
P192,6	2800	2801
P96,6	2802	2803
P70,8	2804	2805
P111,8	2806	2806
P95,5	2807	2807
P79,6	2808	2809
P107,5	2810	2810
P127,6	2811	2811
P158,6	2812	2813
P78,7	2814	2814
P77,6	2815	2815
P177,7	2816	2817
P61,7	2818	2819
P184,5	2820	2820
P185,6	2821	2822
P19,9	2823	2824
P146,7	2825	2826
P66,10	2827	2828
P123,7	2829	2830
P143,4	2831	2831
P62,8	2832	2833
P98,7	2834	2835
P37,10	2836	2837
P168,7	2838	2839
P58,7	2840	2841
P80,7	2842	2842
P100,6	2843	2844
P40,9	2845	2846
P137,6	2847	2848
P30,9	2849	2850
P49,8	2851	2852
P188,6	2853	2854
P181,5	2855	2856
P114,5	2857	2858
P88,7	2859	2860
P130,6	2861	2862
P72,6	2863	2864
P172,6	2865	2866
P91,7	2867	2868
P162,5	2869	2870
P115,5	2871	2871
P26,8	2872	2873
P14,10	2874	2875
P167,7	2876	2877
P154,5	2878	2879
P142,7	2880	2881
P161,6	2882	2882
P195,7	2883	2884
P101,7	2885	2886
P144,6	2887	2888
P175,8	2889	2889
P145,6	2890	2891
P48,9	2892	2893
P69,7	2894	2895
P140,7	2896	2897
P96,6	2898	2899
P116,8	2900	2900
P51,7	2901	2902
P178,5	2903	2904
P90,7	2905	2906
P84,8	2907	2908
P127,7	2909	2910
P24,10	2911	2911
P119,8	2912	2913
P45,7	2914	2915
P98,7	2916	2917
P37,10	2918	2919
P81,9	2920	2921
P111,9	2922	2922
P150,7	2923	2924
P158,7	2925	2926
P129,6	2927	2928
P177,8	2929	2930
P174,7	2931	2932
P40,9	2933	2934
P200,5	2935	2935
P118,7	2936	2937
P188,6	2938	2938
P181,5	2939	2940
P114,5	2941	2942
P55,8	2943	2943
P117,8	2944	2945
P3,10	2946	2947
P58,8	2948	2949
P146,8	2950	2951
P185,7	2952	2953
P100,7	2954	2955
P130,6	2956	2956
P162,5	2957	2958
P26,8	2959	2960
P167,7	2961	2962
P199,5	2963	2964
P187,5	2965	2966
P166,7	2967	2968
P124,8	2969	2970
P113,7	2971	2971
P101,7	2972	2973
P144,6	2974	2974
P190,7	2975	2976
P48,9	2977	2977
P68,8	2978	2979
P154,6	2980	2981
P137,7	2982	2983
P103,9	2984	2985
P149,7	2986	2987
P28,9	2988	2989
P69,8	2990	2991
P70,8	2992	2993
P61,7	2994	2994
P90,7	2995	2996
P147,6	2997	2998
P192,7	2999	3000
P45,7	3001	3002
P128,6	3003	3004
P53,9	3005	3006
P133,9	3007	3008
P161,7	3009	3010
P119,9	3011	3012
P175,9	3013	3013
P37,11	3014	3015
P95,6	3016	3017
P112,8	3018	3019
P107,6	3020	3021
P40,9	3022	3023
P49,8	3024	3025
P182,8	3026	3027
P51,8	3028	3029
P168,8	3030	3031
P163,7	3032	3032
P31,9	3033	3034
P77,7	3035	3036
P3,10	3037	3038
P78,8	3039	3040
P184,6	3041	3042
P57,11	3043	3044
P162,5	3045	3045
P114,6	3046	3047
P200,6	3048	3049
P47,10	3050	3051
P167,7	3052	3052
P152,5	3053	3054
P108,7	3055	3056
P135,8	3057	3058
P191,7	3059	3059
P151,6	3060	3060
P145,6	3061	3062
P181,6	3063	3064
P55,9	3065	3066
P143,6	3067	3068
P120,7	3069	3070
P72,7	3071	3072
P149,7	3073	3074
P109,8	3075	3076
P84,8	3077	3078
P127,7	3079	3080
P69,9	3081	3082
P130,7	3083	3083
P48,10	3084	3085
P45,7	3086	3087
P136,9	3088	3089
P133,9	3090	3090
P161,7	3091	3092
P119,9	3093	3094
P81,9	3095	3096
P158,7	3097	3098
P142,8	3099	3099
P140,8	3100	3100
P195,9	3101	3102
P73,8	3103	3103
P40,9	3104	3105
P86,9	3106	3107
P168,8	3108	3109
P31,9	3110	3111
P77,7	3112	3113
P3,10	3114	3115
P148,7	3116	3116
P171,9	3117	3118
P118,8	3119	3120
P146,8	3121	3122
P185,7	3123	3123
P57,11	3124	3124
P188,7	3125	3126
P132,8	3127	3128
P152,5	3129	3129
P187,5	3130	3131
P166,7	3132	3132
P124,8	3133	3134
P116,10	3135	3136
P51,9	3137	3138
P26,9	3139	3140
P145,6	3141	3142
P181,6	3143	3144
P199,6	3145	3146
P120,7	3147	3148
P72,7	3149	3150
P109,8	3151	3152
P163,8	3153	3154
P103,10	3155	3156
P190,8	3157	3158
P176,9	3159	3160
P48,10	3161	3162
P35,9	3163	3164
P96,7	3165	3166
P81,9	3167	3167
P129,8	3168	3168
P53,10	3169	3170
P130,8	3171	3172
P195,9	3173	3174
P86,9	3175	3176
P168,8	3177	3177
P79,7	3178	3178
P117,8	3179	3180
P171,9	3181	3182
P84,9	3183	3184
P73,9	3185	3186
P45,8	3187	3188
P70,9	3189	3190
P95,7	3191	3192
P107,7	3193	3194
P146,8	3195	3196
P188,7	3197	3198
P132,8	3199	3200
P108,7	3201	3201
P124,8	3202	3203
P116,10	3204	3205
P51,9	3206	3206
P112,9	3207	3208
P88,8	3209	3210
P31,10	3211	3212
P3,11	3213	3213
P55,9	3214	3214
P199,6	3215	3215
P109,8	3216	3217
P100,8	3218	3219
P193,7	3220	3221
P187,6	3222	3223
P57,12	3224	3225
P175,11	3226	3227
P147,7	3228	3229
P48,10	3230	3231
P96,7	3232	3233
P53,10	3234	3235
P130,8	3236	3237
P182,8	3238	3238
P93,7	3239	3239
P145,7	3240	3241
P166,8	3242	3242
P154,7	3243	3244
P26,10	3245	3246
P120,8	3247	3248
P68,9	3249	3250
P128,7	3251	3252
P84,9	3253	3254
P172,8	3255	3256
P158,8	3257	3258
P188,7	3259	3260
P35,10	3261	3262
P132,8	3263	3264
P49,9	3265	3265
P167,8	3266	3267
P119,10	3268	3269
P31,10	3270	3271
P163,8	3272	3273
P98,9	3274	3275
P168,9	3276	3277
P51,10	3278	3279
P190,8	3280	3281
P185,8	3282	3283
P148,8	3284	3285
P152,6	3286	3287
P176,9	3288	3289
P53,10	3290	3290
P130,8	3291	3292
P55,10	3293	3294
P192,9	3295	3295
P124,9	3296	3297
P72,8	3298	3298
P146,9	3299	3300
P199,7	3301	3302
P154,7	3303	3304
P26,10	3305	3306
P120,8	3307	3308
P68,9	3309	3310
P128,7	3311	3311
P84,9	3312	3313
P172,8	3314	3315
P158,8	3316	3317
P101,10	3318	3318
P109,9	3319	3320
P193,8	3321	3322
P167,8	3323	3324
P119,10	3325	3325
P133,10	3326	3327
P98,9	3328	3329
P168,9	3330	3331
P51,10	3332	3333
P166,9	3334	3334
P95,8	3335	3336
P35,11	3337	3338
P187,6	3339	3340
P57,12	3341	3342
P152,6	3343	3344
P130,8	3345	3346
P55,10	3347	3347
P124,9	3348	3349
P200,7	3350	3351
P45,9	3352	3353
P163,9	3354	3355
P96,8	3356	3357
P154,7	3358	3359
P26,10	3360	3361
P120,8	3362	3363
P123,8	3364	3364
P77,9	3365	3365
P192,10	3366	3366
P195,10	3367	3367
P100,10	3368	3369
P176,10	3370	3371
P109,9	3372	3373
P193,8	3374	3375
P112,9	3376	3377
P135,9	3378	3379
P108,8	3380	3380
P51,10	3381	3382
P95,8	3383	3384
P107,8	3385	3386
P84,10	3387	3388
P145,8	3389	3389
P28,11	3390	3390
P72,9	3391	3392
P101,11	3393	3394
P185,8	3395	3395
P57,12	3396	3396
P152,6	3397	3398
P162,7	3399	3400
P200,7	3401	3402
P45,9	3403	3404
P132,9	3405	3405
P96,8	3406	3407
P154,7	3408	3409
P130,9	3410	3410
P81,11	3411	3411
P120,8	3412	3412
P93,8	3413	3414
P128,8	3415	3416
P109,9	3417	3418
P135,9	3419	3419
P98,10	3420	3421
P148,9	3422	3423
P51,10	3424	3425
P107,8	3426	3426
P84,10	3427	3428
P118,10	3429	3430
P73,10	3431	3432
P26,11	3433	3434
P112,10	3435	3436
P172,10	3437	3437
P28,12	3438	3439
P47,11	3440	3441
P163,9	3442	3443
P119,11	3444	3445
P176,10	3446	3447
P68,10	3448	3449
P178,8	3450	3451
P96,9	3452	3453
P81,12	3454	3455
P127,9	3456	3457
P98,10	3458	3459
P148,9	3460	3461
P118,10	3462	3463
P26,11	3464	3465
P182,10	3466	3466
P28,12	3467	3467
P135,10	3468	3469
P177,11	3470	3471
P79,9	3472	3473
P95,9	3474	3475
P77,11	3476	3477
P47,11	3478	3478
P119,11	3479	3480
P86,11	3481	3481
P108,9	3482	3483
P147,8	3484	3485
P127,9	3486	3487
P48,12	3488	3489
P193,9	3490	3491
P162,8	3492	3493
P118,10	3494	3495
P26,11	3496	3496
P124,10	3497	3498
P177,11	3499	3500
P79,9	3501	3502
P128,9	3503	3504
P172,11	3505	3506
P53,12	3507	3508
P98,11	3509	3510
P109,10	3511	3512
P73,11	3513	3514
P119,11	3515	3516
P178,8	3517	3518
P96,9	3519	3520
P127,9	3521	3522
P48,12	3523	3524
P193,9	3525	3526
P124,10	3527	3527
P88,11	3528	3529
P176,11	3530	3531
P45,10	3532	3533
P107,10	3534	3535
P177,11	3536	3537
P79,9	3538	3539
P172,11	3540	3541
P53,12	3542	3543
P98,11	3544	3545
P200,8	3546	3547
P163,10	3548	3549
P178,8	3550	3550
P26,12	3551	3552
P77,12	3553	3553
P147,8	3554	3554
P120,9	3555	3556
P135,10	3557	3558
P182,11	3559	3560
P107,10	3561	3561
P177,11	3562	3562
P51,11	3563	3563
P95,10	3564	3564
P118,11	3565	3566
P158,10	3567	3568
P172,11	3569	3569
P168,10	3570	3570
P167,10	3571	3571
P98,11	3572	3572
P200,8	3573	3574
P26,12	3575	3576
P88,11	3577	3577
P154,10	3578	3579
P182,11	3580	3581
P47,12	3582	3583
P162,9	3584	3585
P96,10	3586	3587
P109,10	3588	3588
P199,9	3589	3590
P118,12	3591	3592
P95,11	3593	3594
P84,12	3595	3596
P135,11	3597	3598
P119,12	3599	3600
P158,10	3601	3601
P96,10	3602	3603
P199,9	3604	3605
P95,11	3606	3607
P193,10	3608	3609
P128,10	3610	3611
P88,12	3612	3613
P167,11	3614	3615
P118,12	3616	3617
P109,11	3618	3619
P193,10	3620	3621
P127,10	3622	3622
P168,11	3623	3624
P84,12	3625	3625
P172,12	3626	3627
P176,12	3628	3629
P88,12	3630	3631
P172,12	3632	3633
P176,12	3634	3636
P154,11	3639	3644
P96,11	3646	3647
P199,10	3648	3651
P182,12	3652	3652
P108,11	3653	3653
P162,10	3655	3658
P158,11	3659	3660
P162,10	3661	3661
P193,11	3666	3669
P109,12	3674	3677
P79,12	3678	3679
P135,12	3680	3681
P79,12	3682	3682
P135,12	3683	3685
P199,11	3694	3694
P96,12	3697	3700
P162,11	3701	3705
P158,12	3718	3720
P199,12	3721	3725
CPU1
P3,1	3	4
P2,1	5	6
P4,1	7	8
P2,1	9	10
P3,1	11	12
P2,1	13	13
P6,1	14	17
P7,1	19	19
P9,1	24	24
P11,1	31	33
P13,1	36	39
P12,1	40	41
P16,1	42	42
P2,2	43	44
P17,1	45	46
P18,1	47	48
P2,2	49	50
P18,1	51	51
P20,1	52	53
P17,1	54	55
P21,1	59	60
P5,2	61	62
P22,1	63	64
P13,2	65	68
P3,2	69	70
P10,2	71	72
P3,2	73	74
P25,1	75	76
P16,2	77	78
P9,2	79	80
P25,1	81	82
P16,2	83	84
P24,1	85	86
P27,1	87	88
P18,2	89	90
P29,1	91	92
P31,1	93	94
P8,3	95	96
P9,2	97	98
P26,1	99	100
P4,3	101	102
P16,2	103	103
P27,1	104	105
P18,2	106	107
P30,1	108	108
P32,1	109	110
P12,2	111	111
P9,2	112	113
P6,3	114	115
P7,3	116	117
P19,2	118	119
P20,2	120	121
P10,3	122	122
P1,4	123	124
P37,1	125	126
P28,2	127	128
P22,2	129	130
P33,1	131	132
P27,1	133	134
P18,2	135	136
P9,2	137	138
P6,3	139	140
P7,3	141	142
P39,1	143	144
P40,1	145	146
P42,1	147	148
P44,1	149	150
P14,3	151	152
P46,1	153	154
P47,1	155	156
P23,2	157	158
P1,4	159	160
P13,3	161	162
P11,3	163	164
P33,1	165	166
P24,2	167	168
P49,1	169	170
P50,1	171	171
P51,1	172	173
P31,2	174	175
P34,1	176	177
P35,1	178	179
P25,2	180	181
P41,1	182	183
P43,1	184	185
P14,3	186	187
P46,1	188	189
P47,1	190	191
P53,1	192	192
P8,4	193	194
P54,1	195	196
P56,1	197	198
P57,1	199	200
P19,3	201	202
P9,3	203	204
P1,4	205	205
P28,2	206	207
P29,2	208	209
P51,1	210	211
P15,3	212	213
P6,3	214	215
P58,1	216	216
P37,2	217	218
P4,4	219	220
P60,1	221	222
P18,3	223	224
P61,1	225	226
P2,4	227	228
P64,1	229	230
P49,2	231	232
P39,1	233	234
P42,1	235	236
P45,1	237	238
P46,1	239	240
P36,2	241	242
P55,1	243	244
P5,4	245	245
P66,1	246	247
P68,1	248	249
P48,2	250	251
P40,2	252	253
P70,1	254	255
P57,1	256	256
P10,4	257	258
P32,2	259	260
P3,3	261	262
P29,2	263	264
P51,1	265	265
P59,1	266	267
P50,2	268	268
P72,1	269	270
P53,2	271	272
P74,1	273	274
P76,1	275	276
P30,3	277	278
P78,1	279	280
P4,4	281	282
P26,2	283	284
P44,2	285	286
P62,1	287	288
P65,1	289	290
P38,3	291	292
P42,1	293	293
P79,1	294	295
P80,1	296	297
P23,3	298	299
P81,1	300	301
P52,2	302	302
P82,1	303	304
P83,1	305	306
P7,5	307	307
P12,3	308	308
P36,2	309	310
P55,1	311	312
P66,1	313	313
P67,1	314	315
P17,3	316	317
P40,2	318	319
P70,1	320	321
P10,4	322	323
P13,4	324	325
P85,1	326	327
P37,3	328	329
P86,1	330	331
P87,1	332	333
P21,4	334	334
P88,1	335	336
P9,3	337	338
P20,3	339	340
P71,1	341	342
P11,4	343	344
P73,1	345	346
P75,1	347	348
P77,1	349	350
P39,2	351	352
P90,1	353	353
P28,3	354	355
P91,1	356	357
P57,2	358	358
P14,4	359	359
P78,1	360	361
P27,2	362	363
P61,1	364	365
P2,4	366	367
P49,2	368	369
P79,1	370	371
P80,1	372	372
P23,3	373	373
P93,1	374	375
P96,1	376	377
P5,5	378	379
P97,1	380	381
P99,1	382	383
P101,1	384	385
P42,2	386	387
P81,1	388	389
P15,4	390	391
P8,4	392	392
P56,1	393	393
P103,1	394	395
P105,1	396	397
P18,4	398	399
P107,1	400	401
P41,2	402	403
P109,1	404	405
P7,6	406	407
P30,4	408	409
P24,3	410	411
P22,3	412	412
P19,3	413	414
P37,3	415	416
P35,2	417	418
P88,1	419	420
P111,1	421	422
P112,1	423	424
P40,3	425	426
P67,2	427	428
P33,3	429	430
P52,3	431	432
P71,1	433	434
P11,4	435	435
P73,1	436	436
P75,1	437	438
P28,3	439	440
P91,1	441	442
P85,2	443	444
P54,2	445	445
P36,3	446	447
P66,2	448	448
P43,3	449	450
P120,1	451	451
P31,3	452	453
P90,2	454	455
P21,5	456	457
P121,1	458	459
P44,2	460	461
P2,4	462	463
P16,4	464	465
P95,1	466	467
P69,2	468	469
P20,4	470	471
P124,1	472	472
P62,2	473	474
P9,4	475	476
P14,5	477	478
P127,1	479	480
P27,3	481	482
P99,1	483	484
P15,4	485	486
P68,1	487	488
P105,1	489	490
P18,4	491	492
P129,1	493	494
P130,1	495	496
P25,4	497	498
P133,1	499	500
P6,5	501	502
P79,2	503	504
P135,1	505	506
P137,1	507	508
P45,2	509	510
P108,1	511	512
P109,1	513	514
P110,1	515	516
P12,4	517	518
P37,3	519	519
P4,5	520	521
P80,2	522	523
P140,1	524	525
P83,2	526	527
P142,1	528	529
P94,2	530	531
P23,4	532	533
P81,2	534	535
P144,1	536	537
P59,3	538	539
P7,7	540	541
P46,2	542	542
P82,2	543	544
P113,1	545	545
P40,3	546	547
P67,2	548	549
P33,3	550	550
P48,3	551	552
P72,1	553	553
P147,1	554	554
P88,2	555	555
P149,1	556	557
P86,2	558	559
P63,4	560	561
P151,1	562	563
P153,1	564	565
P116,2	566	567
P91,1	568	569
P85,2	570	571
P17,4	572	573
P31,3	574	574
P64,3	575	575
P87,2	576	577
P89,2	578	579
P70,2	580	581
P154,1	582	583
P155,1	584	585
P73,2	586	587
P28,4	588	589
P156,1	590	591
P19,4	592	593
P160,1	594	594
P161,1	595	596
P66,3	597	598
P93,1	599	600
P96,1	601	602
P20,4	603	604
P62,2	605	606
P9,4	607	608
P14,5	609	610
P120,2	611	612
P53,3	613	614
P164,1	615	616
P51,3	617	618
P166,1	619	619
P168,1	620	621
P170,1	622	622
P171,1	623	624
P38,4	625	626
P98,1	627	627
P99,1	628	629
P106,1	630	631
P128,1	632	633
P130,1	634	635
P25,4	636	637
P122,2	638	639
P50,4	640	641
P61,2	642	643
P49,3	644	645
P43,4	646	647
P176,1	648	649
P177,1	650	651
P134,1	652	653
P79,2	654	655
P135,1	656	657
P137,1	658	659
P107,1	660	660
P41,2	661	662
P26,3	663	663
P39,4	664	665
P178,1	666	667
P180,1	668	669
P181,1	670	671
P124,2	672	673
P131,2	674	675
P184,1	676	677
P105,2	678	679
P185,1	680	680
P1,6	681	682
P4,5	683	684
P42,3	685	686
P83,2	687	688
P142,1	689	690
P94,2	691	692
P23,4	693	694
P81,2	695	696
P144,1	697	698
P59,3	699	700
P133,2	701	702
P188,1	703	704
P58,4	705	706
P190,1	707	708
P191,1	709	710
P108,2	711	712
P7,7	713	713
P111,1	714	715
P114,1	716	717
P52,3	718	719
P148,1	720	721
P34,3	722	723
P30,5	724	725
P195,1	726	727
P8,6	728	729
P197,1	730	731
P199,1	732	733
P200,1	734	735
P146,2	736	737
P112,2	738	739
P63,4	740	741
P151,1	742	743
P22,4	744	744
P60,2	745	745
P91,1	746	746
P90,2	747	748
P113,2	749	750
P117,2	751	752
P92,2	753	754
P121,1	755	755
P10,5	756	757
P11,5	758	759
P55,3	760	761
P32,3	762	763
P19,4	764	765
P161,1	766	767
P66,3	768	769
P97,3	770	770
P87,3	771	772
P72,2	773	774
P93,1	775	775
P95,1	776	777
P123,1	778	779
P125,1	780	780
P126,1	781	782
P120,2	783	784
P53,3	785	785
P164,1	786	787
P51,3	788	789
P78,2	790	790
P31,4	791	792
P153,2	793	794
P160,2	795	796
P157,2	797	798
P21,6	799	800
P168,1	801	802
P171,1	803	803
P172,1	804	805
P99,1	806	807
P18,4	808	809
P129,1	810	810
P76,2	811	812
P173,1	813	814
P13,6	815	816
P166,2	817	818
P74,3	819	820
P127,2	821	822
P3,5	823	824
P174,1	825	826
P118,2	827	828
P43,4	829	830
P176,1	831	832
P177,1	833	834
P79,2	835	836
P137,1	837	838
P98,2	839	840
P41,2	841	841
P12,4	842	842
P39,4	843	844
P178,1	845	846
P29,4	847	848
P182,1	849	850
P68,2	851	852
P183,1	853	854
P105,2	855	856
P175,2	857	858
P57,4	859	860
P179,2	861	862
P1,6	863	864
P4,5	865	866
P83,2	867	868
P142,1	869	869
P143,1	870	871
P100,2	872	873
P144,1	874	875
P15,6	876	877
P186,2	878	879
P187,1	880	881
P5,7	882	883
P139,2	884	885
P189,1	886	887
P110,2	888	889
P108,2	890	891
P111,1	892	892
P185,2	893	894
P48,3	895	895
P148,1	896	897
P34,3	898	899
P30,5	900	901
P195,1	902	903
P197,1	904	905
P199,1	906	907
P146,2	908	908
P46,3	909	910
P82,3	911	911
P101,3	912	913
P192,2	914	914
P7,8	915	915
P150,1	916	917
P116,2	918	919
P75,2	920	920
P113,2	921	922
P117,2	923	924
P154,1	925	926
P115,2	927	928
P52,4	929	930
P22,5	931	931
P86,3	932	933
P55,3	934	935
P32,3	936	937
P159,1	938	939
P66,3	940	941
P147,2	942	943
P70,3	944	945
P151,2	946	947
P67,4	948	949
P63,5	950	951
P121,2	952	953
P123,2	954	955
P126,1	956	957
P120,2	958	959
P164,1	960	960
P31,4	961	962
P153,2	963	963
P89,3	964	965
P157,2	966	967
P125,2	968	969
P36,4	970	971
P69,3	972	973
P9,5	974	974
P19,5	975	976
P93,2	977	978
P21,6	979	980
P168,1	981	982
P172,1	983	984
P128,1	985	986
P76,2	987	987
P13,6	988	989
P166,2	990	991
P53,4	992	993
P95,2	994	995
P170,2	996	997
P27,4	998	999
P61,2	1000	1000
P49,3	1001	1002
P176,1	1003	1004
P136,1	1005	1005
P99,2	1006	1007
P129,2	1008	1009
P18,5	1010	1011
P132,2	1012	1013
P173,2	1014	1015
P174,2	1016	1017
P106,2	1018	1019
P178,1	1020	1021
P29,4	1022	1023
P182,1	1024	1025
P68,2	1026	1026
P183,1	1027	1028
P105,2	1029	1029
P175,2	1030	1031
P20,6	1032	1033
P12,5	1034	1035
P134,2	1036	1037
P79,3	1038	1039
P39,5	1040	1040
P57,4	1041	1041
P179,2	1042	1043
P1,6	1044	1045
P141,1	1046	1046
P100,2	1047	1048
P140,2	1049	1049
P186,2	1050	1051
P131,3	1052	1053
P42,4	1054	1054
P187,1	1055	1056
P188,1	1057	1058
P58,4	1059	1060
P190,1	1061	1062
P145,1	1063	1063
P23,5	1064	1065
P34,3	1066	1066
P15,7	1067	1068
P80,3	1069	1070
P191,2	1071	1072
P30,5	1073	1074
P195,1	1075	1076
P198,1	1077	1077
P200,1	1078	1078
P59,4	1079	1080
P56,3	1081	1082
P116,2	1083	1083
P5,8	1084	1085
P81,3	1086	1087
P149,2	1088	1089
P199,2	1090	1091
P113,2	1092	1092
P88,3	1093	1094
P33,4	1095	1096
P52,4	1097	1098
P86,3	1099	1099
P32,3	1100	1101
P159,1	1102	1103
P192,3	1104	1105
P48,4	1106	1107
P112,3	1108	1109
P66,3	1110	1111
P147,2	1112	1113
P70,3	1114	1115
P92,3	1116	1117
P11,6	1118	1119
P123,2	1120	1121
P24,5	1122	1122
P146,3	1123	1124
P37,6	1125	1126
P90,3	1127	1128
P28,5	1129	1130
P51,3	1131	1131
P64,4	1132	1133
P17,5	1134	1134
P72,3	1135	1135
P161,2	1136	1136
P96,2	1137	1138
P19,5	1139	1140
P93,2	1141	1141
P63,6	1142	1143
P119,3	1144	1145
P85,4	1146	1147
P97,4	1148	1149
P167,1	1150	1151
P169,1	1152	1153
P158,2	1154	1155
P53,4	1156	1157
P74,3	1158	1159
P27,4	1160	1161
P62,3	1162	1162
P38,5	1163	1164
P153,3	1165	1166
P76,3	1167	1168
P118,2	1169	1170
P99,2	1171	1172
P129,2	1173	1174
P18,5	1175	1176
P132,2	1177	1178
P173,2	1179	1179
P174,2	1180	1180
P9,6	1181	1181
P165,3	1182	1183
P128,2	1184	1185
P29,4	1186	1187
P124,2	1188	1188
P183,1	1189	1189
P175,2	1190	1191
P12,5	1192	1192
P109,2	1193	1194
P79,3	1195	1196
P137,2	1197	1197
P176,2	1198	1198
P130,2	1199	1200
P107,3	1201	1202
P179,2	1203	1204
P131,3	1205	1206
P187,1	1207	1207
P105,3	1208	1208
P136,2	1209	1210
P182,2	1211	1212
P100,3	1213	1214
P141,2	1215	1216
P45,4	1217	1218
P139,2	1219	1219
P58,4	1220	1220
P190,1	1221	1222
P23,5	1223	1224
P80,3	1225	1226
P191,2	1227	1228
P194,1	1229	1230
P57,5	1231	1232
P47,5	1233	1234
P138,3	1235	1236
P188,2	1237	1238
P42,5	1239	1240
P143,2	1241	1242
P56,3	1243	1243
P5,8	1244	1244
P114,2	1245	1246
P102,3	1247	1248
P110,3	1249	1250
P197,2	1251	1252
P117,2	1253	1254
P115,2	1255	1255
P200,2	1256	1257
P34,4	1258	1259
P148,2	1260	1261
P41,4	1262	1263
P116,3	1264	1265
P65,5	1266	1267
P192,3	1268	1268
P71,3	1269	1270
P154,2	1271	1272
P40,4	1273	1274
P87,3	1275	1276
P151,2	1277	1278
P60,3	1279	1280
P198,2	1281	1282
P101,4	1283	1284
P91,3	1285	1286
P162,2	1287	1288
P155,2	1289	1290
P73,3	1291	1291
P82,4	1292	1293
P10,6	1294	1295
P196,3	1296	1297
P64,4	1298	1298
P69,3	1299	1299
P96,2	1300	1301
P156,2	1302	1303
P159,2	1304	1305
P78,3	1306	1307
P63,6	1308	1309
P67,5	1310	1311
P13,6	1312	1313
P95,2	1314	1315
P55,4	1316	1317
P150,3	1318	1319
P31,5	1320	1321
P126,3	1322	1323
P14,7	1324	1325
P127,2	1326	1327
P164,2	1328	1329
P38,5	1330	1330
P153,3	1331	1331
P104,3	1332	1333
P129,2	1334	1334
P18,5	1335	1335
P44,4	1336	1337
P19,6	1338	1339
P17,6	1340	1341
P62,4	1342	1343
P166,3	1344	1345
P168,2	1346	1347
P165,3	1348	1348
P122,3	1349	1350
P3,6	1351	1352
P2,6	1353	1353
P85,5	1354	1355
P167,2	1356	1357
P50,5	1358	1358
P183,2	1359	1360
P184,2	1361	1362
P76,4	1363	1364
P61,3	1365	1365
P107,3	1366	1367
P179,2	1368	1369
P100,3	1370	1371
P4,6	1372	1373
P98,3	1374	1375
P20,7	1376	1376
P180,2	1377	1378
P29,5	1379	1379
P176,3	1380	1381
P124,3	1382	1383
P175,3	1384	1385
P185,2	1386	1387
P94,3	1388	1389
P57,5	1390	1391
P47,5	1392	1393
P138,3	1394	1395
P186,3	1396	1397
P16,8	1398	1399
P171,3	1400	1401
P136,3	1402	1402
P58,5	1403	1404
P103,4	1405	1406
P143,2	1407	1408
P114,2	1409	1410
P149,2	1411	1412
P199,2	1413	1414
P200,2	1415	1416
P30,6	1417	1418
P194,2	1419	1420
P108,4	1421	1422
P56,4	1423	1423
P139,3	1424	1425
P144,2	1426	1426
P116,3	1427	1428
P65,5	1429	1430
P151,2	1431	1432
P134,4	1433	1434
P80,4	1435	1436
P5,9	1437	1438
P111,3	1439	1440
P112,4	1441	1442
P198,2	1443	1443
P59,5	1444	1445
P32,4	1446	1447
P86,4	1448	1449
P196,3	1450	1451
P87,4	1452	1453
P71,4	1454	1455
P91,4	1456	1457
P147,3	1458	1459
P70,4	1460	1461
P34,5	1462	1463
P10,7	1464	1465
P75,4	1466	1467
P120,3	1468	1469
P54,4	1470	1471
P119,3	1472	1473
P53,4	1474	1475
P55,4	1476	1477
P150,3	1478	1479
P40,5	1480	1481
P123,3	1482	1483
P113,4	1484	1485
P31,5	1486	1487
P126,3	1488	1489
P14,7	1490	1491
P164,2	1492	1492
P89,4	1493	1494
P77,3	1495	1495
P44,4	1496	1497
P60,4	1498	1499
P66,5	1500	1501
P73,4	1502	1503
P82,5	1504	1505
P51,5	1506	1507
P127,3	1508	1509
P158,3	1510	1511
P93,3	1512	1513
P122,3	1514	1515
P79,3	1516	1516
P174,3	1517	1518
P13,7	1519	1519
P18,6	1520	1521
P27,5	1522	1523
P183,2	1524	1525
P184,2	1526	1527
P76,4	1528	1529
P107,3	1530	1531
P100,3	1532	1533
P4,6	1534	1535
P98,3	1536	1536
P180,2	1537	1538
P173,4	1539	1540
P129,3	1541	1542
P109,3	1543	1544
P153,4	1545	1546
P61,4	1547	1548
P50,6	1549	1550
P176,3	1551	1552
P124,3	1553	1554
P15,7	1555	1556
P191,2	1557	1558
P39,6	1559	1560
P138,3	1561	1561
P188,2	1562	1563
P16,8	1564	1565
P131,4	1566	1567
P185,3	1568	1569
P29,6	1570	1570
P23,6	1571	1572
P171,3	1573	1574
P58,5	1575	1576
P103,4	1577	1578
P143,2	1579	1580
P102,3	1581	1582
P200,2	1583	1584
P105,4	1585	1586
P20,8	1587	1587
P135,4	1588	1589
P46,4	1590	1591
P152,2	1592	1593
P81,4	1594	1595
P195,2	1596	1597
P141,4	1598	1599
P194,3	1600	1601
P110,4	1602	1603
P33,6	1604	1605
P142,4	1606	1607
P48,5	1608	1609
P112,4	1610	1611
P101,4	1612	1613
P162,2	1614	1615
P87,4	1616	1617
P71,4	1618	1619
P35,5	1620	1620
P198,3	1621	1622
P199,3	1623	1624
P151,3	1625	1626
P115,3	1627	1628
P8,8	1629	1630
P10,7	1631	1632
P120,3	1633	1634
P63,6	1635	1636
P55,4	1637	1637
P150,3	1638	1639
P56,5	1640	1641
P11,7	1642	1643
P146,4	1644	1645
P96,3	1646	1647
P192,4	1648	1649
P157,3	1650	1650
P31,5	1651	1652
P72,4	1653	1654
P172,2	1655	1655
P19,6	1656	1656
P60,4	1657	1658
P156,3	1659	1660
P52,6	1661	1662
P113,5	1663	1664
P69,4	1665	1666
P74,4	1667	1667
P78,4	1668	1669
P97,5	1670	1671
P64,5	1672	1673
P17,6	1674	1674
P158,3	1675	1676
P93,3	1677	1678
P24,7	1679	1680
P54,5	1681	1682
P95,3	1683	1684
P79,4	1685	1686
P18,6	1687	1688
P27,5	1689	1690
P183,2	1691	1692
P184,2	1693	1694
P130,2	1695	1696
P182,2	1697	1698
P4,6	1699	1700
P181,2	1701	1702
P164,3	1703	1704
P25,6	1705	1706
P49,5	1707	1707
P132,3	1708	1709
P129,3	1710	1711
P109,3	1712	1713
P128,3	1714	1715
P166,4	1716	1717
P187,2	1718	1719
P57,5	1720	1721
P76,5	1722	1722
P39,6	1723	1724
P188,2	1725	1726
P16,8	1727	1728
P131,4	1729	1730
P12,6	1731	1732
P190,2	1733	1734
P124,4	1735	1736
P165,5	1737	1737
P121,6	1738	1739
P98,4	1740	1741
P143,2	1742	1743
P189,3	1744	1745
P135,4	1746	1747
P46,4	1748	1749
P193,2	1750	1750
P195,2	1751	1751
P141,4	1752	1753
P85,7	1754	1755
P94,4	1756	1757
P191,3	1758	1759
P20,9	1760	1761
P26,6	1762	1763
P175,5	1764	1765
P133,4	1766	1767
P33,6	1768	1768
P142,4	1769	1769
P134,5	1770	1771
P101,4	1772	1772
P162,2	1773	1774
P117,3	1775	1775
P114,3	1776	1777
P29,7	1778	1779
P148,3	1780	1781
P149,3	1782	1783
P48,6	1784	1785
P91,4	1786	1787
P198,3	1788	1789
P199,3	1790	1791
P151,3	1792	1793
P115,3	1794	1795
P8,8	1796	1796
P120,3	1797	1797
P159,2	1798	1798
P150,3	1799	1799
P196,4	1800	1801
P154,3	1802	1803
P83,5	1804	1805
P65,6	1806	1807
P92,4	1808	1808
P125,3	1809	1810
P37,7	1811	1812
P192,4	1813	1814
P31,5	1815	1815
P72,4	1816	1816
P60,4	1817	1818
P11,8	1819	1820
P111,5	1821	1822
P28,6	1823	1824
P86,5	1825	1826
P77,4	1827	1828
P73,4	1829	1830
P82,5	1831	1831
P97,5	1832	1833
P127,3	1834	1834
P62,4	1835	1835
P89,5	1836	1836
P74,5	1837	1838
P123,4	1839	1840
P54,5	1841	1842
P95,3	1843	1844
P18,6	1845	1846
P27,5	1847	1847
P183,2	1848	1849
P93,4	1850	1851
P40,6	1852	1853
P19,7	1854	1855
P181,2	1856	1856
P164,3	1857	1858
P163,3	1859	1859
P129,3	1860	1861
P109,3	1862	1863
P166,4	1864	1865
P122,4	1866	1867
P45,5	1868	1869
P182,3	1870	1871
P132,4	1872	1873
P168,4	1874	1875
P16,8	1876	1876
P131,4	1877	1878
P190,2	1879	1880
P124,4	1881	1882
P121,6	1883	1884
P130,3	1885	1885
P188,3	1886	1886
P184,3	1887	1888
P153,5	1889	1890
P25,7	1891	1892
P3,8	1893	1894
P185,4	1895	1896
P98,4	1897	1898
P30,6	1899	1900
P135,4	1901	1902
P141,4	1903	1904
P176,4	1905	1906
P200,3	1907	1908
P23,7	1909	1910
P143,3	1911	1912
P140,4	1913	1913
P85,8	1914	1915
P26,6	1916	1917
P110,4	1918	1919
P134,5	1920	1921
P71,4	1922	1922
P114,3	1923	1924
P152,3	1925	1926
P195,3	1927	1927
P165,6	1928	1929
P117,4	1930	1931
P197,4	1932	1933
P148,3	1934	1934
P149,3	1935	1936
P147,3	1937	1937
P144,3	1938	1939
P139,4	1940	1940
P155,3	1941	1941
P101,5	1942	1943
P102,5	1944	1945
P191,4	1946	1947
P5,11	1948	1949
P142,5	1950	1950
P159,3	1951	1952
P196,4	1953	1954
P154,3	1955	1956
P83,5	1957	1958
P56,5	1959	1960
P37,7	1961	1961
P90,4	1962	1962
P194,4	1963	1964
P125,4	1965	1966
P116,5	1967	1968
P72,5	1969	1970
P161,4	1971	1972
P11,8	1973	1973
P111,5	1974	1975
P52,6	1976	1976
P77,4	1977	1977
P78,4	1978	1979
P55,5	1980	1981
P119,5	1982	1983
P14,8	1984	1985
P150,4	1986	1986
P96,4	1987	1988
P54,5	1989	1990
P95,3	1991	1991
P2,7	1992	1992
P177,4	1993	1994
P69,5	1995	1996
P73,5	1997	1998
P92,5	1999	2000
P118,4	2001	2002
P66,6	2003	2004
P129,3	2005	2005
P109,3	2006	2006
P166,4	2007	2007
P107,4	2008	2009
P182,3	2010	2010
P132,4	2011	2012
P168,4	2013	2014
P24,8	2015	2016
P173,5	2017	2018
P183,3	2019	2020
P122,5	2021	2022
P40,7	2023	2024
P124,4	2025	2025
P186,4	2026	2027
P184,3	2028	2029
P100,4	2030	2031
P170,5	2032	2033
P61,5	2034	2034
P99,4	2035	2036
P171,4	2037	2037
P169,4	2038	2038
P172,4	2039	2040
P163,4	2041	2042
P57,7	2043	2044
P138,4	2045	2046
P187,3	2047	2048
P143,3	2049	2050
P85,8	2051	2052
P26,6	2053	2054
P9,9	2055	2056
P58,6	2057	2058
P68,5	2059	2060
P167,4	2061	2062
P145,3	2063	2064
P29,7	2065	2066
P80,5	2067	2068
P47,7	2069	2070
P193,3	2071	2072
P105,5	2073	2074
P149,3	2075	2075
P144,3	2076	2076
P188,4	2077	2078
P106,5	2079	2080
P134,6	2081	2082
P108,5	2083	2084
P199,3	2085	2086
P101,5	2087	2088
P198,4	2089	2089
P33,7	2090	2091
P159,3	2092	2092
P88,5	2093	2094
P154,3	2095	2095
P59,6	2096	2097
P176,5	2098	2099
P175,6	2100	2101
P71,5	2102	2103
P194,4	2104	2105
P125,4	2106	2107
P116,5	2108	2109
P72,5	2110	2111
P161,4	2112	2112
P75,5	2113	2114
P113,5	2115	2116
P147,4	2117	2118
P148,4	2119	2120
P192,5	2121	2122
P28,7	2123	2124
P119,5	2125	2126
P14,8	2127	2128
P96,4	2129	2130
P19,7	2131	2132
P73,5	2133	2134
P74,6	2135	2136
P142,6	2137	2138
P10,9	2139	2140
P37,8	2141	2142
P92,5	2143	2143
P174,4	2144	2145
P156,4	2146	2147
P107,4	2148	2149
P132,4	2150	2150
P24,8	2151	2152
P173,5	2153	2154
P60,5	2155	2156
P55,6	2157	2158
P150,5	2159	2160
P129,4	2161	2162
P123,5	2163	2164
P127,4	2165	2165
P82,6	2166	2167
P40,7	2168	2169
P79,5	2170	2171
P100,4	2172	2173
P185,4	2174	2174
P164,4	2175	2176
P62,6	2177	2177
P18,7	2178	2179
P180,4	2180	2181
P177,5	2182	2183
P182,4	2184	2184
P98,5	2185	2186
P172,4	2187	2188
P163,4	2189	2190
P49,6	2191	2191
P143,3	2192	2193
P20,9	2194	2195
P131,5	2196	2197
P166,5	2198	2199
P121,7	2200	2201
P141,5	2202	2202
P124,5	2203	2204
P25,8	2205	2206
P46,5	2207	2208
P12,7	2209	2210
P152,3	2211	2212
P165,6	2213	2214
P193,3	2215	2216
P188,4	2217	2218
P170,6	2219	2220
P61,6	2221	2222
P171,5	2223	2224
P110,5	2225	2226
P39,8	2227	2228
P135,5	2229	2230
P87,5	2231	2231
P101,5	2232	2233
P191,4	2234	2235
P5,11	2236	2237
P176,5	2238	2239
P138,5	2240	2241
P144,4	2242	2243
P23,9	2244	2245
P175,6	2246	2247
P194,4	2248	2248
P136,6	2249	2250
P72,5	2251	2252
P111,5	2253	2253
P115,4	2254	2255
P102,6	2256	2257
P154,4	2258	2259
P117,5	2260	2261
P35,7	2262	2263
P113,6	2264	2265
P148,4	2266	2267
P90,5	2268	2269
P14,8	2270	2270
P151,4	2271	2272
P93,4	2273	2273
P73,5	2274	2274
P142,6	2275	2276
P91,6	2277	2278
P63,8	2279	2280
P120,5	2281	2282
P155,5	2283	2284
P95,4	2285	2286
P37,8	2287	2288
P174,4	2289	2289
P118,4	2290	2290
P158,4	2291	2292
P24,8	2293	2294
P173,5	2295	2295
P60,5	2296	2296
P55,6	2297	2298
P19,8	2299	2300
P161,5	2301	2302
P150,5	2303	2304
P129,4	2305	2305
P123,5	2306	2307
P82,6	2308	2309
P40,7	2310	2311
P100,4	2312	2313
P164,4	2314	2315
P18,7	2316	2316
P178,4	2317	2318
P127,5	2319	2320
P180,4	2321	2322
P122,6	2323	2324
P98,5	2325	2325
P163,4	2326	2326
P143,3	2327	2328
P131,5	2329	2330
P166,5	2331	2332
P183,4	2333	2334
P153,6	2335	2336
P177,6	2337	2338
P94,5	2339	2339
P124,5	2340	2341
P130,4	2342	2343
P80,5	2344	2345
P47,7	2346	2346
P49,7	2347	2348
P20,10	2349	2350
P50,8	2351	2352
P182,5	2353	2354
P170,6	2355	2356
P61,6	2357	2358
P171,5	2359	2360
P106,5	2361	2362
P134,6	2363	2364
P108,5	2365	2366
P33,7	2367	2367
P176,5	2368	2368
P181,4	2369	2370
P172,5	2371	2372
P30,8	2373	2374
P133,6	2375	2375
P191,5	2376	2377
P138,5	2378	2379
P199,4	2380	2381
P175,6	2382	2382
P116,5	2383	2384
P115,4	2385	2386
P102,6	2387	2387
P154,4	2388	2389
P121,8	2390	2391
P152,4	2392	2393
P136,7	2394	2395
P125,5	2396	2396
P149,5	2397	2398
P35,7	2399	2400
P113,6	2401	2402
P148,4	2403	2404
P90,5	2405	2406
P142,6	2407	2408
P110,6	2409	2410
P14,9	2411	2412
P69,6	2413	2414
P111,6	2415	2415
P120,5	2416	2417
P155,5	2418	2419
P77,5	2420	2421
P158,4	2422	2423
P55,6	2424	2424
P160,5	2425	2425
P151,5	2426	2427
P70,7	2428	2429
P161,5	2430	2431
P150,5	2432	2433
P66,7	2434	2434
P128,4	2435	2436
P104,5	2437	2437
P164,4	2438	2439
P93,5	2440	2441
P173,6	2442	2443
P73,6	2444	2445
P75,7	2446	2447
P129,5	2448	2449
P78,6	2450	2451
P45,6	2452	2453
P186,5	2454	2454
P166,5	2455	2456
P183,4	2457	2458
P177,6	2459	2460
P60,6	2461	2462
P2,9	2463	2464
P107,5	2465	2466
P40,8	2467	2468
P130,4	2469	2469
P188,4	2470	2471
P62,7	2472	2473
P50,8	2474	2474
P182,5	2475	2476
P9,10	2477	2478
P98,6	2479	2480
P18,8	2481	2482
P143,4	2483	2484
P94,6	2485	2486
P80,6	2487	2488
P57,9	2489	2490
P171,5	2491	2492
P39,8	2493	2494
P26,7	2495	2496
P172,5	2497	2498
P30,8	2499	2499
P162,4	2500	2501
P109,5	2502	2503
P46,6	2504	2505
P141,7	2506	2506
P176,6	2507	2508
P137,6	2509	2510
P23,9	2511	2511
P115,4	2512	2512
P145,4	2513	2514
P88,6	2515	2516
P193,4	2517	2518
P48,8	2519	2520
P165,7	2521	2522
P53,8	2523	2524
P101,6	2525	2526
P102,7	2527	2528
P134,7	2529	2529
P35,7	2530	2531
P198,5	2532	2532
P192,5	2533	2534
P91,6	2535	2536
P140,6	2537	2537
P195,6	2538	2539
P8,10	2540	2541
P112,6	2542	2543
P154,5	2544	2545
P116,6	2546	2547
P68,7	2548	2549
P77,5	2550	2550
P81,8	2551	2552
P84,7	2553	2554
P19,8	2555	2556
P126,5	2557	2557
P175,7	2558	2559
P28,8	2560	2561
P156,5	2562	2562
P150,6	2563	2564
P178,4	2565	2566
P173,6	2567	2568
P96,5	2569	2569
P75,7	2570	2571
P146,6	2572	2573
P45,6	2574	2575
P183,4	2576	2577
P128,5	2578	2579
P158,5	2580	2581
P186,6	2582	2583
P95,5	2584	2585
P79,6	2586	2587
P107,5	2588	2589
P40,8	2590	2591
P49,7	2592	2593
P61,6	2594	2594
P132,6	2595	2595
P127,6	2596	2597
P12,8	2598	2599
P100,5	2600	2601
P187,4	2602	2603
P168,6	2604	2604
P131,6	2605	2606
P163,5	2607	2608
P85,9	2609	2610
P26,7	2611	2612
P172,5	2613	2613
P114,4	2614	2615
P62,8	2616	2617
P98,7	2618	2619
P39,9	2620	2621
P109,5	2622	2623
P46,6	2624	2625
P106,6	2626	2626
P145,4	2627	2628
P88,6	2629	2630
P193,4	2631	2632
P200,5	2633	2634
P130,5	2635	2636
P108,6	2637	2638
P190,6	2639	2640
P141,8	2641	2642
P149,5	2643	2644
P133,7	2645	2646
P191,6	2647	2647
P101,6	2648	2649
P102,7	2650	2651
P59,7	2652	2653
P91,6	2654	2655
P195,6	2656	2657
P176,7	2658	2659
P147,5	2660	2661
P69,6	2662	2663
P155,5	2664	2665
P33,8	2666	2666
P68,7	2667	2668
P151,5	2669	2670
P70,7	2671	2671
P175,7	2672	2673
P142,7	2674	2675
P113,7	2676	2677
P198,6	2678	2678
P117,6	2679	2679
P28,8	2680	2681
P150,6	2682	2683
P93,5	2684	2685
P75,7	2686	2686
P129,5	2687	2688
P185,5	2689	2690
P119,7	2691	2692
P192,6	2693	2694
P159,6	2695	2696
P112,7	2697	2698
P95,5	2699	2700
P3,9	2701	2702
P40,8	2703	2703
P127,6	2704	2705
P156,6	2706	2706
P51,7	2707	2708
P31,8	2709	2710
P177,7	2711	2712
P178,5	2713	2714
P182,6	2715	2716
P100,5	2717	2717
P18,8	2718	2719
P143,4	2720	2721
P80,6	2722	2723
P26,7	2724	2725
P114,4	2726	2727
P62,8	2728	2729
P98,7	2730	2731
P37,10	2732	2733
P168,7	2734	2735
P47,8	2736	2737
P58,7	2738	2739
P88,6	2740	2741
P193,4	2742	2742
P30,9	2743	2744
P64,9	2745	2746
P118,7	2747	2748
P12,9	2749	2750
P57,10	2751	2752
P188,6	2753	2754
P190,6	2755	2756
P141,8	2757	2757
P48,8	2758	2758
P133,7	2759	2759
P53,8	2760	2761
P102,7	2762	2763
P14,9	2764	2765
P176,7	2766	2767
P149,6	2768	2769
P167,6	2770	2771
P136,8	2772	2773
P35,8	2774	2775
P147,5	2776	2777
P69,6	2778	2778
P8,10	2779	2780
P68,7	2781	2782
P175,7	2783	2783
P199,5	2784	2785
P120,6	2786	2787
P161,6	2788	2789
P191,7	2790	2791
P151,6	2792	2793
P28,8	2794	2795
P90,6	2796	2797
P129,5	2798	2798
P140,7	2799	2800
P159,6	2801	2802
P112,7	2803	2803
P116,8	2804	2805
P117,7	2806	2807
P3,9	2808	2809
P55,7	2810	2811
P51,7	2812	2813
P31,8	2814	2815
P178,5	2816	2817
P182,6	2818	2819
P24,10	2820	2821
P183,5	2822	2822
P119,8	2823	2824
P148,6	2825	2826
P45,7	2827	2828
P187,4	2829	2830
P131,6	2831	2832
P166,6	2833	2833
P128,6	2834	2835
P132,7	2836	2837
P39,9	2838	2838
P47,8	2839	2840
P174,7	2841	2842
P73,8	2843	2844
P163,6	2845	2846
P200,5	2847	2848
P108,6	2849	2849
P118,7	2850	2851
P57,10	2852	2853
P103,8	2854	2854
P156,7	2855	2856
P64,10	2857	2858
P193,5	2859	2859
P25,10	2860	2860
P165,7	2861	2861
P53,8	2862	2862
P124,7	2863	2864
P149,6	2865	2865
P135,7	2866	2866
P136,8	2867	2868
P35,8	2869	2869
P23,10	2870	2871
P12,10	2872	2873
P133,8	2874	2874
P109,7	2875	2875
P152,5	2876	2877
P199,5	2878	2879
P120,6	2880	2880
P113,7	2881	2882
P191,7	2883	2884
P151,6	2885	2886
P28,8	2887	2887
P190,7	2888	2889
P105,8	2890	2890
P171,7	2891	2892
P176,8	2893	2894
P68,8	2895	2896
P159,6	2897	2898
P70,8	2899	2900
P31,8	2901	2902
P61,7	2903	2904
P8,11	2905	2906
P147,6	2907	2908
P93,6	2909	2909
P192,7	2910	2911
P148,6	2912	2913
P123,7	2914	2915
P128,6	2916	2917
P132,7	2918	2918
P168,7	2919	2919
P95,6	2920	2921
P86,8	2922	2923
P183,6	2924	2924
P182,7	2925	2926
P112,8	2927	2928
P107,6	2929	2930
P73,8	2931	2932
P163,6	2933	2934
P30,9	2935	2936
P49,8	2937	2938
P156,7	2939	2940
P79,7	2941	2942
P77,7	2943	2944
P143,5	2945	2946
P47,9	2947	2948
P78,8	2949	2950
P184,6	2951	2952
P57,11	2953	2954
P88,7	2955	2956
P23,10	2957	2958
P12,10	2959	2960
P152,5	2961	2962
P80,8	2963	2964
P108,7	2965	2966
P135,8	2967	2968
P142,7	2969	2970
P191,7	2971	2972
P151,6	2973	2974
P145,6	2975	2976
P176,8	2977	2977
P140,7	2978	2978
P159,6	2979	2980
P120,7	2981	2982
P72,7	2983	2984
P193,6	2985	2986
P91,8	2987	2988
P109,8	2989	2990
P172,7	2991	2992
P178,5	2993	2994
P8,11	2995	2995
P84,8	2996	2997
P127,7	2998	2999
P148,6	3000	3001
P123,7	3002	3003
P136,9	3004	3005
P35,9	3006	3007
P195,8	3008	3008
P96,7	3009	3010
P14,11	3011	3012
P171,8	3013	3013
P81,9	3014	3015
P158,7	3016	3017
P177,8	3018	3019
P174,7	3020	3020
P73,8	3021	3022
P118,7	3023	3023
P116,9	3024	3025
P86,9	3026	3027
P111,10	3028	3028
P93,7	3029	3030
P98,8	3031	3032
P79,7	3033	3034
P117,8	3035	3036
P58,8	3037	3038
P146,8	3039	3040
P185,7	3041	3042
P100,7	3043	3043
P88,7	3044	3045
P188,7	3046	3047
P132,8	3048	3049
P129,7	3050	3050
P26,8	3051	3052
P80,8	3053	3053
P187,5	3054	3055
P166,7	3056	3057
P124,8	3058	3059
P190,7	3060	3060
P68,8	3061	3062
P30,10	3063	3064
P199,6	3065	3066
P154,6	3067	3068
P137,7	3069	3070
P103,9	3071	3071
P193,6	3072	3073
P28,9	3074	3074
P172,7	3075	3075
P70,8	3076	3076
P147,6	3077	3078
P176,9	3079	3080
P91,9	3081	3082
P101,8	3083	3084
P192,7	3085	3085
P123,7	3086	3087
P53,9	3088	3088
P35,9	3089	3090
P96,7	3091	3092
P14,11	3093	3093
P37,11	3094	3095
P95,6	3096	3096
P112,8	3097	3097
P177,8	3098	3099
P159,7	3100	3101
P107,6	3102	3103
P182,8	3104	3105
P93,7	3106	3107
P98,8	3108	3109
P79,7	3110	3111
P117,8	3112	3113
P58,8	3114	3114
P128,7	3115	3116
P175,10	3117	3117
P178,6	3118	3119
P78,8	3120	3121
P184,6	3122	3123
P88,7	3124	3125
P200,6	3126	3127
P47,10	3128	3129
P108,7	3130	3131
P135,8	3132	3133
P49,9	3134	3135
P162,6	3136	3137
P167,8	3138	3139
P111,11	3140	3140
P68,8	3141	3142
P30,10	3143	3143
P55,9	3144	3145
P154,6	3146	3147
P137,7	3148	3148
P149,7	3149	3150
P147,6	3151	3152
P100,8	3153	3154
P193,7	3155	3156
P127,7	3157	3158
P91,9	3159	3159
P101,8	3160	3160
P136,9	3161	3162
P161,7	3163	3164
P37,11	3165	3166
P177,8	3167	3167
P69,10	3168	3169
P28,10	3170	3171
P159,7	3172	3172
P182,8	3173	3174
P93,7	3175	3176
P98,8	3177	3178
P128,7	3179	3180
P178,6	3181	3182
P140,9	3183	3184
P172,8	3185	3186
P123,8	3187	3188
P158,8	3189	3190
P192,8	3191	3192
P118,8	3193	3194
P184,6	3195	3196
P200,6	3197	3198
P47,10	3199	3200
P135,8	3201	3201
P49,9	3202	3203
P162,6	3204	3205
P167,8	3206	3207
P119,10	3208	3209
P133,10	3210	3211
P77,8	3212	3212
P181,6	3213	3214
P72,7	3215	3215
P163,8	3216	3217
P103,10	3218	3219
P190,8	3220	3221
P185,8	3222	3223
P148,8	3224	3225
P152,6	3226	3227
P176,9	3228	3229
P136,9	3230	3230
P161,7	3231	3232
P69,10	3233	3233
P28,10	3234	3235
P195,9	3236	3237
P86,9	3238	3238
P137,8	3239	3240
P101,9	3241	3242
P127,8	3243	3244
P159,8	3245	3246
P81,10	3247	3248
P149,8	3249	3250
P178,6	3251	3252
P73,9	3253	3254
P45,8	3255	3255
P123,8	3256	3257
P95,7	3258	3258
P200,6	3259	3259
P79,8	3260	3261
P140,10	3262	3263
P47,10	3264	3264
P116,10	3265	3265
P112,9	3266	3267
P88,8	3268	3268
P133,10	3269	3270
P181,6	3271	3271
P103,10	3272	3272
P177,9	3273	3274
P135,9	3275	3276
P108,8	3277	3278
P107,8	3279	3280
P187,6	3281	3282
P57,12	3283	3284
P175,11	3285	3286
P147,7	3287	3288
P48,10	3289	3289
P28,10	3290	3290
P195,9	3291	3291
P162,7	3292	3293
P100,9	3294	3295
P184,7	3296	3297
P118,9	3298	3299
P96,8	3300	3301
P145,7	3302	3303
P127,8	3304	3305
P159,8	3306	3307
P81,10	3308	3309
P149,8	3310	3311
P73,9	3312	3313
P123,8	3314	3315
P77,9	3316	3317
P93,8	3318	3319
P178,7	3320	3321
P79,8	3322	3323
P112,9	3324	3325
P31,10	3326	3326
P177,9	3327	3328
P135,9	3329	3330
P108,8	3331	3332
P86,10	3333	3334
P182,9	3335	3336
P107,8	3337	3338
P185,8	3339	3340
P148,8	3341	3341
P175,11	3342	3343
P147,7	3344	3345
P162,7	3346	3347
P184,7	3348	3349
P47,11	3350	3351
P88,9	3352	3353
P132,9	3354	3355
P199,7	3356	3357
P127,8	3358	3359
P159,8	3360	3361
P68,9	3362	3362
P149,8	3363	3363
P158,8	3364	3364
P93,8	3365	3366
P48,11	3367	3368
P128,8	3369	3370
P172,9	3371	3372
P178,7	3373	3374
P79,8	3375	3376
P133,10	3377	3378
P168,9	3379	3380
P86,10	3381	3382
P182,9	3383	3383
P35,11	3384	3385
P53,11	3386	3387
P146,10	3388	3389
P177,10	3390	3391
P118,10	3392	3393
P73,10	3394	3395
P175,11	3396	3396
P147,7	3397	3398
P124,9	3399	3400
P47,11	3401	3402
P88,9	3403	3403
P163,9	3404	3405
P199,7	3406	3407
P127,8	3408	3408
P119,11	3409	3410
P167,9	3411	3412
P48,11	3413	3414
P176,10	3415	3416
P193,8	3417	3417
P79,8	3418	3418
P31,11	3419	3419
P158,9	3420	3421
P168,9	3422	3423
P95,8	3424	3425
P53,11	3426	3427
P72,9	3428	3429
P101,11	3430	3431
P184,8	3432	3433
P77,10	3434	3435
P182,10	3436	3437
P162,7	3438	3438
P200,7	3439	3439
P45,9	3440	3441
P199,7	3442	3443
P167,9	3444	3445
P109,9	3446	3447
P86,11	3448	3449
P146,11	3450	3450
P108,9	3451	3452
P147,8	3453	3454
P145,9	3455	3455
P88,10	3456	3457
P158,9	3458	3459
P84,10	3460	3460
P72,9	3461	3461
P73,10	3462	3462
P184,8	3463	3464
P112,10	3465	3466
P124,10	3467	3468
P93,9	3469	3469
P51,11	3470	3471
P154,8	3472	3473
P128,9	3474	3475
P172,11	3476	3477
P45,9	3478	3478
P68,10	3479	3480
P178,8	3481	3482
P96,9	3483	3484
P81,12	3485	3485
P158,9	3486	3486
P120,9	3487	3488
P31,12	3489	3490
P107,9	3491	3491
P148,9	3492	3493
P184,8	3494	3495
P112,10	3496	3496
P135,10	3497	3498
P51,11	3499	3500
P95,9	3501	3502
P77,11	3503	3504
P168,10	3505	3506
P167,10	3507	3508
P199,8	3509	3509
P72,10	3510	3511
P200,8	3512	3513
P163,10	3514	3515
P68,10	3516	3517
P108,9	3518	3519
P147,8	3520	3521
P120,9	3522	3523
P31,12	3524	3524
P148,9	3525	3526
P135,10	3527	3528
P182,11	3529	3530
P154,9	3531	3532
P146,12	3533	3533
P84,11	3534	3534
P47,12	3535	3536
P51,11	3537	3538
P128,9	3539	3540
P168,10	3541	3542
P167,10	3543	3544
P109,10	3545	3546
P73,11	3547	3548
P68,10	3549	3549
P108,9	3550	3551
P112,11	3552	3553
P127,9	3554	3555
P193,9	3556	3556
P88,11	3557	3558
P176,11	3559	3560
P47,12	3561	3562
P79,9	3563	3563
P119,12	3564	3565
P162,9	3566	3567
P96,10	3568	3569
P53,12	3570	3571
P109,10	3572	3573
P73,11	3574	3574
P112,11	3575	3575
P120,9	3576	3576
P199,9	3577	3578
P128,10	3579	3580
P176,11	3581	3581
P119,12	3582	3583
P158,10	3584	3585
P53,12	3586	3587
P26,12	3588	3589
P79,10	3590	3590
P128,10	3591	3592
P182,11	3593	3594
P193,10	3595	3596
P108,10	3597	3597
P47,12	3598	3599
P162,9	3600	3601
P26,12	3602	3603
P118,12	3604	3605
P84,12	3606	3607
P135,11	3608	3609
P127,10	3610	3611
P168,11	3612	3613
P119,12	3614	3615
P95,11	3616	3617
P84,12	3618	3619
P135,11	3620	3620
P128,10	3621	3621
P88,12	3622	3623
P167,11	3624	3625
P73,12	3626	3627
P193,10	3628	3628
P79,11	3629	3630
P167,11	3631	3631
P73,12	3632	3633
P172,12	3634	3634
P73,12	3635	3635
P96,11	3642	3645
P96,11	3648	3648
P128,11	3653	3658
P162,10	3659	3660
P79,12	3675	3676
P108,12	3677	3680
P109,12	3681	3683
P154,12	3700	3700
