CPU0
P1,1	0	2
P2,1	3	6
P3,1	7	10
P4,1	11	14
P2,1	15	17
P5,1	18	21
P3,1	22	23
P6,1	24	27
P4,1	28	29
P7,1	30	30
P5,1	31	33
P8,1	34	35
P9,1	36	36
P10,1	37	38
P6,1	39	41
P1,2	42	43
P11,1	44	46
P12,1	47	50
P13,1	51	54
P14,1	55	55
P15,1	56	57
P16,1	58	58
P17,1	59	62
P2,2	63	66
P18,1	67	69
P19,1	70	70
P12,1	71	74
P20,1	75	78
P13,1	79	79
P21,1	80	83
P4,2	84	85
P8,2	86	88
P22,1	89	92
P7,2	93	95
P17,1	96	98
P23,1	99	102
P24,1	103	106
P1,3	107	108
P25,1	109	112
P5,2	113	114
P26,1	115	118
P3,2	119	122
P27,1	123	126
P10,2	127	130
P28,1	131	132
P21,1	133	136
P14,2	137	137
P29,1	138	141
P30,1	142	144
P31,1	145	148
P9,2	149	152
P15,2	153	156
P16,2	157	160
P32,1	161	164
P6,2	165	165
P33,1	166	169
P34,1	170	173
P11,2	174	174
P18,2	175	178
P13,2	179	182
P35,1	183	186
P24,1	187	188
P36,1	189	189
P12,2	190	193
P37,1	194	196
P38,1	197	197
P26,1	198	199
P2,3	200	202
P39,1	203	206
P17,2	207	210
P3,2	211	211
P40,1	212	215
P41,1	216	219
P42,1	220	223
P22,2	224	227
P27,1	228	229
P43,1	230	233
P19,2	234	235
P44,1	236	237
P20,2	238	239
P45,1	240	243
P8,3	244	247
P46,1	248	251
P47,1	252	255
P4,3	256	259
P23,2	260	263
P48,1	264	265
P49,1	266	267
P50,1	268	268
P7,3	269	272
P51,1	273	276
P25,2	277	280
P9,2	281	284
P52,1	285	287
P15,2	288	289
P1,4	290	293
P28,2	294	297
P53,1	298	298
P16,2	299	299
P5,3	300	301
P10,3	302	302
P32,1	303	304
P54,1	305	308
P55,1	309	312
P56,1	313	316
P33,1	317	319
P30,2	320	322
P34,1	323	326
P57,1	327	329
P29,2	330	333
P18,2	334	335
P58,1	336	336
P59,1	337	340
P60,1	341	342
P35,1	343	346
P61,1	347	350
P21,2	351	351
P62,1	352	355
P6,3	356	359
P63,1	360	361
P31,2	362	365
P12,2	366	366
P14,3	367	370
P64,1	371	372
P65,1	373	376
P11,3	377	380
P66,1	381	383
P67,1	384	387
P68,1	388	391
P39,1	392	393
P69,1	394	395
P17,2	396	398
P70,1	399	402
P37,2	403	404
P41,1	405	408
P71,1	409	412
P42,1	413	415
P72,1	416	419
P38,2	420	420
P36,2	421	424
P22,2	425	426
P73,1	427	430
P74,1	431	434
P75,1	435	438
P76,1	439	442
P13,3	443	446
P3,3	447	450
P77,1	451	454
P43,1	455	455
P78,1	456	459
P79,1	460	463
P40,2	464	467
P45,1	468	471
P80,1	472	474
P24,2	475	476
P46,1	477	478
P81,1	479	482
P26,2	483	486
P2,4	487	490
P82,1	491	492
P83,1	493	495
P84,1	496	499
P85,1	500	501
P23,2	502	503
P20,3	504	507
P86,1	508	511
P87,1	512	513
P44,2	514	517
P88,1	518	521
P51,1	522	522
P27,2	523	526
P89,1	527	527
P90,1	528	528
P19,3	529	532
P91,1	533	536
P1,4	537	537
P92,1	538	541
P8,4	542	545
P49,2	546	549
P28,2	550	553
P93,1	554	557
P94,1	558	558
P95,1	559	562
P96,1	563	566
P97,1	567	568
P98,1	569	572
P48,2	573	576
P99,1	577	580
P4,4	581	584
P54,1	585	586
P100,1	587	587
P47,2	588	591
P55,1	592	593
P101,1	594	595
P56,1	596	598
P102,1	599	599
P7,4	600	600
P103,1	601	603
P50,2	604	604
P104,1	605	608
P105,1	609	612
P106,1	613	616
P9,3	617	620
P107,1	621	624
P108,1	625	628
P52,2	629	629
P109,1	630	633
P29,2	634	637
P53,2	638	641
P16,3	642	644
P25,3	645	647
P110,1	648	651
P111,1	652	655
P15,3	656	659
P32,2	660	663
P112,1	664	667
P5,4	668	670
P113,1	671	673
P114,1	674	677
P61,1	678	680
P115,1	681	684
P10,4	685	688
P62,1	689	690
P116,1	691	691
P6,3	692	695
P117,1	696	698
P31,2	699	701
P30,3	702	703
P57,2	704	704
P118,1	705	705
P14,3	706	706
P33,2	707	708
P58,2	709	711
P119,1	712	715
P120,1	716	716
P65,1	717	717
P34,2	718	721
P121,1	722	725
P11,3	726	726
P122,1	727	728
P18,3	729	732
P12,3	733	736
P123,1	737	740
P124,1	741	741
P125,1	742	745
P63,2	746	746
P126,1	747	750
P68,1	751	754
P59,2	755	756
P127,1	757	759
P35,2	760	763
P128,1	764	767
P129,1	768	771
P60,2	772	775
P70,1	776	777
P130,1	778	781
P131,1	782	782
P21,3	783	783
P132,1	784	787
P133,1	788	789
P134,1	790	793
P64,2	794	795
P71,1	796	798
P135,1	799	802
P136,1	803	806
P137,1	807	810
P138,1	811	813
P72,1	814	816
P139,1	817	818
P140,1	819	822
P36,2	823	824
P67,2	825	828
P141,1	829	832
P142,1	833	836
P143,1	837	840
P73,1	841	841
P144,1	842	845
P145,1	846	849
P74,1	850	850
P146,1	851	851
P75,1	852	854
P66,2	855	855
P39,2	856	857
P17,3	858	861
P147,1	862	862
P42,2	863	864
P41,2	865	868
P38,3	869	872
P69,2	873	876
P148,1	877	880
P13,3	881	881
P149,1	882	885
P3,3	886	889
P150,1	890	893
P151,1	894	897
P152,1	898	901
P37,3	902	905
P77,1	906	906
P153,1	907	908
P78,1	909	911
P154,1	912	915
P155,1	916	918
P156,1	919	922
P157,1	923	923
P158,1	924	924
P159,1	925	928
P160,1	929	929
P161,1	930	933
P162,1	934	937
P22,3	938	941
P163,1	942	945
P164,1	946	949
P165,1	950	953
P2,4	954	957
P166,1	958	958
P167,1	959	962
P168,1	963	966
P169,1	967	970
P43,2	971	972
P170,1	973	973
P171,1	974	976
P172,1	977	980
P40,3	981	984
P84,1	985	985
P173,1	986	989
P76,2	990	993
P45,2	994	997
P79,2	998	1001
P174,1	1002	1005
P20,3	1006	1009
P175,1	1010	1011
P46,2	1012	1015
P176,1	1016	1019
P44,2	1020	1023
P177,1	1024	1027
P24,3	1028	1031
P178,1	1032	1035
P80,2	1036	1039
P81,2	1040	1043
P179,1	1044	1044
P180,1	1045	1048
P27,2	1049	1050
P181,1	1051	1054
P182,1	1055	1058
P183,1	1059	1062
P184,1	1063	1066
P83,2	1067	1070
P82,2	1071	1074
P19,3	1075	1078
P185,1	1079	1079
P85,2	1080	1083
P186,1	1084	1085
P91,1	1086	1088
P26,3	1089	1092
P187,1	1093	1096
P86,2	1097	1099
P92,1	1100	1101
P188,1	1102	1105
P8,4	1106	1108
P189,1	1109	1112
P190,1	1113	1116
P88,2	1117	1117
P49,2	1118	1120
P90,2	1121	1124
P89,2	1125	1128
P191,1	1129	1132
P51,2	1133	1135
P192,1	1136	1137
P87,2	1138	1141
P93,1	1142	1144
P23,3	1145	1147
P193,1	1148	1151
P194,1	1152	1155
P195,1	1156	1159
P95,1	1160	1163
P196,1	1164	1165
P197,1	1166	1169
P96,1	1170	1172
P198,1	1173	1176
P199,1	1177	1180
P200,1	1181	1184
P98,1	1185	1185
P28,3	1186	1189
P99,1	1190	1193
P1,5	1194	1197
P4,4	1198	1199
P104,1	1200	1203
P94,2	1204	1207
P106,1	1208	1209
P48,3	1210	1213
P9,3	1214	1215
P97,2	1216	1216
P107,1	1217	1217
P47,3	1218	1221
P7,5	1222	1222
P109,1	1223	1226
P100,2	1227	1230
P54,2	1231	1231
P56,2	1232	1235
P103,2	1236	1239
P101,2	1240	1243
P50,3	1244	1246
P53,2	1247	1247
P55,2	1248	1248
P102,2	1249	1252
P105,2	1253	1256
P111,1	1257	1259
P32,2	1260	1263
P108,2	1264	1267
P114,1	1268	1271
P115,1	1272	1273
P110,2	1274	1277
P52,3	1278	1281
P10,4	1282	1284
P25,4	1285	1288
P29,3	1289	1290
P16,4	1291	1294
P112,2	1295	1298
P15,4	1299	1302
P62,2	1303	1306
P6,4	1307	1310
P113,2	1311	1314
P116,2	1315	1318
P117,2	1319	1322
P61,2	1323	1326
P121,1	1327	1327
P5,5	1328	1329
P31,3	1330	1332
P12,3	1333	1335
P33,3	1336	1338
P65,2	1339	1340
P123,1	1341	1342
P58,3	1343	1343
P120,2	1344	1347
P125,1	1348	1348
P11,4	1349	1352
P126,1	1353	1356
P34,3	1357	1360
P57,3	1361	1363
P122,2	1364	1367
P119,2	1368	1371
P30,4	1372	1374
P118,2	1375	1378
P14,4	1379	1379
P63,3	1380	1380
P128,1	1381	1384
P18,4	1385	1388
P129,1	1389	1389
P60,2	1390	1392
P130,1	1393	1395
P132,1	1396	1396
P127,2	1397	1400
P68,2	1401	1404
P35,3	1405	1408
P134,1	1409	1409
P124,2	1410	1413
P59,3	1414	1417
P135,1	1418	1418
P21,4	1419	1419
P136,1	1420	1422
P137,1	1423	1426
P131,2	1427	1430
P70,2	1431	1432
P133,2	1433	1436
P141,1	1437	1439
P142,1	1440	1440
P71,2	1441	1443
P64,3	1444	1446
P143,1	1447	1449
P139,2	1450	1453
P144,1	1454	1456
P140,2	1457	1459
P67,3	1460	1461
P145,1	1462	1464
P138,2	1465	1468
P41,2	1469	1471
P73,2	1472	1475
P38,3	1476	1478
P72,2	1479	1480
P69,2	1481	1483
P36,3	1484	1487
P148,1	1488	1491
P75,2	1492	1494
P146,2	1495	1497
P66,3	1498	1501
P149,1	1502	1503
P39,3	1504	1504
P74,2	1505	1506
P150,1	1507	1508
P42,3	1509	1512
P152,1	1513	1515
P37,3	1516	1516
P17,4	1517	1520
P147,2	1521	1524
P154,1	1525	1526
P3,4	1527	1530
P156,1	1531	1533
P159,1	1534	1537
P78,2	1538	1538
P13,4	1539	1541
P151,2	1542	1545
P162,1	1546	1548
P22,3	1549	1549
P163,1	1550	1552
P164,1	1553	1553
P77,2	1554	1557
P155,2	1558	1561
P157,2	1562	1565
P167,1	1566	1569
P160,2	1570	1571
P153,2	1572	1574
P168,1	1575	1577
P169,1	1578	1581
P161,2	1582	1584
P158,2	1585	1588
P172,1	1589	1590
P166,2	1591	1594
P165,2	1595	1596
P76,2	1597	1599
P45,2	1600	1602
P79,2	1603	1604
P43,3	1605	1606
P170,2	1607	1610
P2,5	1611	1614
P46,2	1615	1615
P176,1	1616	1617
P84,2	1618	1621
P173,2	1622	1624
P24,3	1625	1628
P171,2	1629	1632
P178,1	1633	1634
P174,2	1635	1637
P40,4	1638	1641
P80,2	1642	1642
P81,2	1643	1644
P180,1	1645	1648
P177,2	1649	1652
P20,4	1653	1656
P181,1	1657	1660
P175,2	1661	1664
P182,1	1665	1666
P183,1	1667	1669
P184,1	1670	1672
P83,2	1673	1674
P179,2	1675	1678
P44,3	1679	1682
P82,2	1683	1684
P27,3	1685	1688
P26,3	1689	1689
P187,1	1690	1692
P188,1	1693	1694
P189,1	1695	1697
P91,2	1698	1701
P190,1	1702	1705
P186,2	1706	1709
P90,2	1710	1713
P92,2	1714	1715
P85,3	1716	1719
P19,4	1720	1723
P185,2	1724	1727
P8,5	1728	1729
P86,3	1730	1732
P193,1	1733	1735
P88,3	1736	1739
P194,1	1740	1743
P191,2	1744	1747
P195,1	1748	1750
P51,3	1751	1754
P49,3	1755	1758
P87,3	1759	1762
P89,3	1763	1766
P198,1	1767	1767
P192,2	1768	1768
P93,2	1769	1771
P200,1	1772	1772
P1,5	1773	1774
P196,2	1775	1776
P197,2	1777	1780
P23,4	1781	1784
P96,2	1785	1788
P94,2	1789	1790
P199,2	1791	1794
P48,3	1795	1797
P28,4	1798	1801
P95,2	1802	1805
P104,2	1806	1807
P99,2	1808	1811
P100,2	1812	1815
P98,2	1816	1819
P107,2	1820	1823
P109,2	1824	1827
P7,6	1828	1829
P106,2	1830	1833
P102,2	1834	1835
P4,5	1836	1839
P105,2	1840	1840
P47,4	1841	1844
P9,4	1845	1848
P108,2	1849	1849
P50,4	1850	1853
P55,3	1854	1857
P97,3	1858	1858
P54,3	1859	1862
P52,3	1863	1864
P56,3	1865	1868
P25,4	1869	1870
P103,3	1871	1874
P53,3	1875	1877
P16,4	1878	1880
P101,3	1881	1883
P15,4	1884	1885
P114,2	1886	1889
P62,2	1890	1893
P111,2	1894	1897
P32,3	1898	1901
P113,2	1902	1902
P116,2	1903	1905
P115,2	1906	1909
P117,2	1910	1913
P110,3	1914	1917
P61,2	1918	1918
P10,5	1919	1922
P29,4	1923	1926
P112,3	1927	1930
P120,2	1931	1933
P11,4	1934	1934
P5,6	1935	1935
P34,3	1936	1938
P123,2	1939	1942
P121,2	1943	1944
P12,4	1945	1948
P122,2	1949	1949
P6,5	1950	1952
P58,4	1953	1956
P125,2	1957	1960
P118,2	1961	1964
P31,4	1965	1968
P126,2	1969	1970
P33,4	1971	1974
P18,4	1975	1978
P119,3	1979	1982
P65,3	1983	1986
P127,2	1987	1990
P57,4	1991	1993
P68,2	1994	1994
P35,3	1995	1997
P14,5	1998	2001
P124,2	2002	2004
P132,2	2005	2008
P30,5	2009	2012
P63,4	2013	2016
P129,2	2017	2020
P60,3	2021	2024
P128,2	2025	2027
P133,2	2028	2031
P134,2	2032	2033
P139,2	2034	2036
P130,2	2037	2040
P135,2	2041	2042
P70,3	2043	2046
P21,5	2047	2050
P137,2	2051	2051
P131,3	2052	2055
P71,3	2056	2059
P59,4	2060	2063
P141,2	2064	2065
P73,2	2066	2066
P142,2	2067	2067
P136,2	2068	2069
P36,3	2070	2070
P64,4	2071	2074
P143,2	2075	2078
P66,3	2079	2082
P145,2	2083	2085
P138,3	2086	2089
P140,3	2090	2093
P67,4	2094	2095
P38,4	2096	2099
P72,3	2100	2102
P42,3	2103	2104
P41,3	2105	2106
P69,3	2107	2110
P144,2	2111	2113
P147,2	2114	2117
P148,2	2118	2121
P75,3	2122	2122
P149,2	2123	2126
P152,2	2127	2130
P151,2	2131	2134
P74,3	2135	2138
P150,2	2139	2139
P154,2	2140	2143
P146,3	2144	2147
P39,4	2148	2151
P78,3	2152	2155
P155,2	2156	2157
P37,4	2158	2158
P157,2	2159	2160
P162,2	2161	2164
P156,2	2165	2168
P17,5	2169	2172
P13,5	2173	2174
P158,2	2175	2176
P3,5	2177	2180
P159,2	2181	2184
P164,2	2185	2188
P166,2	2189	2190
P22,4	2191	2193
P163,2	2194	2197
P161,3	2198	2201
P172,2	2202	2205
P169,2	2206	2207
P77,3	2208	2211
P2,5	2212	2212
P84,2	2213	2216
P167,2	2217	2218
P168,2	2219	2220
P153,3	2221	2223
P160,3	2224	2227
P76,3	2228	2229
P165,3	2230	2232
P79,3	2233	2236
P40,4	2237	2240
P45,3	2241	2242
P46,3	2243	2246
P170,3	2247	2250
P173,3	2251	2251
P176,2	2252	2252
P174,3	2253	2256
P175,2	2257	2258
P43,4	2259	2262
P24,4	2263	2265
P177,3	2266	2269
P179,2	2270	2273
P171,3	2274	2277
P180,2	2278	2281
P20,5	2282	2282
P178,2	2283	2286
P183,2	2287	2290
P80,3	2291	2294
P181,2	2295	2298
P184,2	2299	2302
P81,3	2303	2306
P44,4	2307	2310
P182,2	2311	2314
P82,3	2315	2315
P187,2	2316	2319
P27,4	2320	2323
P26,4	2324	2327
P188,2	2328	2331
P185,2	2332	2335
P189,2	2336	2336
P83,3	2337	2340
P91,3	2341	2342
P190,2	2343	2346
P88,3	2347	2350
P92,3	2351	2354
P191,2	2355	2358
P186,3	2359	2362
P51,3	2363	2365
P49,3	2366	2368
P87,3	2369	2372
P90,3	2373	2375
P85,4	2376	2377
P8,6	2378	2381
P19,5	2382	2385
P86,4	2386	2389
P194,2	2390	2391
P197,2	2392	2394
P193,2	2395	2398
P96,2	2399	2400
P200,2	2401	2404
P199,2	2405	2406
P192,3	2407	2409
P28,4	2410	2411
P195,2	2412	2415
P95,2	2416	2419
P89,4	2420	2423
P198,2	2424	2426
P196,3	2427	2430
P98,2	2431	2431
P93,3	2432	2435
P1,6	2436	2439
P109,2	2440	2440
P23,5	2441	2444
P104,3	2445	2448
P94,3	2449	2452
P4,5	2453	2455
P100,3	2456	2459
P9,4	2460	2460
P107,3	2461	2464
P50,4	2465	2467
P48,4	2468	2471
P7,7	2472	2474
P55,3	2475	2478
P99,3	2479	2481
P56,3	2482	2482
P105,3	2483	2483
P108,3	2484	2484
P54,4	2485	2488
P102,3	2489	2492
P114,2	2493	2496
P106,3	2497	2499
P47,5	2500	2503
P32,3	2504	2507
P25,5	2508	2511
P97,4	2512	2515
P115,2	2516	2516
P52,4	2517	2520
P53,4	2521	2524
P110,3	2525	2526
P103,4	2527	2530
P10,5	2531	2531
P111,3	2532	2533
P29,4	2534	2537
P15,5	2538	2539
P116,3	2540	2543
P16,5	2544	2544
P101,4	2545	2548
P62,3	2549	2549
P113,3	2550	2551
P123,2	2552	2552
P12,4	2553	2555
P112,4	2556	2559
P58,4	2560	2562
P125,2	2563	2566
P117,3	2567	2570
P120,3	2571	2574
P11,5	2575	2578
P31,4	2579	2579
P61,3	2580	2582
P33,4	2583	2586
P34,4	2587	2588
P119,3	2589	2591
P5,7	2592	2595
P121,3	2596	2596
P122,3	2597	2600
P126,3	2601	2604
P14,5	2605	2608
P118,3	2609	2612
P132,2	2613	2615
P30,5	2616	2618
P18,5	2619	2622
P129,2	2623	2623
P127,3	2624	2627
P60,3	2628	2629
P65,4	2630	2631
P57,5	2632	2635
P130,2	2636	2639
P68,3	2640	2640
P35,4	2641	2641
P70,3	2642	2645
P124,3	2646	2649
P131,3	2650	2650
P63,5	2651	2652
P128,3	2653	2656
P135,3	2657	2658
P64,4	2659	2661
P134,3	2662	2663
P143,2	2664	2667
P133,3	2668	2668
P137,3	2669	2672
P138,3	2673	2673
P141,3	2674	2675
P140,3	2676	2678
P71,4	2679	2682
P139,3	2683	2684
P73,3	2685	2687
P38,4	2688	2689
P142,3	2690	2692
P21,6	2693	2696
P136,3	2697	2697
P69,3	2698	2698
P59,5	2699	2702
P145,3	2703	2706
P66,4	2707	2707
P148,2	2708	2708
P149,2	2709	2711
P42,4	2712	2712
P36,4	2713	2714
P152,2	2715	2718
P67,5	2719	2722
P74,3	2723	2726
P72,4	2727	2730
P154,2	2731	2733
P75,4	2734	2737
P146,3	2738	2738
P144,3	2739	2742
P147,3	2743	2746
P78,3	2747	2748
P41,4	2749	2750
P162,2	2751	2754
P17,5	2755	2755
P151,3	2756	2759
P159,2	2760	2762
P155,3	2763	2766
P39,5	2767	2767
P164,2	2768	2768
P157,3	2769	2772
P37,5	2773	2774
P150,3	2775	2778
P156,3	2779	2782
P161,3	2783	2785
P172,2	2786	2788
P158,3	2789	2792
P77,3	2793	2795
P22,5	2796	2796
P3,6	2797	2800
P160,3	2801	2802
P166,3	2803	2804
P13,6	2805	2808
P169,3	2809	2812
P79,3	2813	2815
P84,3	2816	2819
P46,3	2820	2823
P2,6	2824	2826
P170,3	2827	2828
P163,3	2829	2831
P168,3	2832	2833
P174,3	2834	2836
P167,3	2837	2840
P43,4	2841	2844
P45,4	2845	2848
P177,3	2849	2849
P173,4	2850	2853
P76,4	2854	2857
P153,4	2858	2861
P180,2	2862	2863
P176,3	2864	2867
P178,2	2868	2870
P165,4	2871	2872
P183,2	2873	2876
P40,5	2877	2879
P181,2	2880	2882
P171,4	2883	2886
P175,3	2887	2888
P184,2	2889	2890
P44,4	2891	2894
P182,2	2895	2898
P187,2	2899	2900
P24,5	2901	2901
P179,3	2902	2903
P27,4	2904	2906
P26,4	2907	2910
P188,2	2911	2914
P83,3	2915	2915
P81,4	2916	2919
P20,6	2920	2922
P190,2	2923	2926
P80,4	2927	2930
P92,3	2931	2933
P189,3	2934	2937
P185,3	2938	2940
P91,4	2941	2944
P186,3	2945	2945
P82,4	2946	2949
P8,6	2950	2951
P51,4	2952	2953
P88,4	2954	2957
P49,4	2958	2961
P87,4	2962	2965
P193,2	2966	2966
P200,2	2967	2968
P191,3	2969	2970
P90,4	2971	2974
P195,2	2975	2975
P197,3	2976	2977
P194,3	2978	2981
P96,3	2982	2985
P89,4	2986	2989
P19,6	2990	2993
P196,3	2994	2997
P85,5	2998	2999
P93,3	3000	3001
P1,6	3002	3003
P23,5	3004	3006
P86,5	3007	3010
P198,3	3011	3014
P104,3	3015	3015
P28,5	3016	3019
P94,3	3020	3022
P100,3	3023	3025
P199,3	3026	3029
P107,3	3030	3033
P192,4	3034	3037
P98,3	3038	3040
P95,3	3041	3044
P109,3	3045	3048
P4,6	3049	3052
P54,4	3053	3056
P9,5	3057	3057
P48,5	3058	3061
P102,3	3062	3065
P47,5	3066	3066
P50,5	3067	3067
P56,4	3068	3068
P108,4	3069	3072
P25,5	3073	3075
P97,4	3076	3077
P7,8	3078	3078
P52,4	3079	3080
P53,4	3081	3084
P99,4	3085	3088
P55,4	3089	3092
P105,4	3093	3096
P114,3	3097	3100
P106,4	3101	3104
P32,4	3105	3108
P101,4	3109	3111
P112,4	3112	3115
P110,4	3116	3119
P117,3	3120	3120
P15,6	3121	3122
P10,6	3123	3126
P115,3	3127	3130
P120,3	3131	3133
P62,4	3134	3137
P12,5	3138	3140
P29,5	3141	3141
P16,6	3142	3143
P103,5	3144	3147
P125,3	3148	3151
P123,3	3152	3154
P116,4	3155	3158
P111,4	3159	3160
P58,5	3161	3164
P122,3	3165	3167
P113,4	3168	3169
P126,3	3170	3172
P11,6	3173	3176
P33,5	3177	3177
P61,4	3178	3181
P118,3	3182	3184
P31,5	3185	3188
P18,5	3189	3189
P119,4	3190	3190
P127,3	3191	3191
P121,4	3192	3192
P57,5	3193	3196
P5,8	3197	3199
P34,5	3200	3201
P14,6	3202	3203
P30,6	3204	3207
P128,3	3208	3210
P35,5	3211	3213
P68,4	3214	3217
P65,5	3218	3221
P132,3	3222	3223
P129,3	3224	3227
P124,4	3228	3231
P70,4	3232	3235
P131,4	3236	3239
P71,4	3240	3242
P63,6	3243	3246
P130,3	3247	3247
P60,4	3248	3251
P143,3	3252	3255
P21,6	3256	3257
P137,4	3258	3261
P133,4	3262	3265
P59,5	3266	3267
P145,3	3268	3271
P135,4	3272	3275
P38,5	3276	3278
P134,4	3279	3280
P138,4	3281	3284
P141,4	3285	3288
P140,4	3289	3289
P64,5	3290	3293
P67,5	3294	3295
P72,4	3296	3298
P139,4	3299	3302
P142,4	3303	3305
P75,4	3306	3307
P144,3	3308	3310
P73,4	3311	3314
P69,4	3315	3318
P147,3	3319	3321
P148,3	3322	3324
P152,3	3325	3328
P66,5	3329	3332
P136,4	3333	3334
P42,5	3335	3336
P74,4	3337	3339
P149,3	3340	3343
P155,3	3344	3346
P157,3	3347	3347
P150,3	3348	3350
P146,4	3351	3354
P162,3	3355	3358
P159,3	3359	3361
P154,3	3362	3365
P78,4	3366	3369
P158,3	3370	3372
P3,6	3373	3375
P17,6	3376	3379
P39,6	3380	3383
P13,6	3384	3387
P37,6	3388	3391
P169,3	3392	3393
P151,4	3394	3397
P164,3	3398	3401
P77,4	3402	3405
P84,3	3406	3406
P161,4	3407	3409
P156,4	3410	3413
P79,4	3414	3415
P160,4	3416	3419
P167,3	3420	3420
P46,4	3421	3424
P172,3	3425	3425
P45,4	3426	3429
P2,7	3430	3433
P173,4	3434	3434
P168,4	3435	3438
P166,4	3439	3442
P174,4	3443	3446
P170,4	3447	3448
P177,4	3449	3452
P171,4	3453	3453
P163,4	3454	3457
P180,3	3458	3461
P165,5	3462	3462
P153,5	3463	3466
P76,5	3467	3467
P178,3	3468	3471
P183,3	3472	3474
P175,4	3475	3475
P176,4	3476	3479
P44,5	3480	3482
P181,3	3483	3485
P182,3	3486	3488
P80,4	3489	3490
P188,3	3491	3491
P40,6	3492	3493
P187,3	3494	3497
P91,4	3498	3499
P184,3	3500	3503
P24,6	3504	3507
P27,5	3508	3511
P81,5	3512	3512
P20,7	3513	3513
P26,5	3514	3514
P83,4	3515	3516
P189,4	3517	3520
P179,4	3521	3521
P190,3	3522	3523
P87,4	3524	3525
P186,4	3526	3529
P185,4	3530	3533
P90,4	3534	3536
P8,7	3537	3538
P96,3	3539	3540
P92,4	3541	3543
P88,5	3544	3547
P200,3	3548	3551
P19,6	3552	3552
P49,5	3553	3553
P51,5	3554	3557
P82,5	3558	3561
P195,3	3562	3562
P193,3	3563	3566
P197,4	3567	3570
P89,5	3571	3571
P28,5	3572	3572
P191,4	3573	3576
P196,4	3577	3580
P93,4	3581	3584
P199,3	3585	3588
P85,6	3589	3590
P198,4	3591	3593
P23,6	3594	3596
P192,4	3597	3599
P194,4	3600	3603
P95,3	3604	3604
P1,7	3605	3608
P109,3	3609	3611
P4,6	3612	3615
P104,4	3616	3619
P107,4	3620	3623
P86,6	3624	3627
P94,4	3628	3631
P108,4	3632	3634
P100,4	3635	3638
P99,4	3639	3642
P48,6	3643	3646
P55,4	3647	3647
P98,4	3648	3651
P102,4	3652	3653
P114,3	3654	3656
P106,4	3657	3658
P50,6	3659	3662
P32,4	3663	3665
P9,6	3666	3666
P54,5	3667	3670
P97,5	3671	3674
P47,6	3675	3676
P110,4	3677	3680
P25,6	3681	3682
P56,5	3683	3686
P52,5	3687	3688
P115,3	3689	3691
P62,4	3692	3694
P53,5	3695	3698
P105,5	3699	3702
P101,5	3703	3706
P117,4	3707	3709
P15,7	3710	3713
P103,5	3714	3715
P10,7	3716	3719
P112,5	3720	3720
P58,5	3721	3723
P125,4	3724	3727
P11,6	3728	3731
P29,6	3732	3732
P111,5	3733	3736
P120,4	3737	3740
P31,5	3741	3743
P113,5	3744	3747
P16,7	3748	3749
P116,5	3750	3753
P12,6	3754	3757
P123,4	3758	3761
P118,4	3762	3765
P30,6	3766	3769
P33,6	3770	3772
P122,4	3773	3774
P126,4	3775	3775
P119,5	3776	3779
P68,4	3780	3783
P57,6	3784	3785
P18,6	3786	3789
P61,5	3790	3792
P129,3	3793	3795
P14,7	3796	3799
P124,4	3800	3800
P121,5	3801	3801
P70,4	3802	3802
P35,6	3803	3806
P131,4	3807	3808
P128,4	3809	3812
P127,4	3813	3815
P5,9	3816	3818
P132,4	3819	3822
P63,6	3823	3826
P60,4	3827	3829
P143,3	3830	3833
P137,4	3834	3837
P133,4	3838	3840
P65,6	3841	3844
P135,4	3845	3848
P138,4	3849	3850
P130,4	3851	3854
P141,4	3855	3857
P71,5	3858	3861
P59,6	3862	3865
P139,4	3866	3866
P134,5	3867	3870
P73,4	3871	3872
P72,5	3873	3876
P64,6	3877	3878
P145,4	3879	3882
P152,3	3883	3884
P66,5	3885	3886
P140,5	3887	3889
P149,3	3890	3890
P67,6	3891	3892
P75,5	3893	3896
P144,4	3897	3900
P142,5	3901	3901
P146,4	3902	3905
P162,3	3906	3907
P74,5	3908	3910
P154,3	3911	3911
P147,4	3912	3915
P136,5	3916	3917
P78,4	3918	3921
P69,5	3922	3925
P155,4	3926	3926
P148,4	3927	3930
P157,4	3931	3934
P17,6	3935	3935
P39,6	3936	3939
P37,6	3940	3941
P151,4	3942	3943
P150,4	3944	3944
P164,3	3945	3945
P77,4	3946	3946
P159,4	3947	3949
P156,4	3950	3952
P158,4	3953	3956
P160,4	3957	3959
P46,4	3960	3962
P2,7	3963	3965
P3,7	3966	3967
P13,7	3968	3968
P168,4	3969	3970
P166,4	3971	3973
P174,4	3974	3974
P169,4	3975	3975
P45,5	3976	3979
P173,5	3980	3983
P163,4	3984	3984
P84,4	3985	3985
P161,5	3986	3989
P153,5	3990	3990
P79,5	3991	3994
P178,3	3995	3996
P172,4	3997	4000
P167,4	4001	4003
P170,5	4004	4007
P180,4	4008	4011
P187,3	4012	4015
P184,3	4016	4016
P171,5	4017	4020
P177,5	4021	4022
P27,5	4023	4023
P165,6	4024	4027
P183,4	4028	4031
P189,4	4032	4035
P80,5	4036	4039
P175,5	4040	4042
P186,4	4043	4044
P40,7	4045	4048
P176,5	4049	4052
P185,4	4053	4053
P182,4	4054	4054
P24,7	4055	4058
P181,4	4059	4062
P91,5	4063	4066
P190,4	4067	4070
P188,4	4071	4074
P88,5	4075	4077
P87,5	4078	4081
P200,3	4082	4082
P81,6	4083	4086
P51,5	4087	4089
P26,6	4090	4093
P82,5	4094	4094
P90,5	4095	4098
P20,8	4099	4099
P193,3	4100	4101
P83,5	4102	4105
P191,4	4106	4107
P196,4	4108	4108
P96,4	4109	4112
P93,4	4113	4115
P8,8	4116	4119
P92,5	4120	4122
P194,4	4123	4123
P19,7	4124	4127
P195,4	4128	4128
P1,7	4129	4131
P49,6	4132	4135
P199,4	4136	4139
P197,5	4140	4140
P192,5	4141	4144
P107,4	4145	4148
P28,6	4149	4152
P95,4	4153	4156
P23,7	4157	4158
P86,6	4159	4159
P94,4	4160	4160
P100,4	4161	4164
P198,5	4165	4168
P85,7	4169	4170
P48,6	4171	4172
P104,5	4173	4176
P98,4	4177	4178
P109,4	4179	4182
P50,6	4183	4185
P4,7	4186	4187
P99,5	4188	4188
P54,5	4189	4190
P97,5	4191	4193
P56,5	4194	4195
P108,5	4196	4199
P55,5	4200	4203
P114,4	4204	4207
P102,5	4208	4209
P53,5	4210	4210
P9,7	4211	4214
P106,5	4215	4218
P105,5	4219	4222
P47,7	4223	4226
P101,5	4227	4230
P32,5	4231	4231
P15,7	4232	4235
P110,5	4236	4237
P125,4	4238	4239
P25,7	4240	4242
P115,4	4243	4246
P52,6	4247	4250
P111,5	4251	4253
P103,6	4254	4254
P62,5	4255	4256
P10,8	4257	4259
P113,5	4260	4263
P116,5	4264	4267
P12,6	4268	4270
P120,5	4271	4274
P118,4	4275	4275
P117,5	4276	4278
P58,6	4279	4282
P112,6	4283	4286
P11,7	4287	4288
P16,8	4289	4292
P29,7	4293	4296
P18,6	4297	4299
P31,6	4300	4303
P122,5	4304	4305
P14,7	4306	4308
P35,6	4309	4310
P123,5	4311	4314
P128,4	4315	4316
P30,7	4317	4319
P33,7	4320	4323
P57,7	4324	4326
P126,5	4327	4330
P129,4	4331	4333
P132,4	4334	4334
P70,5	4335	4336
P119,6	4337	4339
P68,5	4340	4341
P61,6	4342	4345
P127,5	4346	4349
P124,5	4350	4353
P121,6	4354	4357
P131,5	4358	4361
P130,4	4362	4364
P5,10	4365	4366
P133,5	4367	4368
P59,6	4369	4370
P134,5	4371	4372
P143,4	4373	4376
P72,5	4377	4380
P137,5	4381	4382
P145,4	4383	4386
P141,5	4387	4387
P63,7	4388	4391
P60,5	4392	4394
P75,5	4395	4396
P135,5	4397	4400
P144,4	4401	4401
P73,5	4402	4405
P138,5	4406	4409
P139,5	4410	4411
P147,4	4412	4414
P149,4	4415	4415
P69,5	4416	4418
P162,4	4419	4422
P74,6	4423	4424
P148,4	4425	4428
P66,6	4429	4430
P140,6	4431	4433
P64,7	4434	4437
P154,4	4438	4441
P152,4	4442	4445
P142,6	4446	4449
P158,4	4450	4453
P136,6	4454	4457
P146,5	4458	4459
P78,5	4460	4460
P157,5	4461	4461
P151,5	4462	4465
P156,5	4466	4466
P155,5	4467	4470
P159,5	4471	4471
P160,5	4472	4475
P45,5	4476	4477
P173,5	4478	4478
P37,7	4479	4482
P150,5	4483	4486
P77,5	4487	4490
P2,8	4491	4494
P161,5	4495	4495
P164,4	4496	4499
P46,5	4500	4503
P79,5	4504	4507
P39,7	4508	4508
P3,8	4509	4512
P168,5	4513	4515
P174,5	4516	4516
P171,5	4517	4520
P178,4	4521	4524
P165,6	4525	4527
P166,5	4528	4531
P84,5	4532	4532
P153,6	4533	4534
P183,4	4535	4538
P163,5	4539	4542
P80,5	4543	4546
P180,5	4547	4549
P40,7	4550	4551
P187,4	4552	4555
P184,4	4556	4559
P176,5	4560	4560
P167,5	4561	4564
P172,5	4565	4568
P170,6	4569	4572
P177,6	4573	4576
P181,4	4577	4579
P186,5	4580	4583
P188,4	4584	4587
P87,5	4588	4588
P185,5	4589	4592
P175,6	4593	4596
P26,6	4597	4600
P24,8	4601	4604
P91,6	4605	4608
P90,5	4609	4610
P88,6	4611	4614
P83,5	4615	4617
P182,5	4618	4621
P190,5	4622	4622
P96,4	4623	4624
P8,8	4625	4625
P81,7	4626	4627
P20,9	4628	4631
P19,7	4632	4633
P200,4	4634	4637
P51,6	4638	4641
P191,5	4642	4643
P49,6	4644	4644
P199,4	4645	4646
P192,5	4647	4650
P82,6	4651	4654
P195,5	4655	4656
P28,6	4657	4657
P193,4	4658	4661
P93,5	4662	4665
P198,5	4666	4666
P104,5	4667	4669
P94,5	4670	4672
P86,7	4673	4676
P85,8	4677	4680
P23,8	4681	4681
P98,5	4682	4684
P108,5	4685	4687
P48,7	4688	4689
P107,5	4690	4693
P114,4	4694	4697
P95,5	4698	4701
P100,5	4702	4705
P9,7	4706	4707
P106,5	4708	4709
P47,7	4710	4712
P109,5	4713	4716
P50,7	4717	4718
P115,4	4719	4721
P105,6	4722	4722
P55,6	4723	4726
P102,6	4727	4730
P52,6	4731	4731
P53,6	4732	4733
P125,5	4734	4734
P101,6	4735	4738
P120,5	4739	4740
P103,7	4741	4744
P58,6	4745	4745
P62,6	4746	4746
P113,6	4747	4750
P112,6	4751	4752
P25,8	4753	4756
P110,6	4757	4759
P16,8	4760	4762
P29,7	4763	4766
P111,6	4767	4767
P118,5	4768	4768
P116,6	4769	4770
P10,9	4771	4773
P123,5	4774	4776
P117,6	4777	4779
P11,8	4780	4782
P33,7	4783	4785
P31,7	4786	4789
P12,7	4790	4793
P126,5	4794	4796
P14,8	4797	4800
P122,6	4801	4804
P128,5	4805	4806
P61,6	4807	4809
P35,7	4810	4813
P30,8	4814	4816
P18,7	4817	4819
P121,6	4820	4820
P129,5	4821	4824
P131,5	4825	4826
P132,5	4827	4829
P57,8	4830	4830
P119,7	4831	4834
P143,4	4835	4837
P68,6	4838	4841
P70,6	4842	4845
P124,6	4846	4846
P127,6	4847	4850
P63,7	4851	4852
P5,11	4853	4856
P135,5	4857	4859
P134,6	4860	4863
P72,6	4864	4867
P73,5	4868	4868
P59,7	4869	4872
P138,5	4873	4873
P141,6	4874	4874
P133,6	4875	4875
P130,5	4876	4878
P162,4	4879	4880
P145,5	4881	4881
P75,6	4882	4883
P144,5	4884	4884
P69,6	4885	4888
P60,6	4889	4892
P137,6	4893	4896
P147,5	4897	4900
P152,4	4901	4903
P142,6	4904	4907
P149,5	4908	4911
P136,6	4912	4913
P66,7	4914	4917
P151,5	4918	4919
P155,5	4920	4923
P160,5	4924	4924
P154,5	4925	4928
P140,7	4929	4932
P64,8	4933	4935
P37,7	4936	4936
P148,5	4937	4938
P78,6	4939	4942
P150,5	4943	4944
P77,5	4945	4947
P146,6	4948	4951
P164,4	4952	4953
P158,5	4954	4955
P46,5	4956	4956
P156,6	4957	4957
P173,6	4958	4961
P3,8	4962	4965
P161,6	4966	4969
P159,6	4970	4973
P178,4	4974	4975
P45,6	4976	4979
P166,5	4980	4981
P39,8	4982	4985
P79,6	4986	4989
P174,6	4990	4993
P163,5	4994	4995
P2,9	4996	4997
P171,6	4998	4998
P187,4	4999	5002
P167,5	5003	5004
P168,6	5005	5007
P172,5	5008	5008
P170,6	5009	5010
P80,6	5011	5014
P183,5	5015	5015
P177,6	5016	5017
P165,7	5018	5021
P176,6	5022	5023
P186,5	5024	5024
P84,6	5025	5025
P185,5	5026	5029
P40,8	5030	5033
P175,6	5034	5034
P184,5	5035	5038
P24,8	5039	5041
P91,6	5042	5045
P188,5	5046	5047
P88,6	5048	5051
P181,5	5052	5055
P182,5	5056	5056
P20,9	5057	5060
P200,4	5061	5061
P51,6	5062	5065
P26,7	5066	5069
P81,8	5070	5073
P190,6	5074	5077
P82,6	5078	5081
P193,4	5082	5084
P90,6	5085	5088
P19,8	5089	5092
P93,5	5093	5095
P8,9	5096	5099
P191,6	5100	5102
P49,7	5103	5106
P86,7	5107	5110
P28,7	5111	5114
P96,5	5115	5117
P195,6	5118	5121
P107,5	5122	5124
P199,5	5125	5128
P95,5	5129	5131
P192,6	5132	5135
P94,6	5136	5139
P100,5	5140	5140
P198,6	5141	5141
P23,9	5142	5145
P85,9	5146	5149
P98,6	5150	5151
P108,6	5152	5155
P48,8	5156	5159
P55,6	5160	5160
P102,6	5161	5161
P114,5	5162	5165
P106,6	5166	5168
P9,8	5169	5170
P47,8	5171	5174
P50,8	5175	5177
P113,6	5178	5178
P109,6	5179	5179
P25,8	5180	5183
P115,5	5184	5187
P105,7	5188	5191
P120,6	5192	5195
P103,8	5196	5199
P101,7	5200	5203
P31,7	5204	5205
P53,7	5206	5207
P12,7	5208	5210
P62,7	5211	5214
P111,7	5215	5217
P14,8	5218	5218
P116,7	5219	5220
P58,7	5221	5224
P122,6	5225	5226
P118,6	5227	5227
P112,7	5228	5230
P35,7	5231	5234
P117,7	5235	5236
P129,5	5237	5239
P61,7	5240	5243
P123,6	5244	5245
P30,9	5246	5249
P33,8	5250	5252
P127,6	5253	5253
P128,6	5254	5257
P57,9	5258	5261
P5,11	5262	5263
P121,7	5264	5265
P134,6	5266	5267
P18,8	5268	5271
P131,6	5272	5275
P72,6	5276	5279
P63,8	5280	5283
P59,7	5284	5287
P119,8	5288	5291
P143,5	5292	5293
P132,6	5294	5294
P135,6	5295	5296
P70,7	5297	5300
P69,6	5301	5303
P137,6	5304	5307
P124,7	5308	5311
P68,7	5312	5315
P133,7	5316	5319
P138,6	5320	5323
P149,5	5324	5325
P141,7	5326	5326
P130,6	5327	5329
P145,6	5330	5333
P66,7	5334	5334
P73,6	5335	5336
P144,6	5337	5340
P154,5	5341	5344
P75,7	5345	5348
P140,7	5349	5351
P162,5	5352	5355
P142,7	5356	5359
P136,7	5360	5363
P78,6	5364	5364
P151,6	5365	5368
P146,6	5369	5369
P152,5	5370	5373
P147,6	5374	5377
P173,6	5378	5378
P150,6	5379	5382
P161,6	5383	5383
P159,6	5384	5387
P158,6	5388	5391
P148,6	5392	5395
P45,6	5396	5398
P164,5	5399	5399
P39,8	5400	5403
P64,9	5404	5407
P79,6	5408	5411
P37,8	5412	5415
P3,9	5416	5419
P46,6	5420	5423
P77,6	5424	5426
P80,6	5427	5428
P156,7	5429	5432
P165,7	5433	5435
P178,5	5436	5439
P163,6	5440	5443
P166,6	5444	5447
P40,8	5448	5448
P174,7	5449	5452
P184,5	5453	5453
P168,7	5454	5457
P183,6	5458	5458
P177,7	5459	5462
P186,6	5463	5464
P167,6	5465	5466
P84,7	5467	5470
P187,5	5471	5474
P172,6	5475	5478
P171,7	5479	5480
P176,7	5481	5484
P91,7	5485	5488
P185,6	5489	5490
P26,7	5491	5494
P24,9	5495	5497
P81,8	5498	5500
P88,7	5501	5504
P182,6	5505	5508
P90,6	5509	5510
P200,5	5511	5514
P19,8	5515	5517
P175,7	5518	5521
P20,10	5522	5525
P181,6	5526	5529
P8,9	5530	5531
P188,6	5532	5535
P49,7	5536	5537
P193,5	5538	5538
P28,7	5539	5540
P51,7	5541	5544
P195,6	5545	5546
P190,7	5547	5550
P199,5	5551	5554
P93,6	5555	5555
P94,6	5556	5556
P96,6	5557	5560
P23,9	5561	5561
P191,7	5562	5565
P85,9	5566	5569
P108,6	5570	5570
P86,8	5571	5572
P48,8	5573	5575
P95,6	5576	5579
P192,7	5580	5583
P107,6	5584	5587
P47,8	5588	5591
P100,6	5592	5593
P98,7	5594	5597
P115,5	5598	5598
P102,7	5599	5602
P114,6	5603	5604
P105,7	5605	5606
P120,6	5607	5607
P103,8	5608	5608
P101,7	5609	5610
P55,7	5611	5614
P9,9	5615	5616
P109,7	5617	5617
P113,7	5618	5621
P58,7	5622	5625
P106,7	5626	5626
P12,8	5627	5628
P14,9	5629	5632
P25,9	5633	5634
P61,7	5635	5637
P62,8	5638	5641
P111,8	5642	5642
P116,8	5643	5645
P30,9	5646	5649
P53,8	5650	5653
P128,6	5654	5657
P35,8	5658	5660
P31,8	5661	5664
P123,7	5665	5668
P18,8	5669	5670
P131,6	5671	5674
P127,7	5675	5678
P112,8	5679	5682
P118,7	5683	5686
P117,8	5687	5690
P129,6	5691	5692
P70,7	5693	5693
P57,10	5694	5697
P119,9	5698	5701
P124,7	5702	5703
P68,7	5704	5705
P133,7	5706	5706
P134,7	5707	5707
P72,7	5708	5711
P121,8	5712	5713
P132,7	5714	5717
P145,6	5718	5721
P69,7	5722	5723
P144,6	5724	5724
P143,6	5725	5726
P75,7	5727	5727
P135,7	5728	5730
P149,6	5731	5733
P162,5	5734	5736
P141,8	5737	5739
P142,7	5740	5743
P136,7	5744	5745
P137,7	5746	5749
P154,6	5750	5753
P151,6	5754	5756
P152,5	5757	5759
P66,8	5760	5760
P147,6	5761	5764
P150,6	5765	5765
P130,7	5766	5766
P73,7	5767	5770
P148,6	5771	5772
P78,7	5773	5775
P140,8	5776	5776
P146,7	5777	5778
P3,9	5779	5782
P46,6	5783	5784
P39,9	5785	5788
P64,10	5789	5790
P158,7	5791	5794
P161,7	5795	5798
P159,7	5799	5801
P178,5	5802	5805
P45,7	5806	5809
P164,6	5810	5810
P166,6	5811	5811
P174,7	5812	5812
P37,9	5813	5815
P80,7	5816	5816
P168,7	5817	5817
P79,7	5818	5821
P163,7	5822	5822
P84,7	5823	5826
P77,7	5827	5830
P187,5	5831	5832
P167,7	5833	5836
P40,9	5837	5840
P177,8	5841	5844
P88,7	5845	5848
P184,6	5849	5852
P200,5	5853	5855
P175,7	5856	5856
P171,8	5857	5857
P172,7	5858	5860
P181,6	5861	5863
P176,8	5864	5866
P91,8	5867	5868
P188,6	5869	5869
P90,7	5870	5873
P24,10	5874	5876
P185,7	5877	5880
P182,7	5881	5882
P51,7	5883	5884
P190,7	5885	5885
P26,8	5886	5889
P81,9	5890	5893
P96,6	5894	5895
P191,7	5896	5898
P8,10	5899	5902
P28,8	5903	5906
P19,9	5907	5908
P195,7	5909	5912
P95,6	5913	5913
P192,7	5914	5914
P199,6	5915	5918
P107,6	5919	5920
P193,6	5921	5924
P23,10	5925	5928
P49,8	5929	5932
P98,7	5933	5936
P86,9	5937	5940
P93,7	5941	5944
P102,7	5945	5946
P85,10	5947	5947
P108,7	5948	5951
P55,7	5952	5953
P47,9	5954	5955
P113,7	5956	5958
P48,9	5959	5961
P100,7	5962	5964
P120,7	5965	5968
P14,9	5969	5972
P62,8	5973	5974
P9,10	5975	5978
P105,8	5979	5979
P53,8	5980	5982
P101,8	5983	5985
P58,8	5986	5989
P109,8	5990	5993
P25,10	5994	5994
P103,9	5995	5997
P31,8	5998	5999
P123,7	6000	6003
P12,9	6004	6005
P127,7	6006	6009
P111,9	6010	6010
P112,8	6011	6011
P118,7	6012	6014
P117,8	6015	6018
P116,9	6019	6020
P128,7	6021	6024
P30,10	6025	6027
P72,7	6028	6030
P35,9	6031	6034
P132,7	6035	6035
P57,11	6036	6039
P70,8	6040	6043
P124,8	6044	6047
P133,8	6048	6048
P129,7	6049	6049
P68,8	6050	6053
P69,8	6054	6055
P137,7	6056	6056
P119,10	6057	6060
P154,6	6061	6062
P135,8	6063	6066
P162,6	6067	6070
P145,7	6071	6074
P149,7	6075	6078
P136,8	6079	6082
P39,9	6083	6083
P66,9	6084	6084
P147,7	6085	6088
P142,8	6089	6089
P158,7	6090	6091
P73,8	6092	6095
P161,7	6096	6099
P130,8	6100	6103
P140,9	6104	6105
P152,6	6106	6109
P45,7	6110	6113
P150,7	6114	6115
P148,7	6116	6116
P159,8	6117	6120
P79,7	6121	6123
P146,8	6124	6127
P77,7	6128	6129
P78,8	6130	6133
P167,7	6134	6134
P40,9	6135	6138
P3,10	6139	6142
P177,8	6143	6145
P184,6	6146	6149
P168,8	6150	6153
P80,8	6154	6156
P178,6	6157	6160
P166,7	6161	6164
P187,6	6165	6168
P88,8	6169	6171
P37,10	6172	6175
P163,8	6176	6179
P84,8	6180	6183
P175,8	6184	6184
P185,7	6185	6185
P200,6	6186	6189
P26,8	6190	6191
P171,9	6192	6195
P176,9	6196	6199
P81,9	6200	6202
P91,9	6203	6205
P188,7	6206	6209
P8,10	6210	6213
P182,8	6214	6217
P28,8	6218	6220
P172,8	6221	6224
P199,6	6225	6225
P190,8	6226	6229
P23,10	6230	6233
P96,7	6234	6237
P49,8	6238	6241
P51,8	6242	6243
P86,9	6244	6246
P93,7	6247	6249
P193,7	6250	6253
P108,7	6254	6256
P95,7	6257	6259
P107,7	6260	6261
P195,8	6262	6262
P192,8	6263	6264
P120,7	6265	6266
P98,8	6267	6270
P9,10	6271	6273
P47,10	6274	6277
P58,8	6278	6278
P109,8	6279	6282
P14,10	6283	6284
P55,8	6285	6285
P48,10	6286	6289
P100,8	6290	6293
P101,9	6294	6295
P103,10	6296	6299
P128,7	6300	6302
P35,9	6303	6304
P127,8	6305	6308
P57,11	6309	6309
P12,10	6310	6313
P53,9	6314	6316
P111,10	6317	6317
P70,8	6318	6320
P123,8	6321	6324
P118,8	6325	6328
P124,8	6329	6332
P68,8	6333	6336
P112,9	6337	6340
P31,9	6341	6344
P116,10	6345	6348
P119,10	6349	6349
P72,8	6350	6350
P135,8	6351	6353
P69,9	6354	6355
P149,7	6356	6357
P132,8	6358	6361
P147,7	6362	6365
P137,8	6366	6367
P73,8	6368	6370
P129,8	6371	6371
P154,7	6372	6375
P130,8	6376	6379
P133,9	6380	6382
P162,7	6383	6386
P66,10	6387	6388
P152,6	6389	6392
P145,8	6393	6393
P159,8	6394	6395
P158,8	6396	6399
P146,8	6400	6403
P140,10	6404	6405
P78,8	6406	6407
P136,9	6408	6411
P3,10	6412	6413
P79,8	6414	6417
P168,8	6418	6418
P45,8	6419	6421
P167,8	6422	6425
P178,6	6426	6427
P166,7	6428	6428
P77,8	6429	6429
P187,6	6430	6431
P148,8	6432	6435
P37,10	6436	6437
P163,8	6438	6439
P84,8	6440	6441
P200,6	6442	6444
P177,9	6445	6448
P176,9	6449	6452
P184,7	6453	6456
P188,7	6457	6460
P88,9	6461	6463
P26,9	6464	6465
P182,8	6466	6468
P172,8	6469	6470
P190,8	6471	6472
P81,10	6473	6476
P175,9	6477	6477
P185,8	6478	6481
P96,7	6482	6485
P28,9	6486	6488
P8,11	6489	6491
P199,7	6492	6495
P98,8	6496	6497
P47,10	6498	6500
P49,9	6501	6504
P93,8	6505	6508
P51,9	6509	6511
P95,8	6512	6515
P108,8	6516	6519
P48,10	6520	6522
P86,10	6523	6526
P195,9	6527	6530
P103,10	6531	6531
P107,8	6532	6535
P193,8	6536	6539
P127,8	6540	6542
P120,8	6543	6546
P101,10	6547	6547
P100,9	6548	6549
P192,9	6550	6550
P128,8	6551	6554
P123,8	6555	6557
P55,9	6558	6561
P109,9	6562	6565
P112,9	6566	6569
P53,10	6570	6573
P14,11	6574	6576
P116,10	6577	6577
P35,10	6578	6579
P57,12	6580	6583
P132,8	6584	6587
P111,11	6588	6588
P70,9	6589	6590
P154,7	6591	6594
P135,9	6595	6598
P124,9	6599	6602
P31,10	6603	6606
P69,10	6607	6609
P118,9	6610	6611
P119,11	6612	6615
P162,7	6616	6618
P68,9	6619	6622
P73,9	6623	6626
P158,8	6627	6629
P147,8	6630	6633
P130,9	6634	6634
P149,8	6635	6638
P72,9	6639	6642
P136,9	6643	6645
P79,8	6646	6648
P167,8	6649	6652
P148,8	6653	6653
P133,10	6654	6657
P145,9	6658	6658
P178,7	6659	6662
P3,11	6663	6663
P37,11	6664	6667
P146,9	6668	6669
P168,9	6670	6673
P177,10	6674	6675
P45,9	6676	6679
P163,9	6680	6683
P77,9	6684	6686
P185,8	6687	6689
P166,8	6690	6690
P84,9	6691	6694
P200,7	6695	6698
P172,9	6699	6700
P199,7	6701	6704
P88,10	6705	6706
P176,10	6707	6710
P49,9	6711	6711
P96,8	6712	6715
P184,8	6716	6719
P93,8	6720	6721
P175,10	6722	6722
P95,8	6723	6724
P26,10	6725	6728
P182,9	6729	6731
P108,8	6732	6732
P28,10	6733	6736
P195,9	6737	6739
P81,11	6740	6740
P107,8	6741	6743
P51,10	6744	6747
P193,8	6748	6748
P98,9	6749	6752
P47,11	6753	6756
P120,8	6757	6759
P48,11	6760	6763
P55,9	6764	6764
P109,9	6765	6768
P86,11	6769	6771
P127,9	6772	6775
P53,10	6776	6776
P192,10	6777	6777
P57,12	6778	6780
P101,11	6781	6784
P100,10	6785	6786
P128,9	6787	6790
P135,9	6791	6793
P112,10	6794	6797
P124,9	6798	6799
P31,10	6800	6800
P35,11	6801	6804
P119,11	6805	6808
P68,9	6809	6809
P73,9	6810	6811
P147,8	6812	6814
P154,8	6815	6816
P149,8	6817	6817
P132,9	6818	6820
P72,9	6821	6821
P162,8	6822	6823
P158,9	6824	6827
P133,10	6828	6831
P37,11	6832	6833
P118,10	6834	6837
P168,9	6838	6841
P45,9	6842	6844
P79,9	6845	6848
P163,9	6849	6850
P84,9	6851	6852
P200,7	6853	6853
P167,9	6854	6857
P148,9	6858	6861
P176,10	6862	6863
P178,8	6864	6867
P96,8	6868	6869
P146,10	6870	6871
P184,8	6872	6873
P77,10	6874	6875
P26,10	6876	6877
P177,11	6878	6881
P166,9	6882	6882
P28,10	6883	6883
P172,10	6884	6884
P51,10	6885	6888
P88,11	6889	6892
P95,9	6893	6896
P93,9	6897	6897
P199,8	6898	6898
P47,11	6899	6901
P182,10	6902	6904
P81,12	6905	6907
P195,10	6908	6908
P127,9	6909	6912
P175,11	6913	6916
P108,9	6917	6920
P107,9	6921	6921
P128,9	6922	6923
P55,10	6924	6926
P193,9	6927	6930
P112,10	6931	6931
P120,9	6932	6935
P98,10	6936	6939
P48,12	6940	6943
P109,10	6944	6947
P135,10	6948	6951
P158,9	6952	6952
P53,11	6953	6956
P119,12	6957	6960
P118,10	6961	6964
P124,10	6965	6968
P79,9	6969	6971
P154,9	6972	6973
P72,10	6974	6975
P73,10	6976	6979
P31,11	6980	6980
P148,9	6981	6984
P178,8	6985	6987
P68,10	6988	6991
P162,9	6992	6995
P45,10	6996	6997
P177,11	6998	7000
P84,10	7001	7004
P96,9	7005	7008
P88,11	7009	7009
P167,10	7010	7013
P77,11	7014	7017
P168,10	7018	7021
P172,11	7022	7025
P163,10	7026	7029
P146,11	7030	7030
P200,8	7031	7034
P51,11	7035	7038
P26,11	7039	7042
P175,11	7043	7045
P108,9	7046	7049
P176,11	7050	7053
P193,9	7054	7054
P95,10	7055	7055
P120,9	7056	7058
P28,11	7059	7059
P47,12	7060	7063
P107,10	7064	7066
P182,11	7067	7070
P109,10	7071	7073
P135,10	7074	7077
P199,9	7078	7081
P128,10	7082	7085
P127,10	7086	7088
P119,12	7089	7092
P112,11	7093	7095
P124,10	7096	7096
P98,11	7097	7100
P73,10	7101	7101
P68,10	7102	7104
P79,10	7105	7105
P162,9	7106	7107
P84,10	7108	7108
P96,9	7109	7110
P53,12	7111	7114
P158,10	7115	7118
P118,11	7119	7120
P154,10	7121	7122
P167,10	7123	7123
P168,10	7124	7124
P31,12	7125	7127
P172,11	7128	7130
P88,12	7131	7134
P200,8	7135	7136
P51,11	7137	7139
P26,11	7140	7140
P77,12	7141	7141
P176,11	7142	7142
P47,12	7143	7146
P182,11	7147	7150
P199,9	7151	7152
P95,11	7153	7156
P128,10	7157	7159
P28,12	7160	7162
P146,12	7163	7163
P193,10	7164	7167
P108,10	7168	7168
P98,11	7169	7169
P109,11	7170	7171
P135,11	7172	7175
P53,12	7176	7179
P158,10	7180	7180
P88,12	7181	7182
P73,11	7183	7186
P96,10	7187	7190
P118,12	7191	7194
P79,11	7195	7196
P95,11	7197	7198
P168,11	7199	7202
P162,10	7203	7206
P167,11	7207	7210
P84,11	7211	7211
P193,10	7212	7214
P26,12	7215	7218
P135,11	7219	7219
P154,11	7220	7223
P172,12	7224	7227
P176,12	7228	7231
P73,11	7232	7232
P128,11	7233	7236
P96,10	7237	7238
P199,10	7239	7242
P118,12	7243	7244
P162,10	7245	7247
P182,12	7248	7248
P167,11	7249	7249
P26,12	7250	7253
P108,11	7254	7254
P154,11	7255	7256
P109,12	7257	7260
P172,12	7261	7261
P176,12	7262	7262
P128,11	7263	7264
P158,11	7265	7266
P79,12	7267	7270
P193,11	7271	7274
P109,12	7275	7277
P84,12	7278	7281
P79,12	7282	7282
P96,11	7283	7286
P108,12	7287	7290
P135,12	7291	7294
P73,12	7295	7298
P84,12	7299	7301
P199,11	7302	7302
P162,11	7303	7306
P96,11	7307	7309
P135,12	7310	7310
P73,12	7311	7311
P162,11	7312	7312
P154,12	7313	7313
P158,12	7324	7326
P199,12	7329	7333
P96,12	7358	7361
