CPU0
P1,1	0	2
P2,1	3	4
P4,1	5	6
P3,1	7	8
P5,1	9	12
P4,1	13	14
P5,1	15	17
P6,1	18	20
P8,1	23	24
P10,1	27	28
P1,2	30	31
P12,1	33	38
P14,1	39	39
P15,1	40	41
P16,1	42	42
P13,1	43	43
P17,1	44	45
P8,2	46	47
P18,1	48	50
P7,2	51	52
P20,1	53	56
P21,1	57	60
P22,1	61	64
P23,1	65	68
P24,1	69	70
P10,2	71	72
P13,2	73	74
P25,1	75	76
P16,2	77	78
P9,2	79	80
P27,1	81	82
P16,2	83	84
P9,2	85	86
P26,1	87	88
P30,1	89	90
P27,1	91	92
P29,1	93	94
P31,1	95	96
P24,1	97	98
P3,2	99	99
P33,1	100	103
P17,2	104	105
P19,2	106	107
P7,3	108	109
P36,1	110	110
P16,2	111	111
P28,2	112	113
P26,1	114	115
P27,1	116	117
P37,1	118	118
P38,1	119	119
P8,3	120	121
P39,1	122	123
P40,1	124	125
P39,1	126	127
P43,1	128	129
P14,3	130	131
P45,1	132	133
P46,1	134	135
P43,1	136	137
P47,1	138	139
P46,1	140	141
P48,1	142	143
P4,3	144	145
P33,1	146	147
P50,1	148	148
P38,2	149	149
P34,1	150	151
P51,1	152	155
P52,1	156	158
P15,2	159	160
P53,1	161	161
P7,3	162	163
P19,3	164	165
P54,1	166	167
P55,1	168	169
P56,1	170	171
P55,1	172	173
P38,3	174	175
P57,1	176	177
P49,2	178	179
P18,2	180	181
P11,3	182	183
P59,1	184	185
P48,2	186	187
P8,3	188	189
P61,1	190	193
P63,1	194	195
P13,3	196	197
P30,2	198	198
P64,1	199	200
P53,2	201	202
P50,2	203	203
P65,1	204	205
P68,1	206	207
P66,1	208	208
P68,1	209	210
P69,1	211	212
P41,1	213	214
P43,1	215	215
P70,1	216	217
P58,2	218	219
P57,2	220	220
P58,2	221	221
P71,1	222	225
P72,1	226	229
P33,1	230	230
P73,1	231	232
P74,1	233	234
P76,1	235	236
P73,1	237	238
P78,1	239	240
P79,1	241	242
P76,1	243	244
P64,2	245	246
P80,1	247	248
P60,2	249	250
P80,1	251	251
P58,3	252	252
P81,1	253	256
P82,1	257	258
P83,1	259	260
P84,1	261	262
P52,3	263	264
P69,2	265	266
P66,2	267	267
P23,2	268	269
P86,1	270	271
P50,4	272	273
P87,1	274	275
P35,1	276	277
P88,1	278	281
P89,1	282	282
P44,2	283	284
P56,1	285	286
P90,1	287	287
P49,2	288	289
P11,3	290	290
P20,3	291	292
P91,1	293	294
P92,1	295	296
P63,4	297	298
P66,3	299	300
P93,1	301	302
P95,1	303	304
P82,2	305	306
P97,1	307	308
P99,1	309	310
P100,1	311	311
P80,2	312	313
P101,1	314	315
P96,1	316	317
P102,1	318	318
P99,1	319	320
P103,1	321	322
P104,1	323	324
P106,1	325	326
P103,1	327	327
P105,1	328	329
P108,1	330	331
P107,1	332	333
P109,1	334	337
P110,1	338	341
P22,2	342	343
P13,3	344	345
P6,3	346	347
P113,1	348	349
P114,1	350	353
P7,4	354	354
P115,1	355	356
P94,2	357	358
P100,2	359	360
P94,2	361	362
P103,2	363	364
P97,2	365	365
P117,1	366	368
P102,2	369	370
P118,1	371	371
P41,1	372	373
P119,1	374	377
P70,1	378	379
P121,1	380	383
P72,1	384	385
P18,3	386	387
P73,1	388	388
P123,1	389	390
P125,1	391	392
P117,2	393	394
P127,1	395	396
P125,1	397	398
P113,2	399	400
P128,1	401	404
P120,2	405	406
P130,1	407	408
P120,2	409	410
P132,1	411	412
P134,1	413	414
P135,1	415	416
P136,1	417	418
P137,1	419	420
P139,1	421	422
P136,1	423	424
P140,1	425	428
P141,1	429	430
P118,2	431	432
P144,1	433	434
P145,1	435	436
P146,1	437	437
P118,2	438	439
P131,2	440	441
P147,1	442	442
P145,1	443	444
P124,2	445	446
P148,1	447	448
P149,1	449	450
P148,1	451	452
P150,1	453	454
P152,1	455	456
P150,1	457	458
P153,1	459	460
P77,1	461	461
P154,1	462	465
P155,1	466	467
P138,2	468	469
P43,2	470	471
P157,1	472	472
P146,2	473	474
P160,1	475	475
P161,1	476	477
P156,1	478	479
P159,1	480	481
P163,1	482	485
P164,1	486	489
P46,2	490	491
P40,2	492	493
P167,1	494	495
P147,2	496	497
P170,1	498	498
P172,1	499	500
P173,1	501	502
P147,2	503	504
P171,1	505	505
P172,1	506	507
P174,1	508	509
P160,2	510	511
P175,1	512	513
P176,1	514	517
P69,2	518	519
P153,2	520	521
P166,2	522	525
P23,2	526	527
P180,1	528	529
P181,1	530	531
P183,1	532	533
P170,2	534	535
P186,1	536	537
P181,1	538	539
P183,1	540	541
P184,1	542	543
P170,2	544	545
P188,1	546	549
P189,1	550	553
P191,1	554	555
P192,1	556	557
P191,1	558	559
P175,2	560	561
P194,1	562	563
P193,1	564	565
P194,1	566	567
P171,2	568	569
P199,1	570	571
P195,1	572	573
P160,3	574	575
P199,1	576	577
P200,1	578	579
P4,4	580	581
P58,4	582	583
P33,2	584	585
P44,2	586	587
P56,1	588	588
P79,2	589	590
P185,2	591	594
P3,3	595	596
P91,1	597	598
P192,2	599	599
P83,2	600	601
P92,1	602	603
P24,3	604	605
P2,4	606	607
P82,2	608	609
P36,3	610	611
P11,4	612	613
P93,1	614	615
P96,1	616	617
P90,2	618	619
P104,1	620	621
P106,1	622	623
P107,1	624	624
P48,3	625	626
P192,3	627	628
P61,1	629	629
P13,3	630	630
P6,3	631	632
P25,3	633	634
P68,1	635	636
P62,2	637	638
P101,2	639	640
P100,2	641	642
P89,3	643	644
P102,2	645	646
P29,2	647	648
P110,2	649	650
P108,2	651	652
P112,2	653	654
P121,1	655	655
P7,5	656	656
P8,4	657	658
P123,1	659	660
P116,2	661	662
P126,1	663	664
P113,2	665	666
P128,1	667	668
P45,2	669	670
P120,2	671	672
P132,1	673	673
P73,2	674	675
P135,1	676	676
P136,1	677	678
P70,2	679	680
P127,2	681	682
P16,4	683	684
P143,1	685	686
P74,2	687	688
P124,2	689	690
P59,3	691	692
P149,1	693	694
P133,2	695	696
P152,1	697	698
P67,2	699	700
P12,3	701	702
P138,2	703	704
P156,1	705	706
P159,1	707	708
P163,1	709	710
P32,2	711	712
P167,1	713	714
P43,3	715	716
P30,4	717	718
P77,2	719	720
P155,2	721	722
P157,2	723	724
P52,3	725	726
P39,3	727	727
P161,2	728	729
P153,2	730	730
P166,2	731	732
P180,1	733	734
P181,1	735	736
P183,1	737	738
P184,1	739	740
P177,2	741	742
P173,2	743	744
P19,3	745	746
P190,1	747	748
P179,2	749	750
P84,2	751	752
P194,1	753	754
P195,1	755	756
P198,1	757	757
P186,2	758	759
P27,2	760	761
P58,4	762	763
P34,2	764	765
P51,2	766	766
P79,2	767	768
P1,5	769	770
P64,3	771	771
P3,3	772	773
P91,1	774	774
P57,4	775	776
P66,3	777	778
P24,3	779	780
P197,2	781	782
P86,2	783	783
P82,2	784	785
P36,3	786	787
P80,2	788	788
P93,1	789	789
P95,1	790	791
P96,1	792	792
P90,2	793	794
P104,1	795	796
P56,2	797	798
P37,3	799	799
P192,3	800	800
P92,2	801	802
P6,3	803	804
P25,3	805	805
P62,2	806	807
P89,3	808	809
P55,3	810	811
P88,3	812	813
P9,3	814	815
P29,2	816	817
P87,3	818	819
P108,2	820	821
P112,2	822	823
P8,4	824	825
P22,3	826	827
P53,3	828	828
P106,2	829	830
P54,3	831	832
P47,3	833	834
P41,2	835	836
P130,1	837	837
P122,2	838	838
P68,2	839	840
P119,2	841	842
P123,2	843	844
P125,2	845	846
P141,1	847	847
P115,2	848	849
P16,4	850	851
P118,2	852	853
P143,1	854	854
P145,1	855	855
P139,2	856	857
P121,2	858	859
P5,5	860	861
P148,1	862	863
P18,4	864	865
P71,2	866	867
P152,1	868	868
P42,3	869	870
P60,2	871	871
P131,3	872	873
P97,4	874	875
P70,3	876	877
P159,1	878	879
P21,5	880	881
P46,2	882	882
P151,2	883	884
P72,2	885	886
P168,1	887	887
P147,2	888	889
P142,2	890	890
P78,2	891	891
P77,2	892	893
P17,3	894	895
P69,2	896	896
P74,3	897	898
P161,2	899	899
P180,1	900	901
P150,2	902	902
P183,1	903	903
P184,1	904	904
P146,3	905	905
P138,3	906	907
P187,1	908	908
P189,1	909	909
P164,2	910	911
P179,2	912	913
P84,2	914	915
P157,3	916	917
P160,3	918	919
P23,3	920	920
P191,2	921	922
P158,3	923	924
P170,3	925	926
P1,5	927	928
P20,3	929	930
P43,4	931	932
P57,4	933	933
P39,4	934	935
P182,2	936	937
P76,2	938	939
P24,3	940	941
P197,2	942	943
P153,3	944	945
P36,3	946	946
P178,2	947	948
P38,4	949	950
P27,3	951	952
P56,2	953	954
P48,3	955	956
P3,4	957	958
P26,3	959	960
P62,2	961	962
P82,3	963	963
P55,3	964	965
P88,3	966	967
P104,2	968	969
P44,3	970	971
P87,3	972	973
P85,3	974	975
P6,4	976	977
P117,2	978	979
P35,3	980	981
P99,2	982	983
P106,2	984	985
P86,3	986	987
P83,3	988	989
P100,3	990	991
P80,3	992	993
P114,2	994	995
P68,2	996	997
P63,6	998	999
P90,3	1000	1001
P125,2	1002	1003
P127,2	1004	1005
P13,4	1006	1006
P111,2	1007	1008
P16,4	1009	1010
P31,3	1011	1012
P126,2	1013	1014
P139,2	1015	1015
P192,4	1016	1017
P119,3	1018	1019
P120,3	1020	1021
P102,3	1022	1023
P112,3	1024	1025
P53,4	1026	1027
P133,2	1028	1029
P12,3	1030	1030
P129,2	1031	1032
P141,2	1033	1034
P70,3	1035	1036
P137,2	1037	1037
P122,3	1038	1039
P128,2	1040	1041
P5,6	1042	1042
P130,2	1043	1044
P145,2	1045	1046
P154,2	1047	1048
P74,3	1049	1050
P121,3	1051	1051
P148,2	1052	1053
P172,2	1054	1055
P59,4	1056	1057
P60,3	1058	1059
P164,2	1060	1061
P140,3	1062	1063
P84,2	1064	1065
P46,3	1066	1067
P156,2	1068	1069
P135,3	1070	1071
P155,3	1072	1073
P183,2	1074	1075
P147,3	1076	1077
P158,3	1078	1079
P170,3	1080	1081
P174,3	1082	1083
P187,2	1084	1085
P163,2	1086	1087
P30,5	1088	1089
P43,4	1090	1091
P168,2	1092	1093
P39,4	1094	1095
P181,2	1096	1097
P180,2	1098	1099
P76,2	1100	1100
P167,2	1101	1102
P173,3	1103	1103
P189,2	1104	1104
P2,4	1105	1106
P199,2	1107	1108
P14,5	1109	1110
P146,4	1111	1112
P194,2	1113	1114
P50,5	1115	1115
P58,5	1116	1117
P176,3	1118	1119
P27,3	1120	1121
P34,3	1122	1123
P160,4	1124	1125
P175,3	1126	1127
P150,3	1128	1129
P19,4	1130	1131
P198,2	1132	1132
P62,2	1133	1134
P171,3	1135	1136
P193,2	1137	1138
P88,3	1139	1140
P44,3	1141	1142
P57,5	1143	1144
P20,4	1145	1146
P4,5	1147	1148
P96,2	1149	1150
P11,5	1151	1152
P166,4	1153	1154
P35,3	1155	1156
P99,2	1157	1158
P92,3	1159	1160
P83,3	1161	1162
P104,3	1163	1164
P41,2	1165	1165
P105,3	1166	1166
P33,4	1167	1168
P68,2	1169	1169
P108,3	1170	1170
P63,6	1171	1172
P94,3	1173	1174
P95,2	1175	1176
P56,3	1177	1178
P25,4	1179	1180
P54,4	1181	1182
P116,3	1183	1184
P89,4	1185	1186
P132,2	1187	1188
P119,3	1189	1190
P85,4	1191	1192
P18,4	1193	1194
P9,4	1195	1196
P22,4	1197	1198
P110,3	1199	1200
P53,4	1201	1202
P42,3	1203	1204
P7,7	1205	1205
P127,3	1206	1207
P122,3	1208	1209
P126,3	1210	1211
P71,3	1212	1213
P118,3	1214	1215
P145,2	1216	1216
P154,2	1217	1218
P149,2	1219	1220
P124,3	1221	1222
P162,2	1223	1224
P143,2	1225	1226
P138,3	1227	1227
P12,4	1228	1229
P78,3	1230	1231
P141,3	1232	1233
P131,4	1234	1235
P97,5	1236	1237
P72,3	1238	1238
P101,4	1239	1240
P156,2	1241	1242
P155,3	1243	1244
P139,3	1245	1246
P75,3	1247	1247
P142,3	1248	1248
P113,4	1249	1250
P158,3	1251	1252
P133,3	1253	1253
P65,4	1254	1255
P184,2	1256	1257
P121,4	1258	1258
P163,2	1259	1260
P136,3	1261	1261
P177,3	1262	1263
P43,4	1264	1265
P159,2	1266	1267
P188,2	1268	1269
P182,2	1270	1271
P190,2	1272	1273
P200,2	1274	1275
P14,5	1276	1277
P146,4	1278	1279
P77,3	1280	1281
P51,3	1282	1283
P170,4	1284	1285
P185,3	1286	1286
P40,4	1287	1288
P34,3	1289	1290
P160,4	1291	1292
P168,3	1293	1294
P39,5	1295	1295
P79,3	1296	1297
P1,6	1298	1299
P38,5	1300	1301
P49,3	1302	1303
P196,3	1304	1305
P67,5	1306	1307
P57,5	1308	1309
P87,3	1310	1311
P24,4	1312	1313
P4,5	1314	1315
P27,4	1316	1317
P23,4	1318	1319
P11,5	1320	1321
P166,4	1322	1323
P91,3	1324	1325
P2,5	1326	1327
P171,4	1328	1329
P83,3	1330	1330
P100,3	1331	1332
P44,4	1333	1334
P199,3	1335	1336
P114,2	1337	1338
P107,3	1339	1340
P94,3	1341	1341
P95,2	1342	1343
P56,3	1344	1345
P48,4	1346	1347
P54,4	1348	1349
P89,4	1350	1351
P3,5	1352	1353
P119,3	1354	1355
P120,3	1356	1357
P18,4	1358	1359
P9,4	1360	1360
P108,4	1361	1362
P47,4	1363	1364
P110,3	1365	1366
P117,3	1367	1368
P70,3	1369	1370
P41,3	1371	1372
P127,3	1373	1374
P45,3	1375	1376
P6,5	1377	1378
P99,3	1379	1380
P130,2	1381	1382
P106,3	1383	1383
P68,3	1384	1384
P8,6	1385	1386
P61,3	1387	1388
P105,4	1389	1390
P112,4	1391	1392
P162,2	1393	1394
P42,4	1395	1395
P15,5	1396	1397
P60,3	1398	1399
P78,3	1400	1401
P103,4	1402	1403
P131,4	1404	1405
P97,5	1406	1407
P101,4	1408	1409
P155,3	1410	1411
P183,2	1412	1413
P128,3	1414	1415
P147,3	1416	1417
P29,4	1418	1419
P124,4	1420	1421
P69,3	1422	1422
P129,3	1423	1424
P184,2	1425	1426
P32,3	1427	1428
P30,5	1429	1430
P43,4	1431	1432
P159,2	1433	1434
P157,4	1435	1436
P188,2	1437	1438
P181,2	1439	1440
P141,4	1441	1442
P180,2	1443	1444
P169,3	1445	1446
P59,5	1447	1448
P164,3	1449	1450
P178,2	1451	1451
P13,6	1452	1453
P58,5	1454	1455
P135,4	1456	1457
P173,4	1458	1459
P142,4	1460	1461
P160,4	1462	1463
P139,4	1464	1465
P65,5	1466	1467
P200,3	1468	1469
P197,3	1470	1471
P193,2	1472	1472
P195,2	1473	1473
P134,5	1474	1475
P57,5	1476	1477
P24,4	1478	1478
P186,4	1479	1480
P52,5	1481	1482
P168,4	1483	1484
P28,4	1485	1486
P14,6	1487	1488
P165,5	1489	1489
P50,6	1490	1491
P64,4	1492	1492
P35,3	1493	1493
P171,4	1494	1495
P92,3	1496	1496
P196,4	1497	1498
P44,4	1499	1500
P39,6	1501	1502
P153,4	1503	1504
P87,4	1505	1506
P96,3	1507	1508
P33,4	1509	1510
P63,6	1511	1512
P76,4	1513	1514
P91,4	1515	1516
P48,4	1517	1518
P88,4	1519	1520
P54,4	1521	1522
P89,4	1523	1524
P119,3	1525	1525
P10,5	1526	1526
P55,4	1527	1528
P23,5	1529	1530
P125,3	1531	1532
P53,4	1533	1534
P83,4	1535	1536
P175,5	1537	1538
P90,4	1539	1540
P122,3	1541	1541
P126,3	1542	1543
P99,3	1544	1544
P118,3	1545	1545
P152,2	1546	1547
P22,5	1548	1548
P9,5	1549	1549
P105,4	1550	1551
P112,4	1552	1553
P162,2	1554	1555
P12,4	1556	1557
P45,4	1558	1559
P116,4	1560	1561
P131,4	1562	1563
P140,3	1564	1564
P110,4	1565	1566
P101,4	1567	1568
P132,3	1569	1570
P183,2	1571	1572
P68,4	1573	1574
P128,3	1575	1576
P71,4	1577	1578
P147,3	1579	1579
P161,3	1580	1580
P73,4	1581	1582
P151,3	1583	1584
P174,3	1585	1585
P41,4	1586	1587
P84,3	1588	1589
P15,6	1590	1591
P148,3	1592	1593
P159,2	1594	1594
P157,4	1595	1596
P75,4	1597	1598
P154,3	1599	1600
P113,5	1601	1602
P78,4	1603	1604
P141,4	1605	1606
P190,2	1607	1608
P156,3	1609	1610
P59,5	1611	1612
P164,3	1613	1614
P177,4	1615	1616
P77,3	1617	1617
P58,5	1618	1618
P135,4	1619	1620
P60,4	1621	1622
P103,5	1623	1624
P188,3	1625	1625
P160,4	1626	1626
P150,3	1627	1627
P69,4	1628	1629
P79,3	1630	1630
P200,3	1631	1632
P5,8	1633	1634
P180,3	1635	1636
P134,5	1637	1638
P167,3	1639	1639
P186,4	1640	1641
P51,4	1642	1643
P189,4	1644	1645
P4,5	1646	1646
P178,3	1647	1648
P50,6	1649	1650
P171,4	1651	1651
P170,5	1652	1653
P26,4	1654	1655
P44,4	1656	1657
P199,3	1658	1659
P87,4	1660	1661
P96,3	1662	1663
P195,3	1664	1664
P198,4	1665	1666
P107,3	1667	1668
P191,4	1669	1670
P76,4	1671	1672
P109,3	1673	1674
P11,6	1675	1676
P193,3	1677	1678
P66,5	1679	1680
P55,4	1681	1682
P52,6	1683	1684
P81,4	1685	1686
P194,4	1687	1688
P175,5	1689	1689
P62,4	1690	1691
P90,4	1692	1693
P165,6	1694	1695
P25,5	1696	1697
P192,5	1698	1699
P92,4	1700	1701
P94,4	1702	1703
P89,5	1704	1704
P80,4	1705	1706
P112,4	1707	1708
P117,4	1709	1710
P119,4	1711	1711
P18,5	1712	1713
P70,4	1714	1715
P110,4	1716	1717
P10,6	1718	1719
P3,6	1720	1721
P20,6	1722	1723
P82,5	1724	1725
P68,4	1726	1727
P128,3	1728	1729
P152,3	1730	1731
P71,4	1732	1733
P29,4	1734	1735
P124,4	1736	1736
P162,3	1737	1738
P98,4	1739	1740
P106,4	1741	1742
P123,4	1743	1744
P86,5	1745	1746
P84,3	1747	1747
P127,4	1748	1749
P148,3	1750	1750
P105,5	1751	1752
P99,4	1753	1754
P75,4	1755	1756
P137,4	1757	1758
P140,4	1759	1759
P113,5	1760	1761
P149,3	1762	1763
P144,3	1764	1765
P183,3	1766	1767
P174,4	1768	1769
P72,4	1770	1771
P15,7	1772	1773
P13,6	1774	1775
P133,4	1776	1777
P32,4	1778	1779
P60,4	1780	1781
P158,4	1782	1783
P157,5	1784	1784
P139,4	1785	1785
P187,3	1786	1787
P5,8	1788	1788
P180,3	1789	1790
P151,4	1791	1792
P186,4	1793	1794
P185,4	1795	1795
P189,4	1796	1797
P160,5	1798	1799
P178,3	1800	1801
P16,7	1802	1803
P50,6	1804	1804
P196,4	1805	1805
P26,4	1806	1807
P44,4	1808	1809
P156,4	1810	1811
P17,5	1812	1812
P169,4	1813	1813
P57,6	1814	1815
P58,6	1816	1817
P85,7	1818	1819
P198,4	1820	1820
P191,4	1821	1822
P40,5	1823	1824
P142,5	1825	1825
P109,3	1826	1827
P11,6	1828	1829
P150,4	1830	1830
P193,3	1831	1832
P28,5	1833	1834
P55,4	1835	1835
P108,4	1836	1836
P23,5	1837	1838
P194,4	1839	1840
P33,5	1841	1841
P51,5	1842	1843
P48,5	1844	1845
P165,6	1846	1847
P25,5	1848	1849
P104,4	1850	1851
P92,4	1852	1852
P170,6	1853	1854
P163,4	1855	1856
P88,5	1857	1858
P125,4	1859	1860
P171,5	1861	1862
P19,6	1863	1864
P117,4	1865	1865
P45,4	1866	1867
P136,6	1868	1869
P93,4	1870	1871
P118,4	1872	1873
P110,4	1874	1875
P95,3	1876	1877
P3,6	1878	1879
P66,6	1880	1881
P120,4	1882	1883
P68,4	1884	1885
P128,3	1886	1886
P145,3	1887	1888
P61,4	1889	1890
P54,5	1891	1892
P143,3	1893	1894
P24,6	1895	1896
P126,4	1897	1897
P162,3	1898	1899
P98,4	1900	1901
P83,5	1902	1903
P46,4	1904	1905
P86,5	1906	1907
P101,5	1908	1909
P105,5	1910	1911
P116,5	1912	1913
P74,5	1914	1915
P154,3	1916	1916
P122,5	1917	1918
P78,4	1919	1920
P144,3	1921	1921
P183,3	1922	1922
P111,5	1923	1924
P174,4	1925	1926
P15,7	1927	1928
P161,4	1929	1929
P133,4	1930	1930
P30,6	1931	1932
P103,5	1933	1934
P158,4	1935	1936
P187,3	1937	1938
P151,4	1939	1940
P9,7	1941	1942
P102,6	1943	1944
P189,4	1945	1946
P160,5	1947	1948
P178,3	1949	1950
P181,3	1951	1951
P59,6	1952	1953
P39,6	1954	1955
P156,4	1956	1957
P58,6	1958	1959
P134,6	1960	1961
P191,4	1962	1963
P186,5	1964	1965
P185,5	1966	1967
P1,7	1968	1969
P11,6	1970	1971
P139,5	1972	1973
P5,9	1974	1975
P177,5	1976	1977
P28,5	1978	1978
P200,4	1979	1980
P16,8	1981	1982
P87,5	1983	1984
P2,6	1985	1985
P199,4	1986	1987
P194,4	1988	1988
P51,5	1989	1990
P27,5	1991	1992
P57,7	1993	1994
P107,4	1995	1996
P26,5	1997	1997
P170,6	1998	1999
P163,4	2000	2001
P50,7	2002	2003
P96,4	2004	2005
P146,6	2006	2007
P100,4	2008	2009
P17,6	2010	2011
P45,4	2012	2013
P198,5	2014	2015
P91,5	2016	2017
P176,5	2018	2019
P118,4	2020	2020
P150,5	2021	2022
P110,4	2023	2024
P55,5	2025	2026
P142,6	2027	2028
P63,7	2029	2030
P68,4	2031	2032
P152,3	2033	2034
P71,4	2035	2035
P64,6	2036	2037
P54,5	2038	2039
P143,3	2040	2041
P24,6	2042	2043
P162,3	2044	2045
P10,7	2046	2047
P120,5	2048	2049
P46,4	2050	2051
P53,5	2052	2052
P115,4	2053	2054
P20,7	2055	2055
P92,5	2056	2057
P105,5	2058	2059
P116,5	2060	2061
P74,5	2062	2062
P81,6	2063	2064
P78,4	2065	2066
P117,5	2067	2068
P37,7	2069	2070
P174,4	2071	2071
P73,5	2072	2073
P32,4	2074	2075
P30,6	2076	2077
P124,5	2078	2079
P47,6	2080	2081
P82,6	2082	2083
P127,5	2084	2085
P126,5	2086	2087
P151,4	2088	2089
P77,4	2090	2090
P9,7	2091	2092
P102,6	2093	2094
P72,5	2095	2096
P189,4	2097	2098
P160,5	2099	2099
P123,5	2100	2101
P148,4	2102	2103
P133,5	2104	2105
P140,5	2106	2106
P156,4	2107	2108
P103,6	2109	2109
P58,6	2110	2110
P134,6	2111	2112
P86,6	2113	2114
P190,4	2115	2116
P180,4	2117	2118
P1,7	2119	2120
P159,4	2121	2122
P4,6	2123	2124
P184,4	2125	2126
P200,4	2127	2128
P16,8	2129	2130
P87,5	2131	2132
P191,5	2133	2134
P85,8	2135	2136
P84,5	2137	2137
P27,5	2138	2139
P107,4	2140	2141
P170,6	2142	2143
P166,5	2144	2145
P96,4	2146	2147
P181,4	2148	2149
P146,6	2150	2151
P109,4	2152	2153
P100,4	2154	2155
P17,6	2156	2157
P11,7	2158	2159
P136,6	2160	2161
P198,5	2162	2163
P91,5	2164	2165
P176,5	2166	2166
P48,6	2167	2168
P33,6	2169	2169
P55,5	2170	2171
P142,6	2172	2173
P104,5	2174	2175
P153,6	2176	2177
P50,8	2178	2179
P62,5	2180	2181
P175,6	2182	2182
P45,5	2183	2184
P26,6	2185	2186
P95,4	2187	2188
P18,6	2189	2190
P167,5	2191	2192
P10,7	2193	2194
P63,8	2195	2196
P31,5	2197	2198
P101,5	2199	2200
P66,7	2201	2202
P99,4	2203	2204
P56,5	2205	2206
P128,4	2207	2208
P110,5	2209	2210
P162,4	2211	2212
P117,5	2213	2213
P37,7	2214	2214
P73,5	2215	2216
P32,4	2217	2217
P24,7	2218	2219
P8,8	2220	2221
P147,4	2222	2222
P71,5	2223	2224
P127,5	2225	2226
P130,4	2227	2228
P152,4	2229	2230
P119,6	2231	2232
P113,6	2233	2234
P9,7	2235	2236
P102,6	2237	2237
P64,7	2238	2239
P112,6	2240	2241
P75,5	2242	2243
P123,5	2244	2245
P122,6	2246	2247
P59,6	2248	2249
P53,6	2250	2251
P156,4	2252	2252
P164,4	2253	2254
P144,4	2255	2256
P134,6	2257	2258
P183,4	2259	2260
P151,5	2261	2262
P1,7	2263	2263
P173,6	2264	2265
P4,6	2266	2267
P184,4	2268	2269
P200,4	2270	2270
P158,5	2271	2272
P161,5	2273	2274
P87,5	2275	2275
P69,5	2276	2277
P60,5	2278	2279
P51,5	2280	2280
P27,5	2281	2281
P14,8	2282	2283
P88,5	2284	2284
P79,5	2285	2286
P181,4	2287	2288
P146,6	2289	2289
P109,4	2290	2291
P133,6	2292	2292
P190,5	2293	2293
P17,6	2294	2294
P5,10	2295	2296
P172,5	2297	2298
P198,5	2299	2299
P93,4	2300	2300
P48,6	2301	2302
P58,7	2303	2304
P29,7	2305	2306
P28,6	2307	2308
P104,5	2309	2310
P57,8	2311	2311
P125,5	2312	2312
P50,8	2313	2313
P114,4	2314	2315
P45,5	2316	2317
P80,5	2318	2319
P176,6	2320	2321
P18,6	2322	2323
P167,5	2324	2325
P84,6	2326	2326
P192,6	2327	2328
P11,8	2329	2330
P120,5	2331	2332
P63,8	2333	2334
P31,5	2335	2335
P101,5	2336	2337
P66,7	2338	2338
P100,5	2339	2340
P19,7	2341	2342
P40,7	2343	2344
P33,7	2345	2346
P98,5	2347	2347
P55,6	2348	2349
P24,7	2350	2351
P143,4	2352	2353
P71,5	2354	2355
P46,5	2356	2357
P152,4	2358	2359
P70,6	2360	2361
P119,6	2362	2362
P118,6	2363	2363
P113,6	2364	2364
P145,4	2365	2366
P64,7	2367	2368
P175,7	2369	2370
P72,5	2371	2372
P155,5	2373	2374
P148,4	2375	2376
P122,6	2377	2378
P147,5	2379	2380
P117,6	2381	2382
P86,6	2383	2383
P183,4	2384	2385
P151,5	2386	2387
P30,7	2388	2389
P102,7	2390	2391
P173,6	2392	2393
P61,6	2394	2395
P68,6	2396	2397
P37,8	2398	2399
P20,9	2400	2401
P161,5	2402	2402
P77,5	2403	2404
P78,6	2405	2406
P138,6	2407	2408
P60,5	2409	2409
P149,5	2410	2411
P14,8	2412	2413
P79,5	2414	2415
P140,6	2416	2416
P159,5	2417	2417
P158,6	2418	2419
P177,6	2420	2421
P191,6	2422	2422
P58,7	2423	2424
P141,7	2425	2425
P142,6	2426	2427
P124,7	2428	2429
P85,9	2430	2431
P184,5	2432	2433
P134,7	2434	2434
P193,4	2435	2436
P114,4	2437	2438
P39,8	2439	2440
P133,7	2441	2442
P190,6	2443	2444
P51,6	2445	2446
P49,6	2447	2447
P5,11	2448	2449
P23,7	2450	2451
P171,6	2452	2452
P163,5	2453	2454
P165,7	2455	2456
P91,6	2457	2458
P48,7	2459	2460
P57,9	2461	2462
P107,5	2463	2464
P96,5	2465	2466
P40,7	2467	2468
P195,6	2469	2470
P33,7	2471	2472
P162,4	2473	2474
P55,6	2475	2476
P84,7	2477	2478
P82,6	2479	2480
P46,5	2481	2482
P152,4	2483	2484
P126,5	2485	2485
P25,7	2486	2486
P129,5	2487	2488
P175,7	2489	2490
P72,5	2491	2492
P101,6	2493	2494
P66,8	2495	2495
P147,5	2496	2497
P117,6	2498	2498
P98,6	2499	2500
P183,4	2501	2502
P151,5	2503	2504
P127,6	2505	2506
P62,7	2507	2508
P110,6	2509	2509
P8,9	2510	2511
P81,8	2512	2513
P68,6	2514	2515
P70,7	2516	2517
P105,7	2518	2519
P20,9	2520	2521
P132,6	2522	2522
P174,6	2523	2524
P78,6	2525	2526
P116,7	2527	2528
P111,7	2529	2530
P130,5	2531	2532
P86,7	2533	2534
P14,8	2535	2535
P144,5	2536	2536
P181,4	2537	2537
P158,6	2538	2539
P118,7	2540	2541
P58,7	2542	2543
P29,7	2544	2545
P137,6	2546	2547
P85,9	2548	2549
P184,5	2550	2551
P193,4	2552	2552
P114,4	2553	2554
P156,6	2555	2555
P133,7	2556	2557
P178,5	2558	2559
P136,7	2560	2561
P51,6	2562	2563
P150,6	2564	2565
P5,11	2566	2567
P75,7	2568	2569
P141,8	2570	2571
P168,7	2572	2573
P199,5	2574	2575
P91,6	2576	2577
P166,6	2578	2578
P57,9	2579	2580
P94,6	2581	2581
P107,5	2582	2583
P191,7	2584	2585
P40,7	2586	2587
P80,6	2588	2589
P109,5	2590	2591
P188,6	2592	2593
P53,8	2594	2595
P90,6	2596	2597
P143,4	2598	2599
P46,5	2600	2600
P152,4	2601	2601
P129,5	2602	2603
P23,8	2604	2604
P35,7	2605	2606
P175,7	2607	2607
P48,8	2608	2609
P95,5	2610	2611
P131,6	2612	2613
P47,7	2614	2614
P18,7	2615	2616
P31,6	2617	2618
P146,8	2619	2620
P127,6	2621	2621
P62,7	2622	2623
P8,9	2624	2625
P119,7	2626	2627
P61,6	2628	2629
P154,5	2630	2631
P105,7	2632	2633
P20,9	2634	2635
P78,6	2636	2636
P162,5	2637	2638
P145,5	2639	2639
P98,7	2640	2641
P111,7	2642	2642
P130,5	2643	2643
P64,8	2644	2644
P128,6	2645	2646
P59,7	2647	2648
P183,5	2649	2649
P161,6	2650	2651
P200,5	2652	2653
P29,7	2654	2655
P112,7	2656	2657
P124,7	2658	2659
P85,9	2660	2661
P103,8	2662	2663
P147,6	2664	2665
P149,6	2666	2667
P116,8	2668	2669
P14,9	2670	2671
P178,5	2672	2673
P79,6	2674	2675
P177,7	2676	2677
P5,11	2678	2679
P75,7	2680	2681
P60,6	2682	2683
P165,7	2684	2684
P144,6	2685	2686
P142,7	2687	2688
P91,6	2689	2690
P182,6	2691	2692
P159,6	2693	2694
P140,7	2695	2696
P191,7	2697	2698
P135,7	2699	2700
P80,6	2701	2702
P33,7	2703	2703
P93,5	2704	2705
P53,8	2706	2707
P185,7	2708	2709
P84,7	2710	2711
P120,6	2712	2712
P136,8	2713	2714
P129,5	2715	2715
P45,6	2716	2717
P35,7	2718	2719
P48,8	2720	2721
P95,5	2722	2723
P115,5	2724	2725
P18,7	2726	2726
P146,8	2727	2728
P57,10	2729	2730
P3,8	2731	2732
P109,6	2733	2733
P175,8	2734	2734
P61,6	2735	2735
P40,8	2736	2737
P166,7	2738	2739
P167,7	2740	2741
P20,9	2742	2743
P162,5	2744	2745
P23,9	2746	2747
P98,7	2748	2749
P46,6	2750	2751
P127,7	2752	2753
P176,8	2754	2755
P30,8	2756	2756
P161,6	2757	2757
P118,7	2758	2759
P47,8	2760	2761
P200,5	2762	2762
P152,5	2763	2764
P112,7	2765	2765
P137,6	2766	2767
P66,10	2768	2769
P103,8	2770	2770
P132,7	2771	2772
P149,6	2773	2773
P78,7	2774	2775
P187,5	2776	2777
P37,9	2778	2778
P178,5	2779	2780
P145,6	2781	2782
P51,6	2783	2784
P174,7	2785	2786
P75,7	2787	2787
P58,8	2788	2789
P68,7	2790	2791
P199,5	2792	2793
P39,9	2794	2795
P124,8	2796	2797
P158,7	2798	2799
P159,6	2800	2801
P85,10	2802	2802
P140,7	2803	2804
P191,7	2805	2806
P148,6	2807	2808
P133,8	2809	2809
P93,5	2810	2810
P117,8	2811	2812
P49,7	2813	2814
P91,7	2815	2816
P26,7	2817	2818
P136,8	2819	2820
P45,6	2821	2822
P177,8	2823	2824
P192,7	2825	2825
P48,8	2826	2827
P95,5	2828	2828
P115,5	2829	2829
P156,7	2830	2831
P150,7	2832	2833
P24,8	2834	2834
P57,10	2835	2836
P120,7	2837	2838
P72,6	2839	2840
P90,7	2841	2842
P193,6	2843	2844
P162,5	2845	2846
P31,7	2847	2848
P143,5	2849	2850
P151,6	2851	2852
P25,8	2853	2854
P86,7	2855	2856
P61,7	2857	2858
P101,7	2859	2860
P47,8	2861	2862
P33,8	2863	2864
P152,5	2865	2866
P12,7	2867	2868
P129,6	2869	2870
P18,8	2871	2872
P109,7	2873	2873
P78,7	2874	2874
P70,8	2875	2876
P187,5	2877	2878
P30,9	2879	2880
P175,9	2881	2881
P145,6	2882	2883
P105,8	2884	2884
P174,7	2885	2885
P123,7	2886	2887
P144,6	2888	2888
P142,7	2889	2890
P39,9	2891	2892
P124,8	2893	2894
P77,6	2895	2895
P64,9	2896	2897
P191,7	2898	2898
P148,6	2899	2900
P9,10	2901	2902
P117,8	2903	2904
P111,9	2905	2905
P91,7	2906	2907
P112,8	2908	2909
P149,7	2910	2911
P28,8	2912	2913
P137,7	2914	2915
P103,9	2916	2917
P199,6	2918	2919
P48,8	2920	2920
P73,8	2921	2922
P135,8	2923	2924
P146,8	2925	2926
P51,7	2927	2928
P120,7	2929	2930
P188,7	2931	2932
P166,7	2933	2933
P90,7	2934	2935
P193,6	2936	2937
P31,7	2938	2939
P93,6	2940	2940
P151,6	2941	2941
P107,6	2942	2943
P25,8	2944	2945
P128,6	2946	2947
P101,7	2948	2949
P57,11	2950	2951
P55,7	2952	2953
P33,8	2954	2954
P62,8	2955	2956
P95,6	2957	2958
P84,8	2959	2960
P12,7	2961	2962
P49,8	2963	2964
P18,8	2965	2966
P8,10	2967	2968
P20,10	2969	2970
P187,5	2971	2972
P14,9	2973	2974
P145,6	2975	2976
P123,7	2977	2978
P200,6	2979	2980
P119,9	2981	2982
P81,9	2983	2984
P69,7	2985	2986
P9,10	2987	2987
P143,6	2988	2989
P86,8	2990	2991
P26,7	2992	2993
P184,6	2994	2995
P109,8	2996	2997
P137,7	2998	2999
P103,9	3000	3000
P175,10	3001	3001
P64,10	3002	3003
P129,7	3004	3004
P132,8	3005	3006
P135,8	3007	3008
P68,8	3009	3010
P51,7	3011	3012
P120,7	3013	3014
P108,7	3015	3016
P79,7	3017	3018
P178,6	3019	3020
P77,7	3021	3022
P107,6	3023	3024
P148,7	3025	3025
P140,8	3026	3026
P127,7	3027	3028
P116,10	3029	3030
P190,8	3031	3032
P91,8	3033	3034
P185,8	3035	3036
P162,6	3037	3038
P167,8	3039	3040
P152,5	3041	3041
P84,8	3042	3043
P3,9	3044	3045
P53,9	3046	3047
P136,9	3048	3049
P80,8	3050	3050
P23,10	3051	3052
P48,9	3053	3054
P30,9	3055	3056
P145,6	3057	3058
P118,8	3059	3060
P200,6	3061	3062
P88,7	3063	3064
P119,9	3065	3066
P40,9	3067	3068
P161,7	3069	3070
P93,7	3071	3072
P163,8	3073	3074
P147,7	3075	3076
P117,8	3077	3078
P112,8	3079	3079
P149,7	3080	3081
P109,8	3082	3083
P137,7	3084	3084
P177,8	3085	3085
P168,8	3086	3086
P55,8	3087	3087
P100,8	3088	3089
P73,8	3090	3091
P69,8	3092	3093
P135,8	3094	3095
P68,8	3096	3097
P51,7	3098	3099
P78,8	3100	3101
P188,7	3102	3103
P86,9	3104	3105
P77,7	3106	3107
P107,6	3108	3109
P159,7	3110	3110
P192,9	3111	3111
P116,10	3112	3113
P57,11	3114	3114
P96,7	3115	3116
P167,8	3117	3118
P193,7	3119	3120
P45,7	3121	3122
P53,9	3123	3123
P136,9	3124	3125
P8,10	3126	3127
P23,10	3128	3129
P48,9	3130	3130
P176,9	3131	3132
P30,9	3133	3134
P72,7	3135	3136
P91,9	3137	3138
P120,8	3139	3140
P88,7	3141	3142
P111,11	3143	3143
P12,8	3144	3145
P161,7	3146	3147
P93,7	3148	3149
P163,8	3150	3151
P147,7	3152	3153
P101,8	3154	3154
P148,8	3155	3156
P109,8	3157	3158
P152,6	3159	3160
P73,8	3161	3161
P132,8	3162	3163
P135,8	3164	3164
P68,8	3165	3166
P145,7	3167	3168
P78,8	3169	3170
P188,7	3171	3172
P86,9	3173	3174
P77,7	3175	3176
P182,8	3177	3177
P124,9	3178	3179
P116,10	3180	3180
P166,9	3181	3181
P69,9	3182	3183
P37,11	3184	3185
P96,7	3186	3187
P118,9	3188	3189
P112,9	3190	3191
P3,9	3192	3193
P136,9	3194	3194
P149,8	3195	3196
P159,8	3197	3198
P130,8	3199	3200
P184,7	3201	3202
P72,7	3203	3204
P168,9	3205	3206
P192,10	3207	3207
P91,9	3208	3208
P177,9	3209	3210
P40,9	3211	3212
P107,7	3213	3214
P154,7	3215	3216
P93,7	3217	3218
P163,8	3219	3220
P162,7	3221	3222
P147,7	3223	3224
P24,10	3225	3225
P148,8	3226	3227
P31,8	3228	3229
P35,9	3230	3231
P57,12	3232	3233
P187,6	3234	3235
P133,10	3236	3237
P84,9	3238	3239
P158,8	3240	3240
P123,8	3241	3242
P79,7	3243	3243
P86,9	3244	3245
P103,10	3246	3246
P101,9	3247	3248
P70,9	3249	3250
P28,9	3251	3252
P200,7	3253	3254
P185,8	3255	3255
P100,9	3256	3257
P96,7	3258	3259
P30,10	3260	3261
P45,7	3262	3263
P26,8	3264	3265
P178,7	3266	3267
P159,8	3268	3269
P130,8	3270	3271
P184,7	3272	3273
P72,7	3274	3274
P168,9	3275	3276
P177,9	3277	3278
P40,9	3279	3280
P69,10	3281	3282
P154,7	3283	3284
P93,7	3285	3285
P162,7	3286	3287
P182,9	3288	3289
P49,9	3290	3291
P152,6	3292	3293
P88,8	3294	3294
P47,10	3295	3296
P123,8	3297	3298
P48,10	3299	3300
P193,8	3301	3302
P8,11	3303	3303
P172,9	3304	3305
P195,10	3306	3306
P119,10	3307	3307
P3,10	3308	3309
P73,9	3310	3311
P37,11	3312	3313
P135,9	3314	3315
P163,9	3316	3317
P149,8	3318	3318
P178,7	3319	3320
P101,10	3321	3321
P199,7	3322	3323
P108,8	3324	3325
P175,11	3326	3326
P127,8	3327	3327
P55,9	3328	3328
P96,8	3329	3330
P154,7	3331	3332
P31,9	3333	3334
P162,7	3335	3336
P26,9	3337	3338
P35,9	3339	3340
P57,12	3341	3342
P100,10	3343	3344
P47,10	3345	3346
P123,8	3347	3347
P12,10	3348	3349
P48,10	3350	3351
P193,8	3352	3352
P45,8	3353	3354
P128,8	3355	3356
P3,10	3357	3358
P72,8	3359	3359
P73,9	3360	3361
P93,8	3362	3363
P51,9	3364	3364
P95,8	3365	3366
P112,9	3367	3368
P147,8	3369	3370
P184,8	3371	3372
P168,9	3373	3374
P77,9	3375	3376
P109,9	3377	3378
P132,9	3379	3379
P49,9	3380	3380
P146,12	3381	3381
P57,12	3382	3382
P68,9	3383	3384
P86,10	3385	3386
P28,10	3387	3388
P12,10	3389	3390
P118,10	3391	3392
P176,10	3393	3394
P128,8	3395	3396
P3,10	3397	3398
P107,8	3399	3400
P135,9	3401	3401
P95,8	3402	3403
P182,10	3404	3405
P184,8	3406	3407
P79,8	3408	3409
P96,8	3410	3411
P120,9	3412	3413
P145,9	3414	3414
P88,9	3415	3415
P148,9	3416	3417
P35,10	3418	3419
P86,10	3420	3421
P124,10	3422	3423
P51,10	3424	3425
P55,10	3426	3426
P127,9	3427	3428
P112,10	3429	3430
P107,8	3431	3431
P95,8	3432	3433
P73,10	3434	3435
P184,8	3436	3437
P172,11	3438	3439
P79,8	3440	3440
P31,10	3441	3442
P109,9	3443	3444
P98,10	3445	3446
P162,8	3447	3448
P72,9	3449	3450
P108,9	3451	3452
P199,8	3453	3453
P124,10	3454	3454
P51,10	3455	3456
P48,11	3457	3458
P193,9	3459	3460
P112,10	3461	3462
P168,10	3463	3464
P73,10	3465	3466
P167,10	3467	3468
P172,11	3469	3470
P31,10	3471	3472
P154,9	3473	3474
P45,9	3475	3476
P200,8	3477	3478
P88,10	3479	3480
P119,11	3481	3482
P77,10	3483	3484
P35,11	3485	3486
P51,10	3487	3488
P48,11	3489	3490
P127,9	3491	3492
P81,12	3493	3494
P86,11	3495	3496
P96,9	3497	3498
P168,10	3499	3500
P73,10	3501	3501
P167,10	3502	3503
P172,11	3504	3505
P178,8	3506	3506
P31,10	3507	3507
P120,9	3508	3508
P68,10	3509	3510
P107,9	3511	3511
P200,8	3512	3513
P108,9	3514	3515
P51,10	3516	3517
P163,10	3518	3519
P95,9	3520	3521
P47,11	3522	3523
P158,10	3524	3525
P168,10	3526	3526
P128,9	3527	3528
P77,11	3529	3530
P98,11	3531	3532
P119,12	3533	3534
P199,9	3535	3536
P28,11	3537	3537
P45,9	3538	3539
P176,11	3540	3540
P135,10	3541	3542
P47,11	3543	3543
P88,11	3544	3545
P158,10	3546	3546
P193,10	3547	3548
P77,11	3549	3550
P107,10	3551	3552
P84,11	3553	3553
P98,11	3554	3555
P119,12	3556	3557
P48,12	3558	3559
P199,9	3560	3561
P68,10	3562	3563
P109,10	3564	3565
P88,11	3566	3567
P162,9	3568	3569
P118,12	3570	3571
P107,10	3572	3572
P96,10	3573	3574
P53,12	3575	3576
P79,9	3577	3577
P48,12	3578	3579
P128,10	3580	3581
P199,9	3582	3583
P51,11	3584	3585
P109,10	3586	3586
P31,11	3587	3587
P88,11	3588	3588
P193,10	3589	3590
P96,10	3591	3592
P119,12	3593	3594
P73,11	3595	3595
P128,10	3596	3597
P176,12	3598	3599
P77,12	3600	3600
P51,11	3601	3602
P167,11	3603	3604
P96,10	3605	3606
P172,12	3607	3608
P154,11	3609	3610
P79,10	3611	3611
P47,12	3612	3613
P95,11	3614	3615
P135,11	3616	3616
P128,10	3617	3617
P176,12	3618	3618
P84,12	3619	3620
P47,12	3621	3622
P95,11	3623	3624
P26,12	3625	3626
P88,12	3627	3628
P47,12	3629	3630
P199,10	3631	3632
P84,12	3633	3634
P162,10	3635	3636
P182,12	3637	3637
P26,12	3638	3639
P162,10	3640	3641
P193,11	3642	3643
P73,12	3644	3645
P96,11	3646	3649
P79,11	3650	3651
P128,11	3652	3655
P108,11	3658	3658
P158,12	3672	3674
P135,12	3676	3679
P154,12	3680	3680
P135,12	3681	3681
P109,12	3682	3683
P162,11	3684	3688
P79,12	3696	3700
P96,12	3702	3705
P199,12	3708	3712
CPU1
P3,1	3	4
P2,1	5	6
P4,1	7	8
P2,1	9	10
P3,1	11	12
P2,1	13	13
P6,1	14	17
P7,1	19	19
P9,1	24	24
P11,1	31	33
P13,1	36	39
P12,1	40	41
P17,1	42	43
P2,2	44	45
P4,2	46	47
P19,1	48	48
P17,1	49	50
P2,2	51	52
P7,2	53	53
P8,2	54	54
P17,1	55	55
P1,3	59	60
P5,2	61	62
P21,1	63	66
P13,2	67	68
P14,2	69	69
P3,2	70	71
P24,1	72	73
P3,2	74	75
P10,2	76	77
P15,2	78	79
P26,1	80	81
P25,1	82	83
P28,1	84	85
P18,2	86	87
P29,1	88	89
P31,1	90	91
P11,2	92	92
P30,1	93	93
P32,1	94	97
P6,2	98	98
P12,2	99	100
P34,1	101	104
P15,2	105	106
P35,1	107	110
P9,2	111	112
P18,2	113	114
P37,1	115	116
P11,3	117	118
P32,1	119	120
P22,2	121	122
P30,2	123	124
P41,1	125	126
P42,1	127	128
P40,1	129	130
P44,1	131	132
P41,1	133	134
P42,1	135	136
P14,3	137	138
P45,1	139	140
P37,2	141	142
P47,1	143	144
P12,2	145	146
P49,1	147	148
P36,2	149	152
P2,3	153	154
P17,2	155	156
P23,2	157	158
P20,2	159	160
P1,4	161	162
P10,3	163	163
P35,1	164	165
P5,3	166	167
P54,1	168	169
P44,2	170	171
P56,1	172	173
P9,2	174	175
P38,3	176	177
P57,1	178	178
P28,2	179	180
P58,1	181	181
P21,2	182	182
P3,3	183	184
P60,1	185	186
P59,1	187	188
P25,2	189	190
P62,1	191	194
P22,2	195	196
P6,3	197	198
P65,1	199	200
P66,1	201	202
P67,1	203	204
P52,2	205	205
P53,2	206	207
P67,1	208	209
P39,1	210	211
P29,2	212	213
P42,1	214	215
P14,3	216	216
P45,1	217	218
P70,1	219	220
P31,2	221	222
P46,1	223	224
P63,2	225	225
P4,3	226	227
P12,2	228	228
P16,3	229	230
P34,1	231	232
P75,1	233	234
P77,1	235	236
P74,1	237	238
P50,3	239	240
P75,1	241	242
P77,1	243	244
P78,1	245	246
P50,3	247	247
P79,1	248	249
P63,3	250	250
P36,2	251	252
P2,3	253	253
P51,1	254	254
P17,2	255	256
P24,2	257	258
P32,2	259	260
P83,1	261	261
P40,2	262	263
P85,1	264	265
P84,1	266	267
P1,4	268	269
P19,3	270	271
P57,3	272	273
P86,1	274	275
P27,2	276	277
P58,4	278	279
P26,2	280	281
P54,1	282	283
P55,1	284	285
P38,3	286	287
P28,2	288	289
P3,3	290	291
P48,2	292	293
P25,2	294	295
P91,1	296	297
P83,2	298	299
P92,1	300	301
P94,1	302	302
P96,1	303	304
P85,2	305	306
P98,1	307	308
P89,2	309	310
P90,2	311	312
P93,1	313	314
P95,1	315	316
P98,1	317	318
P89,2	319	320
P90,2	321	322
P105,1	323	324
P87,2	325	326
P104,1	327	328
P107,1	329	330
P106,1	331	332
P108,1	333	334
P37,3	335	336
P61,1	337	338
P62,1	339	340
P111,1	341	344
P112,1	345	348
P47,2	349	350
P113,1	351	351
P65,1	352	352
P53,2	353	353
P68,1	354	355
P5,4	356	357
P115,1	358	359
P116,1	360	360
P101,2	361	362
P100,2	363	364
P15,3	365	366
P102,2	367	368
P9,3	369	370
P29,2	371	372
P10,4	373	374
P120,1	375	375
P42,1	376	376
P45,1	377	378
P31,2	379	380
P71,1	381	382
P122,1	383	384
P16,3	385	385
P21,3	386	386
P8,4	387	388
P124,1	389	389
P116,2	390	391
P126,1	392	393
P123,1	394	395
P116,2	396	397
P126,1	398	399
P127,1	400	400
P74,1	401	401
P129,1	402	405
P59,2	406	407
P131,1	408	408
P130,1	409	410
P133,1	411	412
P132,1	413	414
P122,2	415	416
P134,1	417	418
P138,1	419	420
P135,1	421	422
P137,1	423	424
P138,1	425	425
P97,3	426	426
P75,1	427	428
P142,1	429	430
P143,1	431	432
P127,2	433	434
P141,1	435	436
P142,1	437	438
P143,1	439	440
P144,1	441	442
P131,2	443	444
P30,3	445	446
P124,2	447	448
P139,2	449	450
P149,1	451	452
P151,1	453	454
P133,2	455	456
P151,1	457	458
P152,1	459	460
P78,1	461	462
P67,2	463	464
P12,3	465	466
P60,2	467	468
P155,1	469	469
P17,2	470	470
P156,1	471	472
P158,1	473	473
P159,1	474	475
P162,1	476	477
P146,2	478	478
P97,4	479	480
P161,1	481	482
P162,1	483	484
P39,2	485	486
P165,1	487	490
P32,2	491	492
P166,1	493	493
P168,1	494	495
P169,1	496	497
P171,1	498	499
P167,1	500	501
P168,1	502	503
P169,1	504	505
P173,1	506	507
P155,2	508	509
P174,1	510	511
P157,2	512	515
P52,3	516	517
P84,1	518	518
P177,1	519	522
P178,1	523	526
P179,1	527	527
P158,2	528	529
P182,1	530	531
P184,1	532	533
P185,1	534	534
P180,1	535	536
P158,2	537	538
P182,1	539	540
P187,1	541	542
P146,3	543	544
P187,1	545	546
P1,4	547	547
P19,3	548	549
P190,1	550	553
P50,4	554	555
P179,2	556	559
P57,3	560	560
P193,1	561	562
P195,1	563	564
P196,1	565	566
P197,1	567	568
P198,1	569	570
P200,1	571	572
P197,1	573	574
P198,1	575	576
P186,2	577	578
P14,4	579	579
P27,2	580	581
P26,2	582	583
P34,2	584	585
P51,2	586	587
P38,3	588	588
P49,2	589	590
P28,2	591	592
P64,3	593	594
P20,3	595	596
P81,2	597	598
P63,4	599	600
P66,3	601	602
P76,2	603	604
P196,2	605	606
P86,2	607	608
P85,2	609	610
P88,2	611	611
P80,2	612	613
P95,1	614	615
P98,1	616	616
P99,1	617	618
P87,2	619	620
P35,2	621	622
P54,2	623	623
P55,2	624	624
P37,3	625	626
P109,1	627	628
P111,1	629	630
P47,2	631	632
P114,1	633	634
P5,4	635	635
P115,1	636	637
P94,2	638	639
P103,2	640	641
P15,3	642	643
P105,2	644	645
P9,3	646	647
P10,4	648	649
P65,2	650	651
P31,2	652	653
P71,1	654	654
P72,1	655	655
P18,3	656	657
P117,2	658	659
P22,3	660	661
P125,1	662	662
P53,3	663	664
P42,2	665	666
P129,1	667	667
P21,4	668	668
P41,2	669	670
P130,1	671	672
P122,2	673	674
P134,1	675	675
P119,2	676	677
P137,1	678	679
P75,1	680	680
P141,1	681	682
P142,1	683	683
P118,2	684	685
P144,1	686	687
P145,1	688	689
P139,2	690	691
P148,1	692	693
P140,2	694	695
P150,1	696	697
P78,1	698	698
P154,1	699	700
P60,2	701	702
P131,3	703	704
P97,4	705	706
P162,1	707	708
P164,1	709	709
P46,2	710	711
P151,2	712	713
P168,1	714	715
P147,2	716	717
P169,1	718	719
P172,1	720	721
P17,3	722	723
P176,1	724	725
P69,2	726	727
P40,3	728	729
P165,2	730	731
P178,1	732	733
P158,2	734	735
P182,1	736	737
P174,2	738	739
P146,3	740	741
P187,1	742	743
P188,1	744	745
P189,1	746	747
P50,4	748	749
P175,2	750	751
P193,1	752	753
P171,2	754	755
P160,3	756	757
P200,1	758	758
P4,4	759	760
P23,3	761	762
P191,2	763	764
P44,2	765	766
P49,2	767	767
P170,3	768	769
P185,2	770	771
P20,3	772	773
P81,2	774	775
P83,2	776	777
P76,2	778	779
P2,4	780	781
P199,2	782	783
P14,5	784	785
P11,4	786	787
P33,3	788	789
P28,3	790	791
P99,1	792	793
P38,4	794	795
P35,2	796	797
P48,3	798	799
P109,1	800	801
P111,1	802	802
P26,3	803	804
P114,1	805	806
P100,2	807	808
P63,5	809	810
P105,2	811	812
P196,3	813	814
P107,2	815	816
P10,4	817	818
P110,2	819	820
P31,2	821	821
P85,3	822	823
P117,2	824	825
P116,2	826	826
P126,1	827	828
P113,2	829	829
P98,2	830	831
P128,1	832	833
P45,2	834	835
P120,2	836	836
P61,2	837	838
P73,2	839	840
P136,1	841	841
P137,1	842	843
P94,3	844	845
P127,2	846	847
P13,4	848	849
P7,6	850	851
P15,4	852	853
P144,1	854	854
P124,2	855	855
P103,3	856	857
P59,3	858	859
P132,2	860	861
P101,3	862	863
P102,3	864	865
P140,2	866	866
P133,2	867	868
P12,3	869	870
P129,2	871	872
P156,1	873	873
P134,2	874	875
P75,2	876	877
P162,1	878	878
P65,3	879	880
P163,1	881	881
P32,2	882	883
P167,1	884	885
P135,2	886	887
P30,4	888	888
P169,1	889	890
P67,3	891	892
P155,2	893	894
P154,2	895	896
P149,2	897	898
P40,3	899	900
P181,1	901	902
P174,2	903	903
P172,2	904	905
P177,2	906	907
P173,2	908	908
P190,1	909	910
P50,4	911	911
P175,2	912	913
P193,1	914	914
P194,1	915	916
P195,1	917	917
P4,4	918	919
P58,4	920	920
P176,2	921	921
P165,3	922	923
P79,2	924	925
P166,3	926	927
P185,2	928	929
P81,2	930	931
P52,4	932	933
P188,2	934	935
P66,3	936	937
P200,2	938	939
P2,4	940	941
P199,2	942	943
P14,5	944	945
P11,4	946	946
P33,3	947	947
P28,3	948	949
P51,3	950	951
P34,3	952	953
P91,2	954	955
P186,3	956	957
P19,4	958	959
P198,2	960	961
P171,3	962	963
P105,2	964	964
P49,3	965	966
P196,3	967	968
P107,2	969	970
P10,4	971	971
P108,2	972	972
P109,2	973	974
P96,2	975	976
P8,4	977	977
P64,4	978	979
P22,3	980	980
P93,2	981	982
P92,3	983	984
P98,2	985	986
P54,3	987	988
P47,3	989	990
P45,2	991	992
P41,2	993	994
P61,2	995	996
P73,2	997	997
P123,2	998	999
P94,3	1000	1001
P95,2	1002	1003
P37,4	1004	1004
P115,2	1005	1006
P25,4	1007	1008
P116,3	1009	1010
P15,4	1011	1012
P89,4	1013	1014
P103,3	1015	1016
P132,2	1017	1018
P101,3	1019	1019
P18,4	1020	1021
P9,4	1022	1023
P71,2	1024	1024
P110,3	1025	1026
P113,3	1027	1028
P42,3	1029	1030
P131,3	1031	1031
P29,3	1032	1033
P7,7	1034	1035
P75,2	1036	1036
P65,3	1037	1038
P21,5	1039	1040
P151,2	1041	1042
P118,3	1043	1044
P152,2	1045	1046
P136,2	1047	1048
P149,2	1049	1050
P124,3	1051	1052
P162,2	1053	1054
P143,2	1055	1056
P138,3	1057	1058
P78,3	1059	1060
P144,2	1061	1062
P97,5	1063	1064
P72,3	1065	1066
P157,3	1067	1068
P134,3	1069	1070
P169,2	1071	1072
P191,2	1073	1074
P165,3	1075	1075
P142,3	1076	1077
P161,3	1078	1079
P69,3	1080	1081
P184,2	1082	1083
P1,5	1084	1085
P32,3	1086	1087
P177,3	1088	1089
P52,4	1090	1091
P159,2	1092	1093
P188,2	1094	1095
P182,2	1096	1097
P190,2	1098	1099
P200,2	1100	1101
P67,4	1102	1103
P24,3	1104	1105
P197,2	1106	1107
P153,3	1108	1108
P17,4	1109	1110
P178,2	1111	1112
P77,3	1113	1114
P38,4	1115	1116
P51,3	1117	1118
P185,3	1119	1120
P40,4	1121	1122
P91,2	1123	1124
P48,3	1125	1125
P186,3	1126	1127
P3,4	1128	1129
P26,3	1130	1130
P79,3	1131	1132
P179,3	1133	1134
P55,3	1135	1136
P49,3	1137	1138
P196,3	1139	1140
P195,2	1141	1142
P66,4	1143	1143
P87,3	1144	1145
P109,2	1146	1147
P28,4	1148	1149
P23,4	1150	1151
P6,4	1152	1153
P64,4	1154	1155
P93,2	1156	1156
P81,3	1157	1158
P98,2	1159	1159
P86,3	1160	1160
P100,3	1161	1162
P45,2	1163	1163
P80,3	1164	1165
P114,2	1166	1167
P61,2	1168	1168
P107,3	1169	1170
P123,2	1171	1171
P90,3	1172	1172
P125,2	1173	1174
P36,4	1175	1176
P115,2	1177	1177
P111,2	1178	1179
P8,5	1180	1181
P16,4	1182	1182
P31,3	1183	1183
P15,4	1184	1185
P192,4	1186	1187
P82,4	1188	1189
P10,5	1190	1191
P120,3	1192	1193
P102,3	1194	1195
P112,3	1196	1197
P47,4	1198	1199
P73,3	1200	1201
P117,3	1202	1203
P129,2	1204	1204
P70,3	1205	1206
P37,5	1207	1208
P128,2	1209	1209
P151,2	1210	1211
P130,2	1212	1213
P106,3	1214	1215
P152,2	1216	1217
P74,3	1218	1219
P13,5	1220	1221
P148,2	1222	1223
P172,2	1224	1225
P59,4	1226	1227
P60,3	1228	1229
P164,2	1230	1230
P103,4	1231	1232
P144,2	1233	1233
P140,3	1234	1235
P84,2	1236	1237
P46,3	1238	1239
P157,3	1240	1240
P137,3	1241	1242
P191,2	1243	1244
P183,2	1245	1246
P147,3	1247	1248
P29,4	1249	1250
P161,3	1251	1252
P69,3	1253	1254
P174,3	1255	1256
P187,2	1257	1258
P32,3	1259	1260
P30,5	1261	1262
P5,7	1263	1264
P52,4	1265	1266
P21,6	1267	1268
P181,2	1269	1270
P180,2	1271	1272
P169,3	1273	1274
P197,2	1275	1275
P17,4	1276	1277
P178,2	1278	1279
P58,5	1280	1281
P134,4	1282	1283
P176,3	1284	1285
P135,4	1286	1287
P173,4	1288	1289
P189,3	1290	1291
P186,3	1292	1292
P150,3	1293	1294
P76,3	1295	1296
P165,4	1297	1298
P55,3	1299	1300
P193,2	1301	1302
P88,3	1303	1304
P195,2	1305	1306
P194,3	1307	1308
P167,3	1309	1310
P20,4	1311	1312
P109,2	1313	1313
P28,4	1314	1315
P96,2	1316	1317
P198,3	1318	1319
P50,6	1320	1321
P64,4	1322	1323
P35,3	1324	1325
P175,4	1326	1326
P81,3	1327	1328
P92,3	1329	1330
P26,4	1331	1332
P104,3	1333	1334
P153,4	1335	1336
P33,4	1337	1338
P63,6	1339	1340
P125,2	1341	1342
P19,5	1343	1344
P25,4	1345	1346
P62,3	1347	1347
P66,5	1348	1349
P192,4	1350	1351
P132,2	1352	1352
P82,4	1353	1354
P10,5	1355	1356
P179,4	1357	1357
P102,3	1358	1359
P98,3	1360	1361
P22,4	1362	1362
P86,4	1363	1364
P73,3	1365	1365
P53,4	1366	1367
P111,3	1368	1369
P93,3	1370	1371
P90,4	1372	1373
P123,3	1374	1375
P122,3	1376	1377
P126,3	1378	1379
P71,3	1380	1381
P118,3	1382	1383
P152,2	1384	1385
P154,2	1386	1386
P74,3	1387	1388
P149,2	1389	1389
P80,4	1390	1391
P148,2	1392	1392
P172,2	1393	1393
P143,2	1394	1395
P12,4	1396	1397
P31,4	1398	1399
P116,4	1400	1401
P16,5	1402	1402
P115,3	1403	1404
P140,3	1405	1406
P46,3	1407	1408
P137,3	1409	1410
P37,6	1411	1412
P7,8	1413	1413
P145,3	1414	1415
P85,5	1416	1417
P158,3	1418	1418
P161,3	1419	1420
P151,3	1421	1422
P174,3	1423	1424
P187,2	1425	1426
P84,3	1427	1428
P177,3	1429	1429
P5,7	1430	1431
P138,4	1432	1433
P21,6	1434	1435
P75,4	1436	1437
P113,5	1438	1439
P182,2	1440	1441
P144,3	1442	1443
P190,2	1444	1445
P156,3	1446	1447
P72,4	1448	1449
P146,4	1450	1451
P77,3	1452	1453
P51,3	1454	1454
P133,4	1455	1456
P40,4	1457	1458
P34,3	1459	1459
P189,3	1460	1461
P191,3	1462	1463
P150,3	1464	1465
P79,3	1466	1467
P1,6	1468	1469
P121,5	1470	1470
P38,5	1471	1471
P49,3	1472	1472
P67,5	1473	1474
P194,3	1475	1476
P167,3	1477	1478
P136,4	1479	1480
P185,4	1481	1482
P4,5	1483	1484
P163,3	1485	1486
P27,4	1487	1488
P198,3	1489	1490
P166,4	1491	1492
P2,5	1493	1494
P170,5	1495	1496
P100,3	1497	1497
P26,4	1498	1499
P104,3	1500	1500
P199,3	1501	1502
P17,5	1503	1504
P176,4	1505	1506
P114,2	1507	1508
P107,3	1509	1510
P20,5	1511	1511
P95,2	1512	1513
P19,5	1514	1515
P56,3	1516	1516
P109,3	1517	1518
P11,6	1519	1520
P66,5	1521	1522
P192,4	1523	1523
P3,5	1524	1525
P120,3	1526	1526
P98,3	1527	1527
P108,4	1528	1529
P81,4	1530	1531
P86,4	1532	1533
P117,3	1534	1534
P93,3	1535	1536
P62,4	1537	1538
P127,3	1539	1539
P123,3	1540	1540
P6,5	1541	1541
P25,5	1542	1543
P130,2	1544	1545
P8,6	1546	1547
P61,3	1548	1548
P94,4	1549	1550
P80,4	1551	1552
P102,4	1553	1554
P143,2	1555	1556
P31,4	1557	1558
P18,5	1559	1560
P115,3	1561	1562
P70,4	1563	1564
P97,5	1565	1565
P46,3	1566	1567
P155,3	1568	1568
P37,6	1569	1570
P82,5	1571	1572
P47,5	1573	1574
P145,3	1575	1576
P74,4	1577	1578
P29,4	1579	1580
P124,4	1581	1582
P129,3	1583	1584
P106,4	1585	1586
P32,3	1587	1588
P111,4	1589	1590
P30,5	1591	1591
P138,4	1592	1593
P21,6	1594	1595
P42,5	1596	1597
P137,4	1598	1599
P16,6	1600	1601
P181,2	1602	1602
P149,3	1603	1604
P144,3	1605	1606
P169,3	1607	1608
P85,6	1609	1610
P72,4	1611	1612
P146,4	1613	1614
P172,3	1615	1615
P13,6	1616	1617
P133,4	1618	1619
P40,4	1620	1621
P173,4	1622	1622
P158,4	1623	1624
P142,4	1625	1625
P139,4	1626	1627
P65,5	1628	1629
P187,3	1630	1631
P1,6	1632	1633
P182,3	1634	1635
P67,5	1636	1637
P57,5	1638	1639
P184,3	1640	1641
P185,4	1642	1643
P168,4	1644	1645
P163,3	1646	1646
P27,4	1647	1648
P166,4	1649	1649
P2,5	1650	1650
P34,4	1651	1652
P196,4	1653	1654
P49,4	1655	1656
P39,6	1657	1658
P17,5	1659	1660
P176,4	1661	1662
P197,4	1663	1664
P33,4	1665	1666
P14,7	1667	1668
P136,5	1669	1670
P91,4	1671	1672
P88,4	1673	1674
P121,6	1675	1676
P54,4	1677	1678
P28,5	1679	1680
P108,4	1681	1682
P23,5	1683	1684
P125,3	1685	1686
P24,5	1687	1687
P93,3	1688	1689
P48,5	1690	1691
P153,5	1692	1693
P35,4	1694	1694
P126,3	1695	1695
P56,4	1696	1696
P104,4	1697	1698
P8,6	1699	1700
P114,3	1701	1702
P64,5	1703	1704
P100,4	1705	1706
P19,6	1707	1708
P12,4	1709	1709
P31,4	1710	1710
P45,4	1711	1712
P115,3	1713	1714
P118,4	1715	1716
P95,3	1717	1718
P101,4	1719	1719
P37,6	1720	1721
P63,7	1722	1723
P120,4	1724	1725
P47,5	1726	1727
P145,3	1728	1729
P61,4	1730	1731
P74,4	1732	1732
P143,3	1733	1734
P73,4	1735	1736
P129,3	1737	1738
P122,4	1739	1740
P83,5	1741	1742
P46,4	1743	1744
P53,5	1745	1746
P130,3	1747	1747
P132,4	1748	1749
P138,4	1750	1751
P155,4	1752	1752
P116,5	1753	1754
P102,5	1755	1756
P154,3	1757	1758
P9,6	1759	1759
P78,4	1760	1761
P141,4	1762	1763
P131,5	1764	1765
P111,5	1766	1767
P59,5	1768	1769
P164,3	1770	1770
P159,3	1771	1772
P177,4	1773	1774
P161,4	1775	1776
P135,4	1777	1778
P30,6	1779	1780
P103,5	1781	1782
P147,4	1783	1784
P69,4	1785	1786
P200,3	1787	1787
P182,3	1788	1788
P134,5	1789	1790
P77,4	1791	1792
P184,3	1793	1794
P173,5	1795	1796
P168,4	1797	1798
P190,3	1799	1800
P27,4	1801	1801
P181,3	1802	1803
P79,4	1804	1805
P49,4	1806	1807
P39,6	1808	1809
P199,3	1810	1811
P87,4	1812	1813
P96,3	1814	1815
P197,4	1816	1817
P172,4	1818	1819
P14,7	1820	1821
P146,5	1822	1823
P91,4	1824	1825
P1,7	1826	1827
P121,6	1828	1829
P4,6	1830	1831
P65,6	1832	1833
P188,4	1834	1835
P52,6	1836	1837
P2,6	1838	1839
P67,6	1840	1841
P62,4	1842	1843
P90,4	1844	1844
P153,5	1845	1846
P107,4	1847	1848
P167,4	1849	1850
P192,5	1851	1852
P114,3	1853	1854
P94,4	1855	1855
P166,5	1856	1857
P64,5	1858	1859
P100,4	1860	1861
P112,4	1862	1863
P195,4	1864	1864
P34,5	1865	1866
P18,5	1867	1867
P76,5	1868	1868
P115,3	1869	1869
P70,4	1870	1870
P176,5	1871	1872
P81,5	1873	1873
P35,5	1874	1875
P10,6	1876	1877
P20,6	1878	1878
P63,7	1879	1880
P82,5	1881	1881
P8,7	1882	1883
P47,5	1884	1884
P12,5	1885	1886
P152,3	1887	1888
P71,4	1889	1890
P175,6	1891	1892
P119,5	1893	1894
P73,4	1895	1896
P80,5	1897	1898
P129,3	1899	1899
P106,4	1900	1901
P123,4	1902	1903
P31,5	1904	1905
P53,5	1906	1907
P127,4	1908	1908
P132,4	1909	1910
P99,4	1911	1912
P56,5	1913	1914
P137,4	1915	1916
P113,5	1917	1918
P149,3	1919	1919
P141,4	1920	1920
P131,5	1921	1922
P37,7	1923	1924
P72,4	1925	1925
P159,3	1926	1926
P29,5	1927	1927
P13,6	1928	1929
P32,4	1930	1931
P60,4	1932	1933
P124,5	1934	1935
P147,4	1936	1937
P130,4	1938	1939
P77,4	1940	1941
P184,3	1942	1942
P173,5	1943	1944
P75,5	1945	1946
P155,5	1947	1948
P84,4	1949	1949
P148,4	1950	1951
P140,5	1952	1953
P138,5	1954	1955
P164,4	1956	1957
P172,4	1958	1959
P14,7	1960	1961
P190,4	1962	1963
P40,5	1964	1964
P180,4	1965	1966
P109,3	1967	1967
P168,5	1968	1969
P121,6	1970	1970
P135,5	1971	1972
P4,6	1973	1974
P193,3	1975	1976
P65,6	1977	1978
P182,4	1979	1979
P188,4	1980	1981
P52,6	1982	1982
P23,5	1983	1983
P69,5	1984	1985
P85,8	1986	1987
P44,5	1988	1989
P62,4	1990	1990
P49,5	1991	1991
P153,5	1992	1992
P165,6	1993	1994
P25,5	1995	1995
P167,4	1996	1996
P192,5	1997	1998
P114,3	1999	2000
P166,5	2001	2002
P88,5	2003	2004
P79,5	2005	2006
P125,4	2007	2008
P171,5	2009	2010
P19,6	2011	2011
P197,5	2012	2012
P136,6	2013	2014
P90,5	2015	2016
P93,4	2017	2018
P48,6	2019	2020
P33,6	2021	2022
P35,5	2023	2023
P95,3	2024	2024
P3,6	2025	2026
P94,5	2027	2028
P104,5	2029	2030
P12,5	2031	2031
P195,5	2032	2033
P108,5	2034	2035
P70,5	2036	2037
P175,6	2038	2039
P119,5	2040	2041
P80,5	2042	2043
P112,5	2044	2044
P18,6	2045	2046
P98,4	2047	2048
P83,5	2049	2050
P31,5	2051	2052
P101,5	2053	2054
P132,4	2055	2055
P66,7	2056	2057
P99,4	2058	2059
P56,5	2060	2061
P137,4	2062	2063
P128,4	2064	2065
P131,5	2066	2067
P111,5	2068	2069
P129,4	2070	2071
P15,7	2072	2073
P61,5	2074	2075
P60,4	2076	2076
P8,8	2077	2078
P158,4	2079	2080
P147,4	2081	2082
P187,3	2083	2084
P130,4	2085	2086
P113,6	2087	2088
P154,4	2089	2090
P145,4	2091	2092
P173,5	2093	2093
P106,5	2094	2095
P141,5	2096	2096
P75,5	2097	2098
P155,5	2099	2100
P149,4	2101	2101
P122,6	2102	2103
P59,6	2104	2105
P138,5	2106	2107
P164,4	2108	2109
P144,4	2110	2111
P14,7	2112	2112
P183,4	2113	2114
P29,6	2115	2115
P186,5	2116	2117
P185,5	2118	2119
P168,5	2120	2120
P135,5	2121	2122
P5,9	2123	2123
P13,7	2124	2124
P178,4	2125	2126
P188,4	2127	2128
P161,5	2129	2130
P69,5	2131	2132
P199,4	2133	2134
P44,5	2135	2135
P51,5	2136	2137
P57,7	2138	2138
P165,6	2139	2139
P192,5	2140	2141
P114,3	2142	2142
P163,4	2143	2143
P88,5	2144	2145
P79,5	2146	2147
P121,7	2148	2149
P125,4	2150	2151
P2,7	2152	2153
P171,5	2154	2155
P39,7	2156	2156
P177,6	2157	2158
P23,6	2159	2160
P172,5	2161	2162
P90,5	2163	2164
P93,4	2165	2166
P150,5	2167	2168
P40,6	2169	2170
P3,6	2171	2171
P94,5	2172	2172
P28,6	2173	2174
P182,5	2175	2176
P193,4	2177	2178
P108,5	2179	2180
P54,5	2181	2182
P143,3	2183	2184
P80,5	2185	2186
P25,6	2187	2188
P49,6	2189	2190
P35,6	2191	2192
P120,5	2193	2194
P83,5	2195	2195
P46,4	2196	2196
P118,5	2197	2197
P115,4	2198	2199
P92,5	2200	2200
P105,5	2201	2202
P116,5	2203	2204
P81,6	2205	2206
P19,7	2207	2208
P195,6	2209	2210
P98,5	2211	2212
P111,5	2213	2213
P129,4	2214	2214
P15,7	2215	2216
P61,5	2217	2217
P30,6	2218	2219
P74,6	2220	2221
P82,6	2222	2223
P132,5	2224	2225
P68,5	2226	2227
P12,6	2228	2229
P70,6	2230	2231
P126,5	2232	2233
P154,4	2234	2235
P145,4	2236	2237
P106,5	2238	2239
P72,5	2240	2241
P155,5	2242	2243
P148,4	2244	2245
P137,5	2246	2247
P20,8	2248	2248
P138,5	2249	2249
P131,6	2250	2251
P78,5	2252	2252
P174,5	2253	2253
P47,7	2254	2255
P124,6	2256	2256
P86,6	2257	2258
P186,5	2259	2259
P187,4	2260	2261
P185,5	2262	2263
P159,4	2264	2264
P135,5	2265	2266
P141,6	2267	2267
P178,4	2268	2269
P188,4	2270	2271
P16,8	2272	2273
P77,5	2274	2275
P199,4	2276	2277
P103,7	2278	2279
P149,5	2280	2281
P107,4	2282	2283
P96,4	2284	2285
P180,5	2286	2287
P140,6	2288	2289
P2,7	2290	2291
P171,5	2292	2293
P177,6	2294	2295
P23,6	2296	2296
P191,6	2297	2298
P90,5	2299	2300
P150,5	2301	2302
P168,6	2303	2304
P142,6	2305	2306
P85,9	2307	2308
P182,5	2309	2310
P193,4	2311	2312
P108,5	2313	2314
P39,8	2315	2316
P26,6	2317	2318
P136,7	2319	2320
P95,4	2321	2322
P49,6	2323	2324
P35,6	2325	2326
P163,5	2327	2328
P165,7	2329	2330
P91,6	2331	2332
P166,6	2333	2334
P115,4	2335	2336
P94,6	2337	2338
P128,4	2339	2340
P121,8	2341	2342
P62,6	2343	2343
P195,6	2344	2345
P162,4	2346	2347
P73,5	2348	2348
P10,8	2349	2350
P8,8	2351	2351
P82,6	2352	2353
P132,5	2354	2354
P105,6	2355	2355
P130,4	2356	2356
P12,6	2357	2358
P3,7	2359	2360
P99,5	2361	2361
P126,5	2362	2363
P25,7	2364	2365
P129,5	2366	2367
P106,5	2368	2369
P112,6	2370	2371
P81,7	2372	2373
P123,5	2374	2375
P116,6	2376	2377
P131,6	2378	2379
P47,7	2380	2381
P144,4	2382	2382
P111,6	2383	2383
P32,5	2384	2384
P187,4	2385	2386
P185,5	2387	2388
P127,6	2389	2390
P110,6	2391	2392
P135,5	2393	2393
P178,4	2394	2395
P154,5	2396	2397
P9,8	2398	2399
P16,8	2400	2400
P156,5	2401	2401
P174,6	2402	2403
P75,6	2404	2405
P69,5	2406	2406
P186,6	2407	2408
P103,7	2409	2410
P164,5	2411	2411
P59,7	2412	2413
P180,5	2414	2414
P181,4	2415	2416
P2,7	2417	2418
P188,5	2419	2420
P172,5	2421	2421
P200,5	2422	2423
P168,6	2424	2424
P29,7	2425	2426
P137,6	2427	2428
P28,6	2429	2429
P53,7	2430	2431
P104,5	2432	2432
P182,5	2433	2433
P88,6	2434	2435
P108,5	2436	2436
P4,7	2437	2438
P45,5	2439	2440
P26,6	2441	2442
P136,7	2443	2444
P18,6	2445	2445
P150,6	2446	2447
P167,5	2448	2449
P35,6	2450	2451
P192,6	2452	2453
P11,8	2454	2454
P199,5	2455	2456
P146,7	2457	2458
P166,6	2459	2460
P115,4	2461	2461
P94,6	2462	2463
P100,5	2464	2465
P19,7	2466	2467
P198,6	2468	2468
P80,6	2469	2470
P109,5	2471	2472
P93,5	2473	2474
P10,8	2475	2475
P90,6	2476	2477
P143,4	2478	2479
P176,7	2480	2481
P12,6	2482	2483
P120,6	2484	2485
P145,4	2486	2487
P128,5	2488	2489
P112,6	2490	2491
P123,5	2492	2492
P95,5	2493	2494
P131,6	2495	2496
P47,7	2497	2498
P31,6	2499	2500
P187,4	2501	2502
P30,7	2503	2503
P24,8	2504	2505
P102,7	2506	2507
P3,8	2508	2509
P173,6	2510	2510
P119,7	2511	2512
P61,6	2513	2514
P154,5	2515	2516
P37,8	2517	2518
P106,6	2519	2520
P73,6	2521	2522
P77,5	2523	2524
P113,7	2525	2526
P138,6	2527	2528
P149,5	2529	2530
P64,8	2531	2532
P135,6	2533	2534
P59,7	2535	2536
P2,7	2537	2537
P161,6	2538	2539
P200,5	2540	2541
P185,6	2542	2543
P69,6	2544	2545
P124,7	2546	2547
P148,5	2548	2549
P88,6	2550	2551
P103,8	2552	2553
P39,8	2554	2555
P26,6	2556	2557
P190,6	2558	2559
P79,6	2560	2561
P177,7	2562	2563
P9,9	2564	2565
P28,7	2566	2567
P163,5	2568	2569
P60,6	2570	2571
P165,7	2572	2573
P142,7	2574	2575
P164,6	2576	2576
P182,6	2577	2578
P159,6	2579	2580
P140,7	2581	2582
P100,5	2583	2583
P96,5	2584	2584
P172,6	2585	2586
P108,6	2587	2588
P33,7	2589	2590
P93,5	2591	2592
P55,6	2593	2593
P49,7	2594	2595
P84,7	2596	2597
P176,7	2598	2599
P12,6	2600	2600
P120,6	2601	2602
P45,6	2603	2604
P192,7	2605	2606
P167,6	2607	2608
P101,6	2609	2610
P19,8	2611	2612
P115,5	2613	2614
P195,7	2615	2616
P187,4	2617	2618
P24,8	2619	2620
P102,7	2621	2622
P3,8	2623	2624
P171,7	2625	2626
P81,8	2627	2628
P72,6	2629	2630
P70,7	2631	2632
P106,6	2633	2633
P77,5	2634	2634
P66,9	2635	2635
P113,7	2636	2637
P10,9	2638	2639
P151,6	2640	2641
P25,8	2642	2643
P86,7	2644	2645
P30,8	2646	2647
P117,7	2648	2649
P118,7	2650	2651
P58,7	2652	2653
P69,6	2654	2655
P137,6	2656	2657
P123,6	2658	2659
P184,5	2660	2660
P88,6	2661	2662
P114,4	2663	2664
P132,7	2665	2666
P39,8	2667	2668
P133,7	2669	2669
P37,9	2670	2671
P2,8	2672	2673
P51,6	2674	2675
P150,6	2676	2676
P174,7	2677	2678
P28,7	2679	2680
P141,8	2681	2681
P168,7	2682	2683
P68,7	2684	2685
P199,5	2686	2687
P181,5	2688	2689
P158,7	2690	2691
P193,5	2692	2692
P73,7	2693	2694
P107,5	2695	2696
P172,6	2697	2698
P108,6	2699	2700
P148,6	2701	2702
P9,10	2703	2704
P188,6	2705	2706
P49,7	2707	2708
P90,6	2709	2710
P143,4	2711	2711
P26,7	2712	2713
P163,6	2714	2715
P190,7	2716	2717
P192,7	2718	2719
P96,6	2720	2721
P19,8	2722	2723
P156,7	2724	2725
P195,7	2726	2727
P24,8	2728	2729
P100,6	2730	2731
P8,9	2732	2733
P81,8	2734	2735
P72,6	2736	2737
P154,5	2738	2739
P70,7	2740	2740
P105,7	2741	2742
P113,7	2743	2744
P10,9	2745	2745
P31,7	2746	2747
P151,6	2748	2749
P25,8	2750	2751
P86,7	2752	2753
P128,6	2754	2755
P59,7	2756	2757
P101,7	2758	2759
P55,7	2760	2761
P62,8	2762	2763
P69,6	2764	2765
P12,7	2766	2767
P88,6	2768	2769
P147,6	2770	2771
P119,8	2772	2773
P116,8	2774	2774
P111,8	2775	2775
P14,9	2776	2777
P171,8	2778	2778
P2,8	2779	2780
P183,6	2781	2781
P79,6	2782	2783
P130,6	2784	2785
P28,7	2786	2787
P168,7	2788	2788
P123,7	2789	2790
P144,6	2791	2792
P142,7	2793	2794
P181,5	2795	2796
P106,7	2797	2797
P77,6	2798	2799
P73,7	2800	2801
P64,9	2802	2803
P107,5	2804	2804
P135,7	2805	2805
P108,6	2806	2806
P114,5	2807	2808
P9,10	2809	2810
P188,6	2811	2811
P53,8	2812	2813
P185,7	2814	2815
P84,7	2816	2817
P184,6	2818	2819
P163,6	2820	2821
P190,7	2822	2823
P35,7	2824	2825
P96,6	2826	2827
P19,8	2828	2829
P182,7	2830	2831
P146,8	2832	2833
P80,7	2834	2834
P3,8	2835	2836
P81,8	2837	2837
P40,8	2838	2839
P166,7	2840	2841
P167,7	2842	2843
P113,7	2844	2844
P23,9	2845	2846
P172,7	2847	2848
P98,7	2849	2850
P46,6	2851	2852
P127,7	2853	2854
P176,8	2855	2855
P128,6	2856	2857
P118,7	2858	2858
P154,6	2859	2860
P55,7	2861	2862
P62,8	2863	2864
P69,6	2865	2865
P100,7	2866	2867
P147,6	2868	2869
P132,7	2870	2870
P195,8	2871	2871
P119,8	2872	2873
P8,10	2874	2875
P20,10	2876	2877
P14,9	2878	2879
P178,5	2880	2881
P79,6	2882	2883
P130,6	2884	2884
P58,8	2885	2886
P68,7	2887	2888
P200,6	2889	2890
P88,7	2891	2892
P158,7	2893	2894
P159,6	2895	2896
P140,7	2897	2897
P161,7	2898	2899
P114,5	2900	2901
P171,9	2902	2903
P53,8	2904	2904
P185,7	2905	2905
P26,7	2906	2907
P184,6	2908	2909
P116,9	2910	2911
P45,6	2912	2912
P190,7	2913	2913
P177,8	2914	2915
P168,8	2916	2917
P35,7	2918	2919
P96,6	2920	2921
P19,8	2922	2922
P37,10	2923	2924
P2,9	2925	2926
P181,6	2927	2928
P40,8	2929	2929
P108,7	2930	2931
P72,6	2932	2933
P167,7	2934	2934
P163,7	2935	2935
P162,5	2936	2936
P23,9	2937	2937
P172,7	2938	2938
P98,7	2939	2940
P46,6	2941	2942
P182,8	2943	2944
P127,7	2945	2946
P61,7	2947	2948
P154,6	2949	2950
P47,8	2951	2952
P24,9	2953	2954
P133,9	2955	2956
P152,5	2957	2958
P100,7	2959	2959
P3,9	2960	2961
P147,6	2962	2963
P136,9	2964	2965
P80,8	2966	2967
P70,8	2968	2969
P192,8	2970	2971
P176,9	2972	2973
P30,9	2974	2975
P58,8	2976	2976
P118,8	2977	2978
P39,9	2979	2979
P88,7	2980	2981
P124,8	2982	2983
P161,7	2984	2985
P195,9	2986	2987
P171,9	2988	2989
P117,8	2990	2991
P112,8	2992	2993
P149,7	2994	2995
P28,8	2996	2997
P177,8	2998	2999
P168,8	3000	3001
P199,6	3002	3003
P73,8	3004	3005
P114,6	3006	3007
P37,10	3008	3009
P158,8	3010	3011
P181,6	3012	3013
P78,8	3014	3015
P188,7	3016	3017
P111,10	3018	3018
P142,8	3019	3019
P130,7	3020	3020
P35,8	3021	3022
P182,8	3023	3024
P159,7	3025	3026
P61,7	3027	3028
P154,6	3029	3030
P57,11	3031	3032
P47,8	3033	3034
P24,9	3035	3035
P96,7	3036	3037
P133,9	3038	3038
P95,6	3039	3040
P193,7	3041	3042
P45,7	3043	3044
P12,7	3045	3045
P49,8	3046	3047
P18,8	3048	3049
P8,10	3050	3051
P70,8	3052	3053
P176,9	3054	3055
P72,7	3056	3057
P123,7	3058	3059
P98,8	3060	3061
P19,9	3062	3063
P146,9	3064	3065
P124,8	3066	3067
P81,9	3068	3069
P166,8	3070	3070
P195,9	3071	3072
P128,7	3073	3074
P172,8	3075	3076
P101,8	3077	3078
P184,6	3079	3080
P31,8	3081	3082
P28,8	3083	3084
P14,10	3085	3086
P199,6	3087	3087
P25,9	3088	3089
P187,6	3090	3091
P132,8	3092	3093
P37,10	3094	3095
P158,8	3096	3097
P181,6	3098	3099
P108,7	3100	3101
P79,7	3102	3103
P178,6	3104	3105
P35,8	3106	3106
P103,10	3107	3108
P182,8	3109	3110
P61,7	3111	3111
P190,8	3112	3113
P185,8	3114	3115
P162,6	3116	3117
P95,6	3118	3118
P84,8	3119	3120
P3,9	3121	3122
P49,8	3123	3124
P26,8	3125	3126
P140,9	3127	3128
P70,8	3129	3129
P130,8	3130	3131
P175,11	3132	3133
P129,8	3134	3134
P127,8	3135	3136
P98,8	3137	3138
P200,6	3139	3139
P47,9	3140	3141
P40,9	3142	3143
P81,9	3144	3145
P154,7	3146	3147
P195,9	3148	3149
P128,7	3150	3151
P172,8	3152	3153
P24,10	3154	3155
P31,8	3156	3157
P28,8	3158	3158
P100,8	3159	3160
P187,6	3161	3162
P133,10	3163	3164
P158,8	3165	3166
P181,6	3167	3167
P123,8	3168	3169
P108,7	3170	3170
P79,7	3171	3172
P178,6	3173	3174
P103,10	3175	3176
P146,10	3177	3178
P25,10	3179	3179
P190,8	3180	3181
P119,10	3182	3183
P185,8	3184	3185
P137,8	3186	3187
P167,8	3188	3189
P45,7	3190	3191
P49,8	3192	3193
P26,8	3194	3195
P23,10	3196	3197
P199,7	3198	3199
P176,9	3200	3201
P175,11	3202	3203
P127,8	3204	3205
P55,9	3206	3207
P98,8	3208	3209
P120,8	3210	3211
P14,11	3212	3213
P81,9	3214	3214
P53,10	3215	3216
P195,9	3217	3217
P51,8	3218	3219
P128,7	3220	3221
P140,10	3222	3223
P172,8	3224	3225
P95,7	3226	3227
P109,8	3228	3229
P152,6	3230	3231
P88,8	3232	3233
P132,8	3234	3235
P47,10	3236	3237
P68,8	3238	3239
P145,7	3240	3241
P48,10	3242	3243
P193,8	3244	3245
P8,11	3246	3247
P124,9	3248	3249
P119,10	3250	3251
P73,9	3252	3253
P37,11	3254	3255
P135,9	3256	3257
P167,8	3258	3259
P112,9	3260	3261
P12,9	3262	3263
P149,8	3264	3265
P23,10	3266	3267
P199,7	3268	3269
P108,8	3270	3271
P175,11	3272	3273
P127,8	3274	3275
P55,9	3276	3277
P120,8	3278	3279
P77,8	3280	3280
P14,11	3281	3281
P146,11	3282	3282
P53,10	3283	3284
P128,7	3285	3285
P147,7	3286	3287
P148,8	3288	3288
P95,7	3289	3289
P35,9	3290	3291
P57,12	3292	3293
P133,10	3294	3295
P84,9	3296	3297
P81,10	3298	3299
P86,9	3300	3300
P118,10	3301	3302
P176,10	3303	3304
P124,9	3305	3306
P28,9	3307	3307
P98,9	3308	3309
P200,7	3310	3311
P107,8	3312	3313
P51,9	3314	3315
P30,10	3316	3316
P112,9	3317	3318
P158,9	3319	3320
P159,8	3321	3322
P130,8	3323	3324
P79,8	3325	3326
P168,9	3327	3328
P120,8	3329	3329
P69,10	3330	3330
P53,10	3331	3331
P145,8	3332	3332
P109,9	3333	3334
P132,9	3335	3336
P182,9	3337	3337
P49,9	3338	3339
P152,6	3340	3341
P68,9	3342	3343
P133,10	3344	3345
P84,9	3346	3347
P81,10	3348	3349
P177,10	3350	3351
P118,10	3352	3353
P176,10	3354	3355
P167,9	3356	3357
P98,9	3358	3359
P200,7	3360	3360
P107,8	3361	3362
P135,9	3363	3364
P163,9	3365	3366
P158,9	3367	3368
P199,7	3369	3370
P108,8	3371	3371
P79,8	3372	3373
P96,8	3374	3375
P31,9	3376	3377
P162,7	3378	3378
P88,9	3379	3380
P148,9	3381	3382
P119,11	3383	3384
P130,9	3385	3385
P47,10	3386	3386
P172,10	3387	3387
P124,10	3388	3389
P48,10	3390	3390
P45,8	3391	3391
P55,10	3392	3393
P127,9	3394	3395
P167,9	3396	3397
P101,11	3398	3399
P93,8	3400	3401
P163,9	3402	3403
P158,9	3404	3404
P147,8	3405	3406
P178,8	3407	3408
P154,8	3409	3410
P77,9	3411	3411
P109,9	3412	3413
P84,10	3414	3415
P68,9	3416	3416
P119,11	3417	3418
P53,11	3419	3420
P28,10	3421	3422
P26,10	3423	3424
P118,10	3425	3426
P193,9	3427	3428
P101,11	3429	3430
P93,8	3431	3432
P182,10	3433	3433
P147,8	3434	3435
P81,11	3436	3436
P177,11	3437	3438
P178,8	3439	3440
P120,9	3441	3442
P84,10	3443	3444
P200,8	3445	3446
P148,9	3447	3448
P119,11	3449	3450
P53,11	3451	3452
P28,10	3453	3453
P26,10	3454	3455
P135,10	3456	3457
P127,9	3458	3459
P47,11	3460	3461
P96,9	3462	3463
P128,9	3464	3465
P147,8	3466	3466
P3,11	3467	3467
P177,11	3468	3469
P178,8	3470	3471
P120,9	3472	3473
P84,10	3474	3474
P98,10	3475	3476
P148,9	3477	3478
P72,9	3479	3480
P176,11	3481	3482
P108,9	3483	3484
P26,10	3485	3486
P135,10	3487	3488
P163,10	3489	3490
P95,9	3491	3492
P193,9	3493	3493
P47,11	3494	3495
P112,10	3496	3496
P158,10	3497	3498
P93,9	3499	3499
P128,9	3500	3501
P177,11	3502	3503
P182,11	3504	3505
P79,9	3506	3507
P118,11	3508	3509
P45,9	3510	3511
P72,9	3512	3512
P176,11	3513	3514
P35,11	3515	3516
P135,10	3517	3518
P109,10	3519	3520
P81,12	3521	3521
P86,11	3522	3522
P96,9	3523	3524
P162,9	3525	3526
P167,10	3527	3527
P177,11	3528	3528
P172,11	3529	3529
P182,11	3530	3531
P53,12	3532	3533
P79,9	3534	3535
P68,10	3536	3537
P154,10	3538	3539
P108,9	3540	3541
P109,10	3542	3543
P26,11	3544	3545
P162,9	3546	3547
P118,12	3548	3549
P112,11	3550	3551
P182,11	3552	3553
P53,12	3554	3555
P79,9	3556	3557
P73,11	3558	3559
P127,10	3560	3561
P45,9	3562	3562
P51,11	3563	3564
P72,10	3565	3566
P26,11	3567	3568
P193,10	3569	3570
P112,11	3571	3571
P182,11	3572	3573
P98,11	3574	3574
P119,12	3575	3576
P95,10	3577	3577
P73,11	3578	3579
P168,11	3580	3581
P127,10	3582	3582
P68,10	3583	3583
P28,12	3584	3585
P167,11	3586	3587
P26,11	3588	3588
P118,12	3589	3590
P53,12	3591	3592
P135,11	3593	3594
P172,12	3595	3596
P168,11	3597	3598
P47,12	3599	3600
P28,12	3601	3601
P108,10	3602	3602
P193,10	3603	3603
P45,10	3604	3605
P135,11	3606	3607
P128,10	3608	3609
P176,12	3610	3611
P51,11	3612	3612
P158,11	3613	3614
P167,11	3615	3615
P172,12	3616	3616
P154,11	3617	3618
P88,12	3619	3620
P109,11	3621	3622
P154,11	3623	3624
P84,12	3625	3626
P162,10	3627	3628
P95,11	3629	3630
P26,12	3631	3632
P88,12	3633	3634
P31,12	3635	3636
P199,10	3637	3638
P84,12	3639	3639
P31,12	3640	3640
P26,12	3641	3642
P162,10	3643	3643
P193,11	3644	3645
P73,12	3646	3648
P128,11	3649	3650
P96,11	3651	3653
P109,12	3677	3680
P199,11	3681	3681
P108,12	3682	3683
P109,12	3684	3684
P108,12	3685	3686
