CPU0
P1,1	0	2
P2,1	3	4
P3,1	5	6
P4,1	7	8
P5,1	9	10
P2,1	11	12
P3,1	13	14
P6,1	15	16
P4,1	17	18
P7,1	19	19
P5,1	20	21
P6,1	22	23
P8,1	24	25
P9,1	26	26
P10,1	27	28
P2,1	29	30
P11,1	31	32
P12,1	33	34
P1,2	35	36
P13,1	37	38
P14,1	39	39
P15,1	40	41
P16,1	42	42
P17,1	43	44
P11,1	45	45
P12,1	46	47
P18,1	48	49
P19,1	50	50
P7,2	51	52
P20,1	53	54
P13,1	55	56
P21,1	57	58
P17,1	59	60
P22,1	61	62
P8,2	63	64
P23,1	65	66
P18,1	67	67
P7,2	68	68
P24,1	69	70
P14,2	71	71
P20,1	72	73
P21,1	74	75
P25,1	76	77
P16,2	78	79
P26,1	80	81
P27,1	82	83
P9,2	84	85
P28,1	86	87
P29,1	88	89
P30,1	90	91
P31,1	92	93
P32,1	94	95
P22,1	96	97
P23,1	98	99
P33,1	100	101
P34,1	102	103
P10,2	104	105
P24,1	106	107
P35,1	108	109
P19,2	110	111
P36,1	112	112
P15,2	113	114
P37,1	115	116
P25,1	117	118
P38,1	119	119
P16,2	120	121
P39,1	122	123
P40,1	124	125
P41,1	126	127
P42,1	128	129
P43,1	130	131
P44,1	132	133
P45,1	134	135
P14,3	136	137
P46,1	138	139
P47,1	140	141
P48,1	142	143
P26,1	144	145
P27,1	146	147
P49,1	148	149
P50,1	150	150
P38,2	151	151
P36,2	152	153
P51,1	154	155
P52,1	156	157
P9,2	158	159
P29,1	160	161
P53,1	162	162
P30,1	163	163
P31,1	164	165
P54,1	166	167
P55,1	168	169
P56,1	170	171
P32,1	172	173
P18,2	174	175
P57,1	176	177
P38,3	178	179
P11,2	180	180
P58,1	181	181
P33,1	182	183
P59,1	184	185
P60,1	186	187
P34,1	188	189
P61,1	190	191
P62,1	192	193
P63,1	194	195
P35,1	196	197
P28,2	198	199
P64,1	200	201
P65,1	202	203
P53,2	204	205
P66,1	206	207
P67,1	208	209
P50,2	210	210
P68,1	211	212
P69,1	213	214
P37,1	215	215
P70,1	216	217
P58,2	218	219
P7,3	220	221
P71,1	222	223
P39,1	224	225
P72,1	226	227
P40,1	228	229
P41,1	230	231
P73,1	232	233
P74,1	234	235
P75,1	236	237
P76,1	238	239
P77,1	240	241
P78,1	242	243
P79,1	244	245
P50,3	246	247
P80,1	248	249
P42,1	250	251
P43,1	252	253
P81,1	254	255
P45,1	256	257
P82,1	258	259
P83,1	260	261
P84,1	262	263
P85,1	264	265
P14,3	266	267
P46,1	268	269
P86,1	270	271
P47,1	272	273
P87,1	274	275
P36,2	276	277
P88,1	278	279
P51,1	280	281
P89,1	282	282
P52,1	283	283
P19,3	284	285
P54,1	286	287
P90,1	288	288
P55,1	289	290
P44,2	291	292
P91,1	293	294
P92,1	295	296
P56,1	297	298
P57,1	299	299
P49,2	300	301
P93,1	302	303
P94,1	304	304
P95,1	305	306
P96,1	307	308
P97,1	309	310
P98,1	311	312
P99,1	313	314
P89,2	315	316
P100,1	317	317
P90,2	318	319
P101,1	320	321
P102,1	322	322
P103,1	323	324
P104,1	325	326
P105,1	327	328
P106,1	329	330
P107,1	331	332
P108,1	333	334
P109,1	335	336
P38,3	337	338
P110,1	339	340
P111,1	341	342
P48,2	343	344
P112,1	345	346
P59,1	347	348
P113,1	349	350
P114,1	351	352
P30,2	353	354
P115,1	355	356
P61,1	357	358
P94,2	359	360
P116,1	361	361
P62,1	362	363
P65,1	364	365
P100,2	366	367
P117,1	368	369
P102,2	370	371
P118,1	372	372
P11,3	373	374
P119,1	375	376
P120,1	377	377
P53,2	378	379
P121,1	380	381
P66,1	382	382
P122,1	383	384
P67,1	385	386
P68,1	387	388
P123,1	389	390
P124,1	391	391
P125,1	392	393
P116,2	394	395
P126,1	396	397
P127,1	398	399
P70,1	400	401
P128,1	402	403
P129,1	404	405
P58,2	406	406
P130,1	407	408
P120,2	409	410
P131,1	411	411
P132,1	412	413
P133,1	414	415
P134,1	416	417
P135,1	418	419
P136,1	420	421
P137,1	422	423
P138,1	424	425
P139,1	426	427
P140,1	428	429
P141,1	430	431
P142,1	432	433
P143,1	434	435
P118,2	436	437
P144,1	438	439
P145,1	440	441
P146,1	442	442
P147,1	443	443
P131,2	444	445
P71,1	446	447
P148,1	448	449
P124,2	450	451
P149,1	452	453
P150,1	454	455
P151,1	456	457
P152,1	458	459
P153,1	460	461
P154,1	462	463
P63,2	464	464
P72,1	465	466
P155,1	467	468
P73,1	469	470
P156,1	471	472
P157,1	473	473
P158,1	474	474
P159,1	475	476
P160,1	477	477
P161,1	478	479
P162,1	480	481
P146,2	482	483
P163,1	484	485
P164,1	486	487
P165,1	488	489
P37,2	490	491
P74,1	492	493
P166,1	494	494
P167,1	495	496
P168,1	497	498
P169,1	499	500
P147,2	501	502
P170,1	503	503
P171,1	504	505
P172,1	506	507
P173,1	508	509
P174,1	510	511
P175,1	512	513
P160,2	514	515
P157,2	516	517
P176,1	518	519
P177,1	520	521
P75,1	522	523
P178,1	524	525
P166,2	526	527
P179,1	528	528
P180,1	529	530
P181,1	531	532
P182,1	533	534
P158,2	535	536
P183,1	537	538
P184,1	539	540
P185,1	541	541
P186,1	542	543
P170,2	544	545
P187,1	546	547
P188,1	548	549
P189,1	550	551
P190,1	552	553
P191,1	554	555
P192,1	556	557
P179,2	558	559
P64,2	560	561
P193,1	562	563
P194,1	564	565
P195,1	566	567
P196,1	568	569
P197,1	570	571
P198,1	572	573
P199,1	574	575
P200,1	576	577
P76,1	578	579
P77,1	580	581
P78,1	582	583
P79,1	584	585
P60,2	586	587
P50,3	588	588
P80,1	589	589
P81,1	590	591
P83,1	592	592
P84,1	593	594
P69,2	595	596
P185,2	597	598
P86,1	599	600
P88,1	601	602
P91,1	603	604
P92,1	605	606
P82,2	607	608
P85,2	609	610
P93,1	611	612
P95,1	613	614
P96,1	615	616
P98,1	617	618
P99,1	619	620
P89,2	621	622
P87,2	623	624
P90,2	625	626
P103,1	627	627
P104,1	628	629
P52,2	630	630
P105,1	631	632
P106,1	633	634
P107,1	635	636
P108,1	637	638
P109,1	639	640
P57,2	641	641
P110,1	642	643
P111,1	644	645
P112,1	646	647
P113,1	648	648
P114,1	649	650
P115,1	651	652
P94,2	653	654
P101,2	655	656
P97,2	657	657
P100,2	658	659
P117,1	660	660
P102,2	661	662
P119,1	663	664
P121,1	665	666
P123,1	667	668
P125,1	669	670
P116,2	671	672
P126,1	673	674
P127,1	675	675
P128,1	676	677
P129,1	678	679
P130,1	680	681
P120,2	682	683
P132,1	684	685
P122,2	686	687
P134,1	688	689
P135,1	690	691
P136,1	692	693
P137,1	694	695
P138,1	696	696
P140,1	697	698
P141,1	699	700
P142,1	701	702
P143,1	703	704
P58,3	705	705
P118,2	706	707
P66,2	708	708
P144,1	709	710
P145,1	711	712
P131,2	713	714
P148,1	715	716
P124,2	717	718
P139,2	719	720
P149,1	721	722
P150,1	723	724
P133,2	725	726
P151,1	727	728
P152,1	729	730
P154,1	731	732
P155,1	733	733
P156,1	734	735
P159,1	736	737
P161,1	738	739
P162,1	740	741
P146,2	742	742
P63,3	743	743
P163,1	744	745
P164,1	746	747
P165,1	748	749
P167,1	750	751
P168,1	752	753
P169,1	754	755
P147,2	756	757
P171,1	758	758
P172,1	759	760
P173,1	761	762
P174,1	763	764
P157,2	765	766
P153,2	767	768
P176,1	769	770
P177,1	771	772
P178,1	773	774
P166,2	775	776
P180,1	777	778
P181,1	779	780
P182,1	781	782
P158,2	783	784
P183,1	785	786
P184,1	787	788
P170,2	789	790
P187,1	791	792
P188,1	793	794
P189,1	795	796
P190,1	797	798
P191,1	799	800
P175,2	801	802
P179,2	803	804
P193,1	805	806
P194,1	807	808
P195,1	809	810
P197,1	811	812
P198,1	813	814
P160,3	815	816
P199,1	817	818
P200,1	819	820
P186,2	821	822
P192,2	823	823
P185,2	824	825
P196,2	826	827
P50,4	828	829
P83,2	830	831
P80,2	832	833
P103,2	834	835
P117,2	836	837
P52,3	838	839
P57,3	840	841
P113,2	842	843
P127,2	844	845
P97,3	846	846
P58,4	847	848
P66,3	849	850
P138,2	851	852
P155,2	853	854
P63,4	855	856
P146,3	857	858
P171,2	859	860
P192,3	861	862
P3,1	863	864
P4,1	865	866
P5,1	867	868
P6,1	869	870
P2,1	871	871
P12,1	872	873
P13,1	874	874
P17,1	875	876
P1,3	877	878
P8,2	879	879
P21,1	880	881
P10,2	882	883
P24,1	884	885
P15,2	886	887
P16,2	888	888
P20,2	889	890
P22,2	891	892
P23,2	893	894
P26,1	895	896
P97,4	897	898
P27,1	899	900
P25,2	901	902
P9,2	903	904
P32,1	905	906
P18,2	907	908
P33,1	909	910
P34,1	911	912
P35,1	913	914
P29,2	915	916
P28,2	917	918
P31,2	919	920
P7,3	921	922
P39,1	923	924
P41,1	925	926
P42,1	927	928
P43,1	929	929
P40,2	930	931
P45,1	932	933
P14,3	934	934
P46,1	935	936
P36,2	937	938
P51,1	939	939
P19,3	940	941
P54,1	942	943
P55,1	944	945
P44,2	946	947
P56,1	948	949
P49,2	950	951
P47,2	952	953
P38,3	954	955
P48,2	956	957
P30,2	958	958
P61,1	959	960
P62,1	961	962
P65,1	963	963
P11,3	964	965
P53,2	966	966
P68,1	967	968
P59,2	969	970
P70,1	971	972
P67,2	973	974
P71,1	975	976
P72,1	977	978
P73,1	979	979
P74,1	980	980
P75,1	981	982
P37,3	983	984
P77,1	985	985
P78,1	986	987
P60,2	988	989
P84,1	990	990
P69,2	991	992
P91,1	993	994
P64,3	995	996
P92,1	997	998
P82,2	999	1000
P85,2	1001	1002
P93,1	1003	1004
P95,1	1005	1006
P96,1	1007	1008
P98,1	1009	1009
P99,1	1010	1011
P79,2	1012	1013
P87,2	1014	1015
P90,2	1016	1017
P88,2	1018	1018
P104,1	1019	1020
P86,2	1021	1022
P81,2	1023	1024
P106,1	1025	1026
P107,1	1027	1027
P76,2	1028	1029
P109,1	1030	1031
P111,1	1032	1033
P114,1	1034	1035
P115,1	1036	1037
P94,2	1038	1039
P101,2	1040	1041
P100,2	1042	1043
P102,2	1044	1045
P121,1	1046	1046
P123,1	1047	1048
P89,3	1049	1050
P125,1	1051	1051
P105,2	1052	1053
P116,2	1054	1055
P126,1	1056	1057
P110,2	1058	1059
P128,1	1060	1061
P129,1	1062	1062
P112,2	1063	1064
P108,2	1065	1066
P130,1	1067	1068
P120,2	1069	1070
P132,1	1071	1071
P122,2	1072	1073
P134,1	1074	1074
P135,1	1075	1075
P136,1	1076	1077
P137,1	1078	1079
P141,1	1080	1081
P142,1	1082	1082
P143,1	1083	1084
P118,2	1085	1086
P119,2	1087	1088
P144,1	1089	1090
P145,1	1091	1092
P148,1	1093	1094
P124,2	1095	1096
P139,2	1097	1098
P149,1	1099	1100
P140,2	1101	1102
P150,1	1103	1104
P133,2	1105	1106
P152,1	1107	1108
P154,1	1109	1110
P156,1	1111	1112
P159,1	1113	1114
P162,1	1115	1116
P163,1	1117	1118
P131,3	1119	1120
P164,1	1121	1121
P167,1	1122	1123
P168,1	1124	1125
P169,1	1126	1127
P147,2	1128	1129
P172,1	1130	1131
P151,2	1132	1133
P157,2	1134	1135
P153,2	1136	1136
P176,1	1137	1138
P178,1	1139	1140
P166,2	1141	1142
P161,2	1143	1144
P180,1	1145	1146
P181,1	1147	1148
P182,1	1149	1150
P165,2	1151	1152
P158,2	1153	1154
P183,1	1155	1156
P184,1	1157	1158
P187,1	1159	1160
P188,1	1161	1162
P174,2	1163	1164
P177,2	1165	1166
P189,1	1167	1168
P190,1	1169	1170
P175,2	1171	1172
P173,2	1173	1174
P179,2	1175	1176
P193,1	1177	1178
P194,1	1179	1180
P195,1	1181	1182
P198,1	1183	1183
P160,3	1184	1185
P200,1	1186	1186
P186,2	1187	1188
P191,2	1189	1190
P185,2	1191	1192
P50,4	1193	1194
P83,2	1195	1196
P80,2	1197	1198
P103,2	1199	1200
P170,3	1201	1202
P117,2	1203	1204
P52,3	1205	1206
P57,3	1207	1207
P113,2	1208	1209
P127,2	1210	1211
P197,2	1212	1213
P58,4	1214	1215
P199,2	1216	1217
P66,3	1218	1219
P138,2	1220	1221
P155,2	1222	1223
P63,4	1224	1225
P146,3	1226	1227
P171,2	1228	1229
P192,3	1230	1230
P196,3	1231	1232
P5,1	1233	1233
P6,1	1234	1234
P12,1	1235	1236
P17,1	1237	1237
P21,1	1238	1239
P15,2	1240	1241
P22,2	1242	1243
P4,2	1244	1245
P23,2	1246	1247
P13,2	1248	1249
P97,4	1250	1251
P2,2	1252	1253
P25,2	1254	1255
P9,2	1256	1257
P18,2	1258	1259
P33,1	1260	1260
P34,1	1261	1262
P35,1	1263	1264
P20,3	1265	1266
P10,3	1267	1267
P29,2	1268	1269
P28,2	1270	1271
P3,2	1272	1273
P31,2	1274	1275
P8,3	1276	1277
P16,3	1278	1279
P41,1	1280	1281
P1,4	1282	1283
P42,1	1284	1284
P40,2	1285	1286
P45,1	1287	1288
P19,3	1289	1290
P24,2	1291	1292
P32,2	1293	1294
P44,2	1295	1296
P26,2	1297	1298
P27,2	1299	1300
P56,1	1301	1301
P49,2	1302	1303
P47,2	1304	1305
P38,3	1306	1306
P61,1	1307	1307
P11,3	1308	1308
P43,2	1309	1310
P68,1	1311	1312
P7,4	1313	1313
P46,2	1314	1315
P39,2	1316	1317
P51,2	1318	1319
P67,2	1320	1321
P71,1	1322	1322
P72,1	1323	1323
P75,1	1324	1324
P62,2	1325	1326
P37,3	1327	1328
P65,2	1329	1330
P78,1	1331	1331
P60,2	1332	1333
P69,2	1334	1335
P54,2	1336	1336
P14,4	1337	1337
P36,3	1338	1339
P55,2	1340	1340
P91,1	1341	1341
P64,3	1342	1342
P48,3	1343	1344
P82,2	1345	1346
P30,3	1347	1348
P93,1	1349	1349
P95,1	1350	1351
P96,1	1352	1352
P73,2	1353	1354
P99,1	1355	1356
P53,3	1357	1358
P79,2	1359	1360
P59,3	1361	1362
P90,2	1363	1364
P70,2	1365	1366
P104,1	1367	1368
P86,2	1369	1369
P74,2	1370	1371
P81,2	1372	1373
P92,2	1374	1375
P76,2	1376	1377
P77,2	1378	1379
P109,1	1380	1381
P111,1	1382	1382
P84,2	1383	1384
P114,1	1385	1386
P100,2	1387	1388
P87,3	1389	1390
P85,3	1391	1392
P89,3	1393	1394
P107,2	1395	1396
P88,3	1397	1398
P105,2	1399	1400
P116,2	1401	1401
P126,1	1402	1403
P110,2	1404	1405
P98,2	1406	1407
P128,1	1408	1409
P112,2	1410	1411
P108,2	1412	1413
P123,2	1414	1415
P130,1	1416	1416
P106,2	1417	1418
P120,2	1419	1419
P125,2	1420	1421
P122,2	1422	1422
P136,1	1423	1423
P137,1	1424	1425
P94,3	1426	1427
P141,1	1428	1428
P115,2	1429	1430
P121,2	1431	1432
P143,1	1433	1433
P118,2	1434	1435
P119,2	1436	1437
P144,1	1438	1438
P132,2	1439	1440
P145,1	1441	1441
P102,3	1442	1443
P148,1	1444	1445
P101,3	1446	1447
P124,2	1448	1448
P139,2	1449	1450
P129,2	1451	1452
P140,2	1453	1453
P134,2	1454	1455
P133,2	1456	1457
P152,1	1458	1458
P156,1	1459	1459
P135,2	1460	1461
P159,1	1462	1463
P162,1	1464	1464
P163,1	1465	1465
P142,2	1466	1466
P131,3	1467	1468
P167,1	1469	1470
P168,1	1471	1471
P169,1	1472	1473
P147,2	1474	1475
P151,2	1476	1477
P149,2	1478	1479
P154,2	1480	1481
P161,2	1482	1482
P150,2	1483	1483
P180,1	1484	1485
P181,1	1486	1487
P172,2	1488	1489
P183,1	1490	1490
P184,1	1491	1491
P187,1	1492	1492
P164,2	1493	1494
P174,2	1495	1495
P157,3	1496	1497
P177,2	1498	1499
P189,1	1500	1500
P190,1	1501	1502
P175,2	1503	1504
P173,2	1505	1505
P179,2	1506	1507
P193,1	1508	1508
P176,2	1509	1509
P166,3	1510	1511
P194,1	1512	1513
P195,1	1514	1514
P160,3	1515	1516
P158,3	1517	1518
P165,3	1519	1520
P153,3	1521	1522
P191,2	1523	1524
P182,2	1525	1526
P185,2	1527	1528
P188,2	1529	1530
P50,4	1531	1532
P178,2	1533	1534
P83,2	1535	1536
P80,2	1537	1537
P170,3	1538	1539
P117,2	1540	1541
P52,3	1542	1543
P200,2	1544	1545
P113,2	1546	1546
P127,2	1547	1548
P197,2	1549	1550
P58,4	1551	1552
P199,2	1553	1554
P66,3	1555	1556
P155,2	1557	1558
P146,3	1559	1559
P186,3	1560	1561
P196,3	1562	1563
P198,2	1564	1565
P22,2	1566	1567
P57,4	1568	1569
P23,2	1570	1571
P13,2	1572	1573
P103,3	1574	1575
P97,4	1576	1577
P2,2	1578	1579
P138,3	1580	1581
P17,2	1582	1583
P20,3	1584	1585
P29,2	1586	1587
P63,5	1588	1589
P28,2	1590	1591
P12,2	1592	1593
P3,2	1594	1595
P5,2	1596	1597
P31,2	1598	1599
P8,3	1600	1601
P16,3	1602	1602
P171,3	1603	1604
P1,4	1605	1606
P192,4	1607	1608
P6,2	1609	1609
P19,3	1610	1611
P21,2	1612	1612
P15,3	1613	1614
P32,2	1615	1616
P9,3	1617	1618
P44,2	1619	1620
P4,3	1621	1622
P26,2	1623	1624
P27,2	1625	1626
P49,2	1627	1627
P18,3	1628	1629
P42,2	1630	1631
P25,3	1632	1633
P33,2	1634	1635
P34,2	1636	1637
P40,3	1638	1639
P46,2	1640	1641
P35,2	1642	1643
P41,2	1644	1645
P45,2	1646	1647
P10,4	1648	1649
P51,2	1650	1650
P62,2	1651	1652
P11,4	1653	1654
P37,3	1655	1655
P60,2	1656	1656
P69,2	1657	1657
P24,3	1658	1659
P38,4	1660	1661
P56,2	1662	1663
P36,3	1664	1665
P67,3	1666	1667
P47,3	1668	1669
P43,3	1670	1671
P48,3	1672	1673
P7,5	1674	1674
P61,2	1675	1676
P68,2	1677	1678
P39,3	1679	1679
P75,2	1680	1681
P78,2	1682	1682
P73,2	1683	1684
P53,3	1685	1685
P79,2	1686	1687
P55,3	1688	1689
P59,3	1690	1691
P71,2	1692	1693
P91,2	1694	1695
P14,5	1696	1697
P82,3	1698	1698
P81,2	1699	1700
P76,2	1701	1702
P77,2	1703	1704
P54,3	1705	1706
P72,2	1707	1708
P84,2	1709	1710
P96,2	1711	1712
P65,3	1713	1714
P93,2	1715	1716
P104,2	1717	1718
P87,3	1719	1720
P99,2	1721	1722
P85,3	1723	1724
P70,3	1725	1726
P107,2	1727	1728
P64,4	1729	1730
P88,3	1731	1732
P105,2	1733	1733
P92,3	1734	1735
P109,2	1736	1737
P30,4	1738	1739
P95,2	1740	1741
P98,2	1742	1743
P74,3	1744	1745
P108,2	1746	1746
P90,3	1747	1748
P100,3	1749	1750
P123,2	1751	1752
P86,3	1753	1754
P114,2	1755	1756
P106,2	1757	1758
P125,2	1759	1760
P116,3	1761	1762
P94,3	1763	1764
P111,2	1765	1766
P126,2	1767	1768
P115,2	1769	1770
P132,2	1771	1772
P89,4	1773	1774
P102,3	1775	1776
P101,3	1777	1777
P120,3	1778	1779
P139,2	1780	1780
P129,2	1781	1782
P110,3	1783	1784
P112,3	1785	1786
P133,2	1787	1788
P141,2	1789	1790
P119,3	1791	1792
P128,2	1793	1794
P137,2	1795	1795
P122,3	1796	1797
P131,3	1798	1798
P121,3	1799	1799
P130,2	1800	1801
P151,2	1802	1803
P118,3	1804	1805
P149,2	1806	1807
P136,2	1808	1809
P154,2	1810	1811
P145,2	1812	1813
P148,2	1814	1815
P143,2	1816	1817
P152,2	1818	1819
P172,2	1820	1821
P162,2	1822	1823
P124,3	1824	1825
P135,3	1826	1827
P164,2	1828	1829
P144,2	1830	1831
P157,3	1832	1833
P134,3	1834	1835
P142,3	1836	1837
P140,3	1838	1839
P156,2	1840	1841
P169,2	1842	1843
P161,3	1844	1845
P147,3	1846	1847
P183,2	1848	1849
P187,2	1850	1851
P163,2	1852	1853
P184,2	1854	1855
P168,2	1856	1857
P158,3	1858	1859
P159,2	1860	1861
P174,3	1862	1863
P165,3	1864	1864
P181,2	1865	1866
P153,3	1867	1867
P180,2	1868	1869
P177,3	1870	1871
P191,2	1872	1873
P167,2	1874	1875
P182,2	1876	1877
P188,2	1878	1879
P190,2	1880	1881
P189,2	1882	1882
P50,4	1883	1883
P178,2	1884	1885
P173,3	1886	1886
P150,3	1887	1888
P170,3	1889	1890
P176,3	1891	1892
P117,2	1893	1894
P200,2	1895	1896
P194,2	1897	1898
P175,3	1899	1900
P127,2	1901	1902
P197,2	1903	1904
P185,3	1905	1906
P58,4	1907	1907
P160,4	1908	1909
P199,2	1910	1911
P66,3	1912	1913
P179,3	1914	1915
P193,2	1916	1917
P186,3	1918	1919
P166,4	1920	1921
P196,3	1922	1923
P198,2	1924	1924
P195,2	1925	1926
P57,4	1927	1927
P103,3	1928	1929
P138,3	1930	1931
P17,2	1932	1933
P80,3	1934	1935
P113,3	1936	1937
P20,3	1938	1939
P155,3	1940	1941
P29,2	1942	1943
P83,3	1944	1945
P52,4	1946	1947
P12,2	1948	1949
P3,2	1950	1950
P31,2	1951	1951
P146,4	1952	1953
P171,3	1954	1955
P1,4	1956	1956
P192,4	1957	1958
P15,3	1959	1960
P28,3	1961	1962
P32,2	1963	1964
P97,5	1965	1966
P9,3	1967	1968
P22,3	1969	1970
P63,6	1971	1972
P13,3	1973	1974
P4,3	1975	1976
P23,3	1977	1978
P27,2	1979	1980
P18,3	1981	1982
P2,3	1983	1984
P25,3	1985	1985
P6,3	1986	1987
P34,2	1988	1989
P40,3	1990	1991
P46,2	1992	1992
P35,2	1993	1994
P41,2	1995	1996
P5,3	1997	1998
P45,2	1999	2000
P10,4	2001	2002
P8,4	2003	2004
P62,2	2005	2006
P16,4	2007	2008
P11,4	2009	2010
P24,3	2011	2012
P38,4	2013	2014
P56,2	2015	2016
P33,3	2017	2018
P36,3	2019	2019
P42,3	2020	2021
P19,4	2022	2023
P21,3	2024	2024
P47,3	2025	2026
P44,3	2027	2028
P49,3	2029	2030
P48,3	2031	2032
P26,3	2033	2034
P61,2	2035	2036
P68,2	2037	2038
P51,3	2039	2040
P75,2	2041	2041
P73,2	2042	2042
P69,3	2043	2044
P55,3	2045	2046
P71,2	2047	2047
P91,2	2048	2049
P60,3	2050	2051
P14,5	2052	2053
P78,3	2054	2055
P76,2	2056	2056
P7,6	2057	2058
P37,4	2059	2059
P54,3	2060	2061
P84,2	2062	2063
P96,2	2064	2065
P65,3	2066	2067
P67,4	2068	2069
P93,2	2070	2070
P87,3	2071	2072
P99,2	2073	2074
P79,3	2075	2076
P53,4	2077	2078
P70,3	2079	2080
P39,4	2081	2082
P64,4	2083	2084
P43,4	2085	2086
P88,3	2087	2088
P92,3	2089	2090
P109,2	2091	2092
P59,4	2093	2094
P72,3	2095	2096
P30,4	2097	2097
P104,3	2098	2099
P95,2	2100	2101
P98,2	2102	2102
P74,3	2103	2104
P90,3	2105	2105
P100,3	2106	2107
P123,2	2108	2108
P81,3	2109	2110
P82,4	2111	2112
P86,3	2113	2113
P107,3	2114	2115
P114,2	2116	2117
P125,2	2118	2119
P77,3	2120	2121
P116,3	2122	2123
P105,3	2124	2124
P94,3	2125	2126
P111,2	2127	2128
P85,4	2129	2130
P115,2	2131	2131
P108,3	2132	2132
P132,2	2133	2134
P89,4	2135	2136
P102,3	2137	2138
P120,3	2139	2140
P129,2	2141	2141
P110,3	2142	2143
P112,3	2144	2145
P119,3	2146	2147
P128,2	2148	2148
P126,3	2149	2150
P122,3	2151	2152
P130,2	2153	2154
P151,2	2155	2156
P118,3	2157	2158
P149,2	2159	2160
P154,2	2161	2162
P145,2	2163	2163
P148,2	2164	2165
P143,2	2166	2167
P106,3	2168	2169
P141,3	2170	2171
P152,2	2172	2173
P172,2	2174	2175
P162,2	2176	2177
P124,3	2178	2179
P101,4	2180	2181
P164,2	2182	2182
P131,4	2183	2184
P137,3	2185	2186
P144,2	2187	2187
P157,3	2188	2188
P121,4	2189	2189
P142,3	2190	2190
P133,3	2191	2191
P140,3	2192	2193
P139,3	2194	2195
P156,2	2196	2197
P161,3	2198	2199
P147,3	2200	2201
P183,2	2202	2203
P136,3	2204	2204
P187,2	2205	2206
P163,2	2207	2208
P184,2	2209	2210
P158,3	2211	2212
P159,2	2213	2214
P174,3	2215	2216
P181,2	2217	2218
P180,2	2219	2220
P169,3	2221	2222
P177,3	2223	2224
P191,2	2225	2226
P135,4	2227	2228
P182,2	2229	2230
P188,2	2231	2232
P190,2	2233	2234
P134,4	2235	2236
P178,2	2237	2238
P150,3	2239	2240
P168,3	2241	2242
P176,3	2243	2244
P200,2	2245	2246
P189,3	2247	2248
P197,2	2249	2249
P173,4	2250	2251
P185,3	2252	2252
P160,4	2253	2254
P193,2	2255	2256
P167,3	2257	2258
P186,3	2259	2259
P166,4	2260	2261
P165,4	2262	2263
P50,5	2264	2264
P196,3	2265	2266
P153,4	2267	2268
P195,2	2269	2270
P170,4	2271	2272
P194,3	2273	2274
P175,4	2275	2275
P138,3	2276	2276
P17,2	2277	2278
P127,3	2279	2280
P80,3	2281	2282
P58,5	2283	2284
P20,3	2285	2286
P155,3	2287	2288
P117,3	2289	2290
P198,3	2291	2292
P83,3	2293	2294
P52,4	2295	2296
P66,4	2297	2297
P12,2	2298	2298
P146,4	2299	2300
P192,4	2301	2302
P28,3	2303	2304
P32,2	2305	2306
P57,5	2307	2308
P97,5	2309	2310
P199,3	2311	2312
P9,3	2313	2314
P3,3	2315	2316
P22,3	2317	2318
P63,6	2319	2320
P13,3	2321	2322
P179,4	2323	2323
P103,4	2324	2325
P23,3	2326	2326
P171,4	2327	2328
P31,3	2329	2330
P2,3	2331	2331
P113,4	2332	2333
P6,3	2334	2335
P41,2	2336	2337
P29,3	2338	2339
P45,2	2340	2341
P1,5	2342	2343
P10,4	2344	2345
P15,4	2346	2347
P8,4	2348	2349
P62,2	2350	2351
P16,4	2352	2353
P11,4	2354	2354
P24,3	2355	2356
P38,4	2357	2358
P27,3	2359	2360
P33,3	2361	2361
P18,4	2362	2363
P34,3	2364	2365
P42,3	2366	2367
P19,4	2368	2369
P35,3	2370	2371
P4,4	2372	2373
P46,3	2374	2375
P44,3	2376	2377
P49,3	2378	2379
P25,4	2380	2381
P48,3	2382	2382
P26,3	2383	2384
P61,2	2385	2385
P68,2	2386	2386
P51,3	2387	2388
P5,4	2389	2390
P40,4	2391	2392
P21,4	2393	2393
P69,3	2394	2395
P55,3	2396	2397
P60,3	2398	2399
P14,5	2400	2401
P78,3	2402	2403
P47,4	2404	2405
P84,2	2406	2407
P96,2	2408	2409
P56,3	2410	2411
P71,3	2412	2413
P73,3	2414	2415
P87,3	2416	2417
P79,3	2418	2419
P36,4	2420	2421
P53,4	2422	2423
P70,3	2424	2425
P75,3	2426	2426
P91,3	2427	2428
P54,4	2429	2430
P39,4	2431	2432
P7,7	2433	2434
P64,4	2435	2436
P43,4	2437	2438
P76,3	2439	2440
P88,3	2441	2442
P92,3	2443	2444
P109,2	2445	2445
P37,5	2446	2447
P59,4	2448	2449
P72,3	2450	2450
P104,3	2451	2452
P95,2	2453	2454
P74,3	2455	2456
P100,3	2457	2458
P67,5	2459	2460
P81,3	2461	2462
P65,4	2463	2464
P82,4	2465	2466
P107,3	2467	2468
P114,2	2469	2470
P125,2	2471	2472
P93,3	2473	2474
P77,3	2475	2476
P94,3	2477	2477
P99,3	2478	2479
P132,2	2480	2480
P89,4	2481	2482
P102,3	2483	2484
P30,5	2485	2486
P98,3	2487	2488
P90,4	2489	2490
P120,3	2491	2492
P110,3	2493	2494
P123,3	2495	2496
P119,3	2497	2498
P126,3	2499	2500
P122,3	2501	2502
P86,4	2503	2504
P130,2	2505	2506
P111,3	2507	2508
P118,3	2509	2510
P108,4	2511	2512
P149,2	2513	2513
P154,2	2514	2514
P148,2	2515	2515
P143,2	2516	2517
P106,3	2518	2518
P116,4	2519	2520
P112,4	2521	2522
P152,2	2523	2524
P172,2	2525	2525
P162,2	2526	2527
P105,4	2528	2529
P101,4	2530	2531
P131,4	2532	2533
P128,3	2534	2535
P137,3	2536	2537
P85,5	2538	2539
P115,3	2540	2541
P129,3	2542	2543
P140,3	2544	2545
P145,3	2546	2547
P151,3	2548	2549
P161,3	2550	2551
P147,3	2552	2553
P183,2	2554	2555
P187,2	2556	2557
P141,4	2558	2559
P124,4	2560	2561
P184,2	2562	2563
P158,3	2564	2564
P159,2	2565	2566
P174,3	2567	2568
P157,4	2569	2570
P181,2	2571	2572
P180,2	2573	2574
P169,3	2575	2576
P177,3	2577	2577
P133,4	2578	2579
P144,3	2580	2581
P135,4	2582	2583
P164,3	2584	2585
P156,3	2586	2587
P182,2	2588	2589
P121,5	2590	2590
P188,2	2591	2592
P142,4	2593	2594
P190,2	2595	2596
P178,2	2597	2597
P150,3	2598	2599
P139,4	2600	2601
P189,3	2602	2603
P173,4	2604	2605
P160,4	2606	2607
P193,2	2608	2608
P136,4	2609	2610
P167,3	2611	2612
P134,5	2613	2614
P166,4	2615	2616
P168,4	2617	2618
P163,3	2619	2620
P153,4	2621	2622
P200,3	2623	2624
P195,2	2625	2625
P197,3	2626	2627
P194,3	2628	2629
P191,3	2630	2631
P17,2	2632	2632
P127,3	2633	2634
P185,4	2635	2636
P186,4	2637	2638
P165,5	2639	2639
P58,5	2640	2641
P155,3	2642	2643
P117,3	2644	2645
P198,3	2646	2647
P196,4	2648	2649
P83,3	2650	2650
P52,4	2651	2652
P176,4	2653	2654
P146,4	2655	2656
P50,6	2657	2658
P192,4	2659	2659
P57,5	2660	2661
P97,5	2662	2663
P199,3	2664	2665
P138,4	2666	2667
P3,3	2668	2669
P170,5	2670	2671
P22,3	2672	2672
P12,3	2673	2674
P63,6	2675	2676
P175,5	2677	2678
P13,3	2679	2679
P103,4	2680	2681
P171,4	2682	2683
P20,4	2684	2685
P31,3	2686	2686
P28,4	2687	2688
P6,3	2689	2690
P41,2	2691	2691
P66,5	2692	2693
P80,4	2694	2695
P45,2	2696	2696
P1,5	2697	2698
P10,4	2699	2699
P15,4	2700	2701
P8,4	2702	2703
P32,3	2704	2705
P113,5	2706	2707
P16,4	2708	2709
P24,3	2710	2711
P27,3	2712	2713
P18,4	2714	2715
P9,4	2716	2717
P34,3	2718	2719
P42,3	2720	2721
P35,3	2722	2723
P4,4	2724	2725
P46,3	2726	2727
P38,5	2728	2729
P49,3	2730	2731
P25,4	2732	2733
P2,4	2734	2735
P23,4	2736	2737
P29,4	2738	2739
P26,3	2740	2740
P11,5	2741	2742
P51,3	2743	2744
P5,4	2745	2745
P40,4	2746	2747
P69,3	2748	2748
P55,3	2749	2750
P44,4	2751	2752
P62,3	2753	2753
P60,3	2754	2755
P14,5	2756	2757
P78,3	2758	2759
P47,4	2760	2761
P33,4	2762	2763
P56,3	2764	2765
P71,3	2766	2767
P73,3	2768	2768
P19,5	2769	2770
P79,3	2771	2772
P53,4	2773	2774
P70,3	2775	2776
P96,3	2777	2778
P54,4	2779	2780
P84,3	2781	2782
P68,3	2783	2783
P7,7	2784	2784
P21,5	2785	2786
P61,3	2787	2788
P64,4	2789	2789
P43,4	2790	2791
P48,4	2792	2793
P87,4	2794	2795
P92,3	2796	2796
P75,4	2797	2798
P91,4	2799	2800
P104,3	2801	2801
P95,2	2802	2803
P74,3	2804	2805
P100,3	2806	2806
P67,5	2807	2808
P39,5	2809	2809
P107,3	2810	2811
P114,2	2812	2813
P93,3	2814	2815
P77,3	2816	2817
P99,3	2818	2818
P109,3	2819	2820
P89,4	2821	2822
P37,6	2823	2824
P30,5	2825	2826
P88,4	2827	2828
P76,4	2829	2830
P98,3	2831	2831
P72,4	2832	2833
P90,4	2834	2835
P120,3	2836	2836
P125,3	2837	2838
P123,3	2839	2839
P81,4	2840	2841
P59,5	2842	2843
P119,3	2844	2844
P126,3	2845	2846
P122,3	2847	2847
P86,4	2848	2849
P65,5	2850	2851
P130,2	2852	2853
P118,3	2854	2854
P108,4	2855	2856
P143,2	2857	2858
P102,4	2859	2860
P116,4	2861	2862
P112,4	2863	2864
P152,2	2865	2866
P82,5	2867	2868
P94,4	2869	2870
P162,2	2871	2872
P105,4	2873	2874
P101,4	2875	2876
P131,4	2877	2878
P110,4	2879	2880
P128,3	2881	2882
P132,3	2883	2884
P115,3	2885	2886
P129,3	2887	2888
P140,3	2889	2889
P145,3	2890	2891
P151,3	2892	2893
P161,3	2894	2894
P147,3	2895	2895
P148,3	2896	2897
P183,2	2898	2899
P141,4	2900	2901
P106,4	2902	2903
P124,4	2904	2905
P137,4	2906	2907
P149,3	2908	2909
P159,2	2910	2910
P154,3	2911	2912
P111,4	2913	2914
P174,3	2915	2915
P85,6	2916	2917
P157,4	2918	2919
P181,2	2920	2920
P169,3	2921	2922
P133,4	2923	2924
P144,3	2925	2926
P135,4	2927	2928
P172,3	2929	2929
P164,3	2930	2931
P156,3	2932	2933
P142,4	2934	2934
P190,2	2935	2936
P187,3	2937	2938
P150,3	2939	2939
P177,4	2940	2941
P139,4	2942	2943
P180,3	2944	2945
P173,4	2946	2946
P158,4	2947	2948
P160,4	2949	2949
P167,3	2950	2950
P188,3	2951	2951
P134,5	2952	2953
P166,4	2954	2954
P184,3	2955	2956
P168,4	2957	2958
P163,3	2959	2959
P182,3	2960	2961
P200,3	2962	2963
P189,4	2964	2965
P178,3	2966	2967
P127,3	2968	2968
P185,4	2969	2970
P186,4	2971	2972
P121,6	2973	2974
P58,5	2975	2976
P155,3	2977	2977
P136,5	2978	2979
P117,3	2980	2980
P196,4	2981	2982
P176,4	2983	2984
P146,4	2985	2986
P193,3	2987	2988
P50,6	2989	2990
P153,5	2991	2992
P57,5	2993	2994
P195,3	2995	2995
P97,5	2996	2996
P199,3	2997	2998
P197,4	2999	3000
P198,4	3001	3002
P138,4	3003	3004
P3,3	3005	3006
P170,5	3007	3008
P17,3	3009	3010
P12,3	3011	3012
P63,6	3013	3014
P175,5	3015	3015
P191,4	3016	3017
P192,5	3018	3019
P171,4	3020	3020
P20,4	3021	3022
P194,4	3023	3024
P28,4	3025	3026
P83,4	3027	3028
P6,3	3029	3030
P165,6	3031	3032
P66,5	3033	3034
P80,4	3035	3036
P1,5	3037	3038
P52,5	3039	3040
P15,4	3041	3042
P8,4	3043	3043
P32,3	3044	3045
P113,5	3046	3047
P16,4	3048	3048
P18,4	3049	3050
P9,4	3051	3052
P22,4	3053	3054
P34,3	3055	3056
P35,3	3057	3058
P4,4	3059	3060
P46,3	3061	3062
P38,5	3063	3063
P49,3	3064	3064
P13,4	3065	3066
P31,4	3067	3068
P41,3	3069	3070
P25,4	3071	3072
P2,4	3073	3074
P23,4	3075	3076
P103,5	3077	3078
P29,4	3079	3080
P45,3	3081	3082
P27,4	3083	3084
P11,5	3085	3086
P42,4	3087	3087
P51,3	3088	3088
P40,4	3089	3090
P10,5	3091	3092
P44,4	3093	3094
P24,4	3095	3096
P33,4	3097	3098
P56,3	3099	3099
P19,5	3100	3101
P79,3	3102	3102
P26,4	3103	3104
P53,4	3105	3106
P96,3	3107	3108
P62,4	3109	3110
P54,4	3111	3112
P84,3	3113	3114
P21,5	3115	3116
P61,3	3117	3117
P43,4	3118	3119
P69,4	3120	3121
P48,4	3122	3123
P87,4	3124	3125
P14,6	3126	3127
P75,4	3128	3129
P78,4	3130	3131
P91,4	3132	3133
P71,4	3134	3135
P5,5	3136	3137
P67,5	3138	3139
P55,4	3140	3141
P107,3	3142	3143
P47,5	3144	3145
P70,4	3146	3147
P68,4	3148	3149
P60,4	3150	3151
P93,3	3152	3153
P77,3	3154	3154
P109,3	3155	3156
P73,4	3157	3158
P37,6	3159	3160
P7,8	3161	3161
P30,5	3162	3163
P88,4	3164	3165
P76,4	3166	3167
P74,4	3168	3169
P72,4	3170	3171
P90,4	3172	3173
P125,3	3174	3175
P81,4	3176	3177
P59,5	3178	3179
P104,4	3180	3181
P126,3	3182	3182
P64,5	3183	3184
P92,4	3185	3186
P39,6	3187	3188
P89,5	3189	3189
P65,5	3190	3191
P114,3	3192	3193
P108,4	3194	3195
P95,3	3196	3197
P100,4	3198	3199
P112,4	3200	3201
P82,5	3202	3203
P94,4	3204	3205
P99,4	3206	3207
P118,4	3208	3209
P101,4	3210	3210
P119,4	3211	3211
P110,4	3212	3213
P143,3	3214	3215
P128,3	3216	3217
P120,4	3218	3219
P123,4	3220	3221
P115,3	3222	3223
P129,3	3224	3225
P98,4	3226	3227
P145,3	3228	3229
P122,4	3230	3231
P152,3	3232	3233
P148,3	3234	3234
P130,3	3235	3235
P116,5	3236	3237
P162,3	3238	3239
P141,4	3240	3241
P106,4	3242	3243
P86,5	3244	3245
P102,5	3246	3247
P124,4	3248	3248
P132,4	3249	3250
P137,4	3251	3252
P149,3	3253	3254
P154,3	3255	3256
P105,5	3257	3258
P131,5	3259	3260
P133,4	3261	3262
P140,4	3263	3263
P144,3	3264	3265
P135,4	3266	3267
P159,3	3268	3269
P164,3	3270	3270
P161,4	3271	3272
P111,5	3273	3274
P183,3	3275	3276
P187,3	3277	3278
P147,4	3279	3280
P177,4	3281	3282
P174,4	3283	3284
P139,4	3285	3285
P180,3	3286	3287
P151,4	3288	3289
P158,4	3290	3291
P157,5	3292	3292
P134,5	3293	3294
P184,3	3295	3296
P168,4	3297	3298
P182,3	3299	3299
P200,3	3300	3300
P189,4	3301	3302
P178,3	3303	3304
P181,3	3305	3306
P173,5	3307	3308
P160,5	3309	3310
P185,4	3311	3311
P186,4	3312	3313
P85,7	3314	3315
P121,6	3316	3317
P190,3	3318	3319
P169,4	3320	3320
P58,5	3321	3321
P172,4	3322	3323
P156,4	3324	3325
P196,4	3326	3326
P142,5	3327	3327
P193,3	3328	3329
P150,4	3330	3330
P50,6	3331	3332
P153,5	3333	3334
P57,5	3335	3336
P199,3	3337	3338
P197,4	3339	3340
P198,4	3341	3341
P117,4	3342	3343
P138,4	3344	3345
P155,4	3346	3346
P3,3	3347	3348
P188,4	3349	3350
P167,4	3351	3352
P166,5	3353	3354
P17,3	3355	3356
P12,3	3357	3358
P163,4	3359	3360
P191,4	3361	3362
P192,5	3363	3364
P127,4	3365	3366
P136,6	3367	3368
P194,4	3369	3370
P28,4	3371	3372
P165,6	3373	3374
P66,5	3375	3376
P80,4	3377	3378
P176,5	3379	3380
P195,4	3381	3381
P146,5	3382	3383
P32,3	3384	3385
P113,5	3386	3387
P18,4	3388	3389
P6,4	3390	3391
P20,5	3392	3392
P9,4	3393	3393
P22,4	3394	3394
P34,3	3395	3395
P170,6	3396	3397
P35,3	3398	3398
P175,6	3399	3400
P46,3	3401	3402
P13,4	3403	3403
P31,4	3404	3405
P63,7	3406	3407
P2,4	3408	3409
P8,5	3410	3411
P171,5	3412	3413
P103,5	3414	3415
P83,5	3416	3417
P29,4	3418	3419
P27,4	3420	3421
P15,5	3422	3423
P1,6	3424	3425
P52,6	3426	3427
P40,4	3428	3429
P49,4	3430	3431
P10,5	3432	3433
P44,4	3434	3435
P24,4	3436	3436
P33,4	3437	3438
P16,5	3439	3439
P26,4	3440	3441
P25,5	3442	3443
P45,4	3444	3445
P96,3	3446	3447
P62,4	3448	3449
P54,4	3450	3451
P11,6	3452	3453
P84,3	3454	3454
P51,4	3455	3456
P4,5	3457	3458
P23,5	3459	3460
P69,4	3461	3462
P79,4	3463	3464
P41,4	3465	3466
P87,4	3467	3468
P56,4	3469	3469
P42,5	3470	3471
P75,4	3472	3473
P78,4	3474	3475
P91,4	3476	3477
P71,4	3478	3479
P55,4	3480	3481
P19,6	3482	3483
P48,5	3484	3485
P47,5	3486	3487
P61,4	3488	3489
P70,4	3490	3491
P68,4	3492	3493
P60,4	3494	3495
P14,7	3496	3497
P109,3	3498	3499
P73,4	3500	3501
P37,6	3502	3503
P53,5	3504	3505
P5,6	3506	3506
P30,5	3507	3507
P74,4	3508	3508
P21,6	3509	3510
P72,4	3511	3512
P107,4	3513	3514
P90,4	3515	3515
P77,4	3516	3517
P93,4	3518	3519
P59,5	3520	3521
P104,4	3522	3523
P64,5	3524	3525
P92,4	3526	3526
P39,6	3527	3528
P67,6	3529	3530
P114,3	3531	3532
P88,5	3533	3534
P125,4	3535	3536
P108,4	3537	3537
P95,3	3538	3539
P100,4	3540	3541
P112,4	3542	3543
P82,5	3544	3544
P94,4	3545	3545
P99,4	3546	3547
P81,5	3548	3548
P76,5	3549	3549
P118,4	3550	3551
P110,4	3552	3553
P143,3	3554	3555
P128,3	3556	3556
P120,4	3557	3558
P123,4	3559	3560
P115,3	3561	3561
P126,4	3562	3562
P129,3	3563	3563
P98,4	3564	3565
P145,3	3566	3567
P152,3	3568	3569
P119,5	3570	3571
P116,5	3572	3573
P101,5	3574	3575
P162,3	3576	3577
P141,4	3578	3578
P65,6	3579	3580
P106,4	3581	3582
P86,5	3583	3584
P132,4	3585	3586
P122,5	3587	3588
P137,4	3589	3590
P149,3	3591	3591
P154,3	3592	3592
P105,5	3593	3594
P131,5	3595	3596
P133,4	3597	3597
P144,3	3598	3598
P159,3	3599	3599
P161,4	3600	3600
P111,5	3601	3602
P130,4	3603	3604
P183,3	3605	3605
P187,3	3606	3607
P147,4	3608	3609
P174,4	3610	3611
P148,4	3612	3613
P102,6	3614	3615
P151,4	3616	3617
P158,4	3618	3619
P124,5	3620	3621
P184,3	3622	3622
P189,4	3623	3624
P178,3	3625	3626
P181,3	3627	3627
P173,5	3628	3629
P160,5	3630	3631
P140,5	3632	3633
P164,4	3634	3635
P121,6	3636	3636
P135,5	3637	3638
P180,4	3639	3640
P172,4	3641	3642
P134,6	3643	3644
P156,4	3645	3646
P168,5	3647	3648
P193,3	3649	3650
P139,5	3651	3652
P50,6	3653	3653
P153,5	3654	3654
P85,8	3655	3656
P177,5	3657	3658
P185,5	3659	3660
P190,4	3661	3662
P186,5	3663	3664
P117,4	3665	3665
P182,4	3666	3666
P200,4	3667	3668
P188,4	3669	3670
P167,4	3671	3671
P166,5	3672	3673
P12,3	3674	3674
P57,6	3675	3676
P163,4	3677	3678
P191,4	3679	3680
P192,5	3681	3682
P127,4	3683	3683
P58,6	3684	3685
P199,4	3686	3687
P136,6	3688	3689
P194,4	3690	3690
P150,5	3691	3692
P165,6	3693	3694
P3,4	3695	3696
P176,5	3697	3698
P142,6	3699	3700
P32,3	3701	3702
P113,5	3703	3704
P197,5	3705	3705
P198,5	3706	3707
P6,4	3708	3709
P155,5	3710	3711
P170,6	3712	3713
P175,6	3714	3715
P138,5	3716	3717
P195,5	3718	3719
P31,4	3720	3720
P17,4	3721	3722
P63,7	3723	3724
P80,5	3725	3726
P2,4	3727	3728
P28,5	3729	3730
P171,5	3731	3732
P103,5	3733	3734
P83,5	3735	3736
P29,4	3737	3738
P146,6	3739	3740
P22,5	3741	3741
P66,6	3742	3743
P27,4	3744	3745
P9,5	3746	3746
P46,4	3747	3748
P1,6	3749	3750
P52,6	3751	3752
P18,5	3753	3754
P49,4	3755	3756
P34,4	3757	3758
P10,5	3759	3759
P44,4	3760	3761
P33,4	3762	3763
P26,4	3764	3765
P25,5	3766	3767
P45,4	3768	3769
P35,4	3770	3770
P8,6	3771	3772
P13,5	3773	3774
P62,4	3775	3776
P20,6	3777	3778
P11,6	3779	3780
P15,6	3781	3782
P4,5	3783	3784
P23,5	3785	3786
P78,4	3787	3788
P16,6	3789	3790
P71,4	3791	3792
P40,5	3793	3794
P55,4	3795	3795
P19,6	3796	3797
P48,5	3798	3799
P47,5	3800	3800
P61,4	3801	3802
P96,4	3803	3804
P70,4	3805	3805
P87,5	3806	3807
P68,4	3808	3809
P24,5	3810	3810
P60,4	3811	3812
P14,7	3813	3814
P109,3	3815	3815
P73,4	3816	3817
P51,5	3818	3819
P53,5	3820	3821
P54,5	3822	3823
P84,4	3824	3824
P21,6	3825	3826
P72,4	3827	3827
P107,4	3828	3829
P69,5	3830	3831
P75,5	3832	3833
P77,4	3834	3835
P79,5	3836	3837
P93,4	3838	3839
P91,5	3840	3841
P39,6	3842	3843
P56,5	3844	3845
P114,3	3846	3847
P74,5	3848	3849
P88,5	3850	3851
P125,4	3852	3853
P30,6	3854	3855
P95,3	3856	3856
P90,5	3857	3858
P100,4	3859	3860
P99,4	3861	3862
P37,7	3863	3864
P118,4	3865	3865
P110,4	3866	3867
P5,7	3868	3869
P104,5	3870	3871
P143,3	3872	3873
P59,6	3874	3875
P64,6	3876	3877
P98,4	3878	3879
P152,3	3880	3881
P94,5	3882	3883
P119,5	3884	3885
P116,5	3886	3887
P101,5	3888	3889
P162,3	3890	3891
P120,5	3892	3893
P112,5	3894	3894
P65,6	3895	3896
P92,5	3897	3898
P132,4	3899	3899
P128,4	3900	3901
P129,4	3902	3903
P137,4	3904	3905
P108,5	3906	3907
P81,6	3908	3909
P105,5	3910	3911
P131,5	3912	3913
P115,4	3914	3915
P82,6	3916	3917
P111,5	3918	3919
P141,5	3920	3920
P130,4	3921	3922
P126,5	3923	3924
P123,5	3925	3926
P187,3	3927	3928
P147,4	3929	3930
P174,4	3931	3931
P148,4	3932	3933
P102,6	3934	3935
P154,4	3936	3937
P151,4	3938	3939
P133,5	3940	3941
P158,4	3942	3943
P124,5	3944	3945
P122,6	3946	3947
P145,4	3948	3949
P149,4	3950	3950
P189,4	3951	3952
P106,5	3953	3954
P173,5	3955	3955
P160,5	3956	3956
P140,5	3957	3957
P164,4	3958	3959
P144,4	3960	3961
P135,5	3962	3963
P86,6	3964	3965
P180,4	3966	3967
P159,4	3968	3969
P134,6	3970	3971
P183,4	3972	3973
P156,4	3974	3975
P168,5	3976	3976
P161,5	3977	3978
P178,4	3979	3980
P85,8	3981	3982
P184,4	3983	3984
P185,5	3985	3986
P190,4	3987	3988
P186,5	3989	3990
P200,4	3991	3992
P188,4	3993	3994
P121,7	3995	3996
P166,5	3997	3998
P163,4	3999	3999
P192,5	4000	4001
P181,4	4002	4003
P58,6	4004	4005
P199,4	4006	4007
P136,6	4008	4009
P150,5	4010	4011
P153,6	4012	4013
P177,6	4014	4015
P165,6	4016	4016
P3,4	4017	4018
P172,5	4019	4020
P176,5	4021	4021
P142,6	4022	4023
P12,4	4024	4025
P191,5	4026	4027
P50,7	4028	4029
P198,5	4030	4031
P193,4	4032	4033
P57,7	4034	4035
P155,5	4036	4037
P170,6	4038	4039
P127,5	4040	4041
P175,6	4042	4042
P138,5	4043	4044
P182,5	4045	4046
P167,5	4047	4048
P17,4	4049	4050
P117,5	4051	4052
P63,7	4053	4054
P113,6	4055	4056
P80,5	4057	4058
P28,5	4059	4060
P171,5	4061	4062
P32,4	4063	4064
P83,5	4065	4066
P146,6	4067	4068
P27,4	4069	4069
P46,4	4070	4071
P1,6	4072	4073
P52,6	4074	4074
P195,6	4075	4076
P18,5	4077	4078
P31,5	4079	4080
P103,6	4081	4081
P26,4	4082	4083
P6,5	4084	4085
P25,5	4086	4087
P45,4	4088	4089
P8,6	4090	4091
P66,7	4092	4093
P62,4	4094	4094
P29,5	4095	4095
P20,6	4096	4096
P2,5	4097	4098
P11,6	4099	4100
P4,5	4101	4102
P33,5	4103	4103
P23,5	4104	4105
P78,4	4106	4107
P71,4	4108	4108
P49,5	4109	4109
P35,5	4110	4111
P40,5	4112	4112
P44,5	4113	4114
P19,6	4115	4115
P9,6	4116	4116
P10,6	4117	4118
P96,4	4119	4120
P15,7	4121	4122
P87,5	4123	4124
P68,4	4125	4126
P60,4	4127	4127
P14,7	4128	4129
P34,5	4130	4131
P51,5	4132	4133
P53,5	4134	4134
P54,5	4135	4136
P21,6	4137	4138
P48,6	4139	4140
P70,5	4141	4142
P107,4	4143	4144
P69,5	4145	4146
P75,5	4147	4148
P13,6	4149	4150
P77,4	4151	4151
P79,5	4152	4153
P16,7	4154	4155
P55,5	4156	4157
P93,4	4158	4159
P91,5	4160	4161
P39,6	4162	4163
P61,5	4164	4165
P56,5	4166	4167
P72,5	4168	4169
P114,3	4170	4170
P73,5	4171	4172
P74,5	4173	4173
P88,5	4174	4175
P47,6	4176	4177
P125,4	4178	4179
P30,6	4180	4181
P109,4	4182	4183
P90,5	4184	4185
P24,6	4186	4187
P100,4	4188	4189
P99,4	4190	4191
P37,7	4192	4193
P84,5	4194	4194
P5,7	4195	4196
P104,5	4197	4198
P143,3	4199	4200
P59,6	4201	4202
P95,4	4203	4204
P94,5	4205	4205
P116,5	4206	4207
P101,5	4208	4209
P120,5	4210	4211
P92,5	4212	4212
P118,5	4213	4213
P98,5	4214	4215
P128,4	4216	4217
P129,4	4218	4218
P108,5	4219	4220
P81,6	4221	4222
P110,5	4223	4224
P105,5	4225	4226
P162,4	4227	4228
P115,4	4229	4230
P82,6	4231	4232
P111,5	4233	4233
P130,4	4234	4235
P126,5	4236	4237
P123,5	4238	4239
P132,5	4240	4241
P147,4	4242	4242
P119,6	4243	4244
P148,4	4245	4246
P152,4	4247	4248
P64,7	4249	4250
P102,6	4251	4251
P154,4	4252	4253
P112,6	4254	4255
P137,5	4256	4257
P122,6	4258	4259
P145,4	4260	4261
P141,6	4262	4262
P131,6	4263	4264
P106,5	4265	4266
P164,4	4267	4268
P144,4	4269	4270
P187,4	4271	4272
P135,5	4273	4274
P86,6	4275	4276
P151,5	4277	4278
P159,4	4279	4279
P174,5	4280	4280
P134,6	4281	4282
P183,4	4283	4284
P156,4	4285	4285
P124,6	4286	4286
P161,5	4287	4288
P178,4	4289	4290
P173,6	4291	4292
P184,4	4293	4294
P185,5	4295	4296
P149,5	4297	4298
P186,5	4299	4299
P133,6	4300	4300
P158,5	4301	4302
P200,4	4303	4303
P188,4	4304	4305
P180,5	4306	4307
P140,6	4308	4309
P181,4	4310	4311
P58,6	4312	4312
P199,4	4313	4314
P150,5	4315	4316
P177,6	4317	4318
P172,5	4319	4320
P85,9	4321	4322
P142,6	4323	4324
P12,4	4325	4326
P168,6	4327	4328
P190,5	4329	4329
P198,5	4330	4330
P193,4	4331	4332
P136,7	4333	4334
P57,7	4335	4335
P155,5	4336	4337
P127,5	4338	4339
P176,6	4340	4341
P138,5	4342	4342
P182,5	4343	4344
P167,5	4345	4346
P163,5	4347	4348
P166,6	4349	4350
P117,5	4351	4351
P192,6	4352	4353
P121,8	4354	4355
P191,6	4356	4357
P113,6	4358	4359
P80,5	4360	4361
P28,5	4362	4362
P50,8	4363	4364
P171,5	4365	4366
P32,4	4367	4368
P83,5	4369	4369
P146,6	4370	4370
P165,7	4371	4372
P46,4	4373	4374
P63,8	4375	4376
P195,6	4377	4378
P3,5	4379	4380
P18,5	4381	4381
P31,5	4382	4383
P6,5	4384	4384
P25,5	4385	4385
P45,4	4386	4387
P8,6	4388	4389
P66,7	4390	4391
P2,5	4392	4393
P11,6	4394	4395
P175,7	4396	4397
P4,5	4398	4398
P23,5	4399	4399
P103,7	4400	4401
P17,5	4402	4403
P35,5	4404	4404
P27,5	4405	4406
P44,5	4407	4407
P1,7	4408	4409
P10,6	4410	4411
P96,4	4412	4413
P15,7	4414	4415
P87,5	4416	4416
P26,5	4417	4417
P20,7	4418	4418
P14,7	4419	4419
P29,6	4420	4420
P51,5	4421	4422
P33,6	4423	4424
P54,5	4425	4426
P62,5	4427	4428
P48,6	4429	4430
P107,4	4431	4432
P69,5	4433	4434
P75,5	4435	4436
P78,5	4437	4437
P9,7	4438	4439
P13,6	4440	4441
P79,5	4442	4443
P71,5	4444	4445
P55,5	4446	4447
P93,4	4448	4448
P49,6	4449	4450
P61,5	4451	4451
P56,5	4452	4453
P72,5	4454	4455
P19,7	4456	4457
P40,6	4458	4459
P73,5	4460	4461
P88,5	4462	4462
P68,5	4463	4464
P30,6	4465	4466
P109,4	4467	4468
P90,5	4469	4470
P60,5	4471	4472
P24,6	4473	4474
P16,8	4475	4476
P53,6	4477	4478
P70,6	4479	4480
P91,6	4481	4482
P77,5	4483	4484
P74,6	4485	4486
P37,7	4487	4487
P104,5	4488	4489
P59,6	4490	4491
P95,4	4492	4493
P47,7	4494	4495
P125,5	4496	4496
P114,4	4497	4498
P101,5	4499	4500
P120,5	4501	4502
P98,5	4503	4503
P128,4	4504	4505
P99,5	4506	4506
P39,7	4507	4507
P108,5	4508	4509
P162,4	4510	4511
P115,4	4512	4513
P82,6	4514	4515
P94,6	4516	4517
P130,4	4518	4518
P5,8	4519	4520
P126,5	4521	4522
P100,5	4523	4524
P143,4	4525	4526
P123,5	4527	4528
P132,5	4529	4529
P129,5	4530	4531
P119,6	4532	4532
P148,4	4533	4534
P152,4	4535	4536
P84,6	4537	4537
P116,6	4538	4539
P118,6	4540	4540
P64,7	4541	4542
P105,6	4543	4543
P112,6	4544	4545
P81,7	4546	4547
P122,6	4548	4549
P145,4	4550	4551
P131,6	4552	4553
P106,5	4554	4555
P144,4	4556	4556
P147,5	4557	4558
P187,4	4559	4560
P135,5	4561	4561
P86,6	4562	4562
P102,7	4563	4564
P151,5	4565	4566
P110,6	4567	4568
P111,6	4569	4569
P183,4	4570	4571
P154,5	4572	4573
P161,5	4574	4574
P178,4	4575	4576
P173,6	4577	4578
P164,5	4579	4579
P185,5	4580	4581
P149,5	4582	4583
P141,7	4584	4584
P174,6	4585	4586
P159,5	4587	4587
P156,5	4588	4588
P180,5	4589	4589
P140,6	4590	4590
P181,4	4591	4592
P137,6	4593	4594
P177,6	4595	4596
P186,6	4597	4598
P172,5	4599	4599
P158,6	4600	4601
P85,9	4602	4603
P142,6	4604	4605
P133,7	4606	4607
P12,4	4608	4609
P188,5	4610	4611
P168,6	4612	4612
P200,5	4613	4614
P193,4	4615	4616
P184,5	4617	4618
P136,7	4619	4620
P134,7	4621	4621
P155,5	4622	4623
P124,7	4624	4625
P150,6	4626	4627
P182,5	4628	4628
P167,5	4629	4630
P163,5	4631	4632
P166,6	4633	4634
P192,6	4635	4636
P190,6	4637	4638
P191,6	4639	4639
P113,6	4640	4640
P80,5	4641	4642
P50,8	4643	4643
P199,5	4644	4645
P32,4	4646	4647
P58,7	4648	4649
P138,6	4650	4651
P165,7	4652	4653
P46,4	4654	4654
P57,8	4655	4655
P198,6	4656	4656
P176,7	4657	4658
P63,8	4659	4660
P127,6	4661	4662
P195,6	4663	4664
P3,5	4665	4666
P31,5	4667	4668
P66,7	4669	4669
P2,5	4670	4670
P117,6	4671	4672
P175,7	4673	4674
P171,6	4675	4675
P103,7	4676	4677
P17,5	4678	4679
P27,5	4680	4681
P1,7	4682	4683
P28,6	4684	4685
P18,6	4686	4687
P45,5	4688	4689
P146,7	4690	4691
P8,7	4692	4693
P15,7	4694	4695
P51,5	4696	4696
P33,6	4697	4697
P35,6	4698	4699
P4,6	4700	4701
P23,6	4702	4703
P48,6	4704	4705
P10,7	4706	4707
P69,5	4708	4708
P25,6	4709	4710
P11,7	4711	4712
P9,7	4713	4714
P13,6	4715	4716
P79,5	4717	4718
P71,5	4719	4720
P14,8	4721	4722
P49,6	4723	4724
P72,5	4725	4726
P62,6	4727	4727
P19,7	4728	4729
P78,6	4730	4731
P73,5	4732	4732
P26,6	4733	4734
P30,6	4735	4736
P96,5	4737	4738
P75,6	4739	4740
P20,8	4741	4741
P60,5	4742	4742
P16,8	4743	4744
P29,7	4745	4746
P70,6	4747	4748
P91,6	4749	4750
P77,5	4751	4752
P107,5	4753	4754
P88,6	4755	4756
P104,5	4757	4757
P55,6	4758	4759
P47,7	4760	4761
P93,5	4762	4763
P40,7	4764	4765
P114,4	4766	4767
P61,6	4768	4769
P68,6	4770	4771
P24,7	4772	4773
P108,5	4774	4774
P162,4	4775	4776
P115,4	4777	4777
P82,6	4778	4779
P94,6	4780	4781
P5,8	4782	4782
P90,6	4783	4784
P126,5	4785	4785
P109,5	4786	4787
P100,5	4788	4789
P143,4	4790	4791
P59,7	4792	4793
P123,5	4794	4794
P129,5	4795	4796
P120,6	4797	4798
P39,8	4799	4800
P128,5	4801	4802
P53,7	4803	4804
P152,4	4805	4806
P98,6	4807	4808
P101,6	4809	4810
P37,8	4811	4812
P112,6	4813	4814
P95,5	4815	4816
P145,4	4817	4818
P131,6	4819	4820
P147,5	4821	4822
P187,4	4823	4824
P84,7	4825	4826
P119,7	4827	4828
P102,7	4829	4830
P151,5	4831	4832
P81,8	4833	4834
P110,6	4835	4835
P116,7	4836	4837
P183,4	4838	4839
P154,5	4840	4841
P130,5	4842	4843
P132,6	4844	4844
P173,6	4845	4845
P135,6	4846	4847
P149,5	4848	4849
P174,6	4850	4851
P64,8	4852	4853
P106,6	4854	4855
P105,7	4856	4857
P144,5	4858	4858
P148,5	4859	4860
P86,7	4861	4862
P181,4	4863	4863
P161,6	4864	4865
P137,6	4866	4867
P111,7	4868	4869
P118,7	4870	4871
P158,6	4872	4873
P85,9	4874	4875
P133,7	4876	4877
P12,4	4878	4878
P141,8	4879	4880
P200,5	4881	4882
P193,4	4883	4883
P185,6	4884	4885
P184,5	4886	4887
P136,7	4888	4889
P177,7	4890	4891
P178,5	4892	4893
P124,7	4894	4895
P164,6	4896	4896
P150,6	4897	4898
P156,6	4899	4899
P163,5	4900	4901
P159,6	4902	4903
P166,6	4904	4904
P142,7	4905	4906
P140,7	4907	4908
P190,6	4909	4910
P168,7	4911	4912
P199,5	4913	4914
P172,6	4915	4916
P32,4	4917	4917
P58,7	4918	4919
P138,6	4920	4921
P165,7	4922	4923
P182,6	4924	4925
P176,7	4926	4927
P127,6	4928	4929
P188,6	4930	4931
P31,5	4932	4932
P80,6	4933	4934
P117,6	4935	4935
P192,7	4936	4937
P167,6	4938	4939
P175,7	4940	4940
P17,5	4941	4941
P57,9	4942	4943
P27,5	4944	4944
P191,7	4945	4946
P113,7	4947	4948
P1,7	4949	4950
P28,6	4951	4952
P46,5	4953	4954
P18,6	4955	4956
P45,5	4957	4958
P195,7	4959	4960
P15,7	4961	4962
P35,6	4963	4964
P4,6	4965	4966
P23,6	4967	4967
P103,8	4968	4969
P2,6	4970	4971
P10,7	4972	4973
P66,8	4974	4974
P3,6	4975	4976
P9,7	4977	4978
P13,6	4979	4980
P14,8	4981	4982
P49,6	4983	4983
P72,5	4984	4985
P19,7	4986	4987
P69,6	4988	4989
P78,6	4990	4991
P26,6	4992	4993
P171,7	4994	4995
P51,6	4996	4997
P48,7	4998	4999
P146,8	5000	5001
P96,5	5002	5002
P33,7	5003	5004
P8,8	5005	5006
P16,8	5007	5008
P11,8	5009	5010
P29,7	5011	5012
P79,6	5013	5014
P91,6	5015	5016
P77,5	5017	5018
P107,5	5019	5020
P88,6	5021	5022
P25,7	5023	5024
P55,6	5025	5026
P47,7	5027	5028
P93,5	5029	5030
P40,7	5031	5032
P20,9	5033	5034
P114,4	5035	5036
P61,6	5037	5038
P68,6	5039	5040
P24,7	5041	5042
P62,7	5043	5044
P30,7	5045	5046
P94,6	5047	5047
P90,6	5048	5049
P70,7	5050	5051
P73,6	5052	5053
P109,5	5054	5055
P75,7	5056	5057
P60,6	5058	5059
P100,5	5060	5060
P143,4	5061	5062
P59,7	5063	5064
P129,5	5065	5066
P120,6	5067	5068
P39,8	5069	5070
P152,4	5071	5071
P108,6	5072	5073
P101,6	5074	5075
P37,8	5076	5077
P115,5	5078	5079
P95,5	5080	5081
P131,6	5082	5083
P187,4	5084	5085
P5,9	5086	5087
P84,7	5088	5089
P119,7	5090	5091
P102,7	5092	5093
P162,5	5094	5095
P81,8	5096	5097
P98,7	5098	5099
P154,5	5100	5101
P130,5	5102	5102
P128,6	5103	5104
P53,8	5105	5106
P123,6	5107	5108
P64,8	5109	5109
P106,6	5110	5110
P105,7	5111	5112
P151,6	5113	5114
P145,5	5115	5115
P86,7	5116	5117
P116,8	5118	5119
P161,6	5120	5121
P137,6	5122	5123
P112,7	5124	5125
P111,7	5126	5126
P118,7	5127	5128
P149,6	5129	5130
P183,5	5131	5131
P85,9	5132	5133
P132,7	5134	5135
P133,7	5136	5136
P147,6	5137	5138
P141,8	5139	5139
P200,5	5140	5141
P184,5	5142	5142
P177,7	5143	5144
P174,7	5145	5146
P178,5	5147	5148
P124,7	5149	5150
P144,6	5151	5152
P12,5	5153	5154
P150,6	5155	5155
P135,7	5156	5157
P148,6	5158	5159
P181,5	5160	5161
P159,6	5162	5163
P142,7	5164	5165
P140,7	5166	5167
P193,5	5168	5168
P158,7	5169	5170
P168,7	5171	5172
P199,5	5173	5174
P172,6	5175	5176
P58,7	5177	5178
P165,7	5179	5179
P182,6	5180	5181
P127,6	5182	5182
P136,8	5183	5184
P188,6	5185	5186
P80,6	5187	5188
P163,6	5189	5190
P192,7	5191	5192
P185,7	5193	5194
P57,9	5195	5196
P191,7	5197	5198
P113,7	5199	5200
P1,7	5201	5201
P28,6	5202	5202
P46,5	5203	5204
P190,7	5205	5206
P18,6	5207	5208
P166,7	5209	5210
P45,5	5211	5212
P156,7	5213	5214
P195,7	5215	5216
P32,5	5217	5217
P175,8	5218	5218
P167,7	5219	5220
P35,6	5221	5222
P4,6	5223	5224
P103,8	5225	5226
P2,6	5227	5227
P176,8	5228	5229
P117,7	5230	5231
P3,6	5232	5233
P31,6	5234	5235
P14,8	5236	5236
P69,6	5237	5238
P78,6	5239	5239
P17,6	5240	5241
P26,6	5242	5243
P10,8	5244	5245
P23,7	5246	5247
P51,6	5248	5249
P146,8	5250	5251
P66,9	5252	5252
P33,7	5253	5254
P8,8	5255	5256
P72,6	5257	5258
P16,8	5259	5259
P11,8	5260	5260
P29,7	5261	5262
P9,8	5263	5264
P49,7	5265	5266
P79,6	5267	5268
P19,8	5269	5270
P91,6	5271	5272
P77,5	5273	5273
P107,5	5274	5275
P88,6	5276	5277
P25,7	5278	5278
P55,6	5279	5279
P13,7	5280	5280
P47,7	5281	5281
P96,6	5282	5283
P93,5	5284	5285
P40,7	5286	5287
P48,8	5288	5289
P20,9	5290	5291
P114,4	5292	5293
P61,6	5294	5295
P171,8	5296	5296
P62,7	5297	5298
P30,7	5299	5299
P90,6	5300	5301
P70,7	5302	5303
P75,7	5304	5305
P60,6	5306	5307
P143,4	5308	5308
P59,7	5309	5310
P129,5	5311	5311
P120,6	5312	5312
P39,8	5313	5314
P108,6	5315	5316
P115,5	5317	5318
P24,8	5319	5320
P95,5	5321	5322
P5,9	5323	5323
P84,7	5324	5325
P109,6	5326	5326
P162,5	5327	5328
P81,8	5329	5330
P100,6	5331	5332
P68,7	5333	5334
P98,7	5335	5336
P154,5	5337	5338
P128,6	5339	5340
P53,8	5341	5342
P73,7	5343	5344
P105,7	5345	5346
P151,6	5347	5348
P101,7	5349	5350
P86,7	5351	5352
P37,9	5353	5354
P116,8	5355	5355
P161,6	5356	5356
P137,6	5357	5358
P152,5	5359	5360
P112,7	5361	5361
P118,7	5362	5363
P149,6	5364	5364
P119,8	5365	5366
P123,7	5367	5368
P132,7	5369	5370
P130,6	5371	5372
P187,5	5373	5374
P147,6	5375	5376
P200,5	5377	5377
P174,7	5378	5379
P178,5	5380	5381
P145,6	5382	5383
P144,6	5384	5385
P111,8	5386	5386
P12,5	5387	5387
P183,6	5388	5388
P135,7	5389	5389
P148,6	5390	5391
P64,9	5392	5393
P181,5	5394	5395
P159,6	5396	5397
P142,7	5398	5399
P85,10	5400	5400
P140,7	5401	5402
P106,7	5403	5403
P158,7	5404	5405
P133,8	5406	5406
P168,7	5407	5407
P199,5	5408	5409
P58,7	5410	5411
P124,8	5412	5413
P136,8	5414	5415
P177,8	5416	5417
P188,6	5418	5418
P80,6	5419	5420
P163,6	5421	5422
P192,7	5423	5423
P185,7	5424	5425
P184,6	5426	5427
P191,7	5428	5429
P113,7	5430	5431
P46,5	5432	5432
P127,7	5433	5434
P190,7	5435	5436
P150,7	5437	5438
P18,6	5439	5439
P166,7	5440	5441
P156,7	5442	5443
P182,7	5444	5445
P193,6	5446	5447
P167,7	5448	5449
P28,7	5450	5451
P4,6	5452	5453
P172,7	5454	5455
P103,8	5456	5456
P176,8	5457	5457
P3,6	5458	5459
P31,6	5460	5461
P57,10	5462	5463
P69,6	5464	5465
P17,6	5466	5467
P26,6	5468	5469
P10,8	5470	5470
P51,6	5471	5472
P2,7	5473	5474
P146,8	5475	5476
P33,7	5477	5478
P8,8	5479	5479
P72,6	5480	5481
P14,9	5482	5483
P45,6	5484	5485
P35,7	5486	5487
P195,8	5488	5488
P29,7	5489	5490
P175,9	5491	5491
P49,7	5492	5493
P79,6	5494	5495
P19,8	5496	5497
P78,7	5498	5499
P107,5	5500	5500
P66,10	5501	5502
P88,6	5503	5504
P96,6	5505	5506
P23,8	5507	5507
P93,5	5508	5508
P117,8	5509	5510
P48,8	5511	5512
P20,9	5513	5514
P91,7	5515	5516
P61,6	5517	5517
P70,7	5518	5518
P75,7	5519	5519
P59,7	5520	5521
P9,9	5522	5523
P39,8	5524	5525
P108,6	5526	5526
P115,5	5527	5527
P47,8	5528	5529
P24,8	5530	5531
P95,5	5532	5532
P25,8	5533	5534
P84,7	5535	5536
P162,5	5537	5538
P171,9	5539	5540
P62,8	5541	5542
P40,8	5543	5544
P81,8	5545	5545
P77,6	5546	5547
P90,7	5548	5549
P30,8	5550	5551
P114,5	5552	5553
P68,7	5554	5555
P120,7	5556	5557
P98,7	5558	5559
P55,7	5560	5561
P128,6	5562	5563
P53,8	5564	5565
P73,7	5566	5567
P143,5	5568	5569
P151,6	5570	5571
P101,7	5572	5573
P86,7	5574	5575
P37,9	5576	5576
P154,6	5577	5578
P5,10	5579	5580
P152,5	5581	5582
P118,7	5583	5583
P119,8	5584	5585
P109,7	5586	5586
P100,7	5587	5588
P129,6	5589	5590
P123,7	5591	5592
P132,7	5593	5593
P130,6	5594	5594
P187,5	5595	5596
P147,6	5597	5598
P174,7	5599	5599
P178,5	5600	5601
P145,6	5602	5603
P144,6	5604	5604
P105,8	5605	5605
P148,6	5606	5607
P64,9	5608	5609
P159,6	5610	5611
P142,7	5612	5613
P116,9	5614	5615
P140,7	5616	5616
P158,7	5617	5618
P161,7	5619	5620
P200,6	5621	5622
P149,7	5623	5624
P124,8	5625	5626
P137,7	5627	5628
P112,8	5629	5630
P135,8	5631	5632
P177,8	5633	5634
P185,7	5635	5635
P111,9	5636	5636
P184,6	5637	5638
P191,7	5639	5639
P113,7	5640	5640
P127,7	5641	5642
P190,7	5643	5643
P181,6	5644	5645
P58,8	5646	5647
P199,6	5648	5649
P166,7	5650	5650
P12,6	5651	5652
P168,8	5653	5654
P163,7	5655	5655
P188,7	5656	5657
P193,6	5658	5659
P80,7	5660	5660
P167,7	5661	5661
P28,7	5662	5663
P172,7	5664	5664
P3,6	5665	5665
P133,9	5666	5667
P57,10	5668	5669
P69,6	5670	5670
P136,9	5671	5672
P182,8	5673	5674
P17,6	5675	5675
P51,6	5676	5677
P2,7	5678	5679
P46,6	5680	5681
P192,8	5682	5683
P146,8	5684	5685
P33,7	5686	5686
P176,9	5687	5688
P72,6	5689	5690
P31,7	5691	5692
P14,9	5693	5694
P45,6	5695	5696
P35,7	5697	5698
P18,7	5699	5700
P49,7	5701	5702
P79,6	5703	5704
P19,8	5705	5706
P78,7	5707	5707
P4,7	5708	5709
P96,6	5710	5711
P117,8	5712	5713
P103,9	5714	5715
P48,8	5716	5717
P20,9	5718	5719
P26,7	5720	5721
P91,7	5722	5723
P195,9	5724	5725
P8,9	5726	5727
P10,9	5728	5729
P175,10	5730	5730
P47,8	5731	5732
P88,7	5733	5734
P24,8	5735	5736
P25,8	5737	5738
P162,5	5739	5739
P61,7	5740	5741
P171,9	5742	5743
P62,8	5744	5745
P23,9	5746	5747
P40,8	5748	5749
P39,9	5750	5751
P77,6	5752	5752
P107,6	5753	5754
P93,6	5755	5755
P90,7	5756	5757
P9,10	5758	5759
P30,8	5760	5760
P114,5	5761	5762
P70,8	5763	5764
P68,7	5765	5766
P120,7	5767	5768
P98,7	5769	5770
P108,7	5771	5772
P55,7	5773	5774
P128,6	5775	5776
P53,8	5777	5777
P95,6	5778	5779
P151,6	5780	5780
P101,7	5781	5782
P154,6	5783	5784
P152,5	5785	5786
P84,8	5787	5788
P100,7	5789	5789
P123,7	5790	5791
P73,8	5792	5793
P187,5	5794	5795
P147,6	5796	5797
P145,6	5798	5799
P81,9	5800	5801
P119,9	5802	5803
P5,11	5804	5805
P118,8	5806	5807
P161,7	5808	5809
P143,6	5810	5811
P200,6	5812	5813
P86,8	5814	5815
P149,7	5816	5817
P109,8	5818	5819
P124,8	5820	5821
P137,7	5822	5823
P64,10	5824	5825
P112,8	5826	5827
P37,10	5828	5829
P135,8	5830	5831
P177,8	5832	5833
P184,6	5834	5835
P129,7	5836	5836
P127,7	5837	5838
P181,6	5839	5840
P132,8	5841	5842
P58,8	5843	5844
P199,6	5845	5846
P148,7	5847	5847
P158,8	5848	5849
P12,6	5850	5851
P130,7	5852	5852
P116,10	5853	5854
P168,8	5855	5856
P188,7	5857	5858
P178,6	5859	5860
P159,7	5861	5862
P142,8	5863	5863
P28,7	5864	5865
P140,8	5866	5866
P133,9	5867	5867
P111,10	5868	5868
P136,9	5869	5870
P182,8	5871	5872
P2,7	5873	5874
P190,8	5875	5876
P193,7	5877	5878
P46,6	5879	5880
P185,8	5881	5882
P167,8	5883	5884
P176,9	5885	5886
P72,6	5887	5888
P31,7	5889	5890
P57,11	5891	5892
P14,9	5893	5894
P45,6	5895	5896
P35,7	5897	5898
P80,8	5899	5900
P18,7	5901	5901
P166,8	5902	5902
P19,8	5903	5903
P69,7	5904	5905
P163,8	5906	5907
P117,8	5908	5909
P103,9	5910	5910
P172,8	5911	5912
P48,8	5913	5913
P26,7	5914	5915
P3,7	5916	5917
P195,9	5918	5919
P8,9	5920	5921
P10,9	5922	5922
P51,7	5923	5924
P47,8	5925	5926
P88,7	5927	5928
P24,8	5929	5929
P25,8	5930	5931
P192,9	5932	5932
P146,9	5933	5934
P61,7	5935	5936
P96,7	5937	5938
P62,8	5939	5940
P33,8	5941	5942
P23,9	5943	5944
P40,8	5945	5945
P39,9	5946	5947
P20,10	5948	5949
P107,6	5950	5951
P79,7	5952	5953
P162,6	5954	5955
P9,10	5956	5957
P49,8	5958	5959
P78,8	5960	5961
P70,8	5962	5963
P91,8	5964	5965
P120,7	5966	5967
P108,7	5968	5969
P55,7	5970	5971
P95,6	5972	5973
P30,9	5974	5975
P154,6	5976	5977
P175,11	5978	5979
P114,6	5980	5981
P152,5	5982	5982
P84,8	5983	5984
P123,7	5985	5986
P73,8	5987	5988
P145,6	5989	5990
P77,7	5991	5992
P81,9	5993	5994
P93,7	5995	5996
P68,8	5997	5998
P119,9	5999	6000
P5,11	6001	6002
P118,8	6003	6004
P161,7	6005	6006
P98,8	6007	6008
P200,6	6009	6010
P128,7	6011	6012
P149,7	6013	6014
P109,8	6015	6016
P124,8	6017	6018
P147,7	6019	6020
P137,7	6021	6021
P101,8	6022	6023
P112,8	6024	6024
P187,6	6025	6026
P37,10	6027	6028
P135,8	6029	6030
P177,8	6031	6031
P100,8	6032	6033
P184,6	6034	6035
P53,9	6036	6037
P127,7	6038	6039
P181,6	6040	6041
P132,8	6042	6043
P86,9	6044	6045
P58,8	6046	6046
P199,6	6047	6047
P158,8	6048	6049
P12,6	6050	6051
P116,10	6052	6053
P168,8	6054	6054
P188,7	6055	6056
P178,6	6057	6058
P159,7	6059	6059
P136,9	6060	6061
P182,8	6062	6063
P2,7	6064	6064
P190,8	6065	6066
P193,7	6067	6068
P46,6	6069	6070
P185,8	6071	6072
P167,8	6073	6074
P176,9	6075	6076
P130,8	6077	6078
P129,8	6079	6079
P31,7	6080	6081
P140,9	6082	6083
P57,11	6084	6085
P14,9	6086	6087
P45,6	6088	6088
P35,7	6089	6090
P28,8	6091	6092
P80,8	6093	6093
P148,8	6094	6095
P163,8	6096	6097
P117,8	6098	6099
P172,8	6100	6101
P26,7	6102	6103
P111,11	6104	6104
P195,9	6105	6106
P8,9	6107	6108
P133,10	6109	6110
P51,7	6111	6112
P69,8	6113	6114
P47,8	6115	6116
P88,7	6117	6118
P72,7	6119	6120
P25,8	6121	6122
P103,10	6123	6124
P61,7	6125	6126
P96,7	6127	6128
P33,8	6129	6129
P23,9	6130	6130
P166,9	6131	6131
P39,9	6132	6132
P18,8	6133	6134
P3,8	6135	6136
P20,10	6137	6138
P107,6	6139	6140
P79,7	6141	6142
P162,6	6143	6144
P9,10	6145	6146
P24,9	6147	6148
P192,10	6149	6149
P49,8	6150	6151
P78,8	6152	6153
P19,9	6154	6155
P70,8	6156	6157
P48,9	6158	6159
P108,7	6160	6161
P95,6	6162	6162
P30,9	6163	6164
P175,11	6165	6166
P146,10	6167	6168
P84,8	6169	6170
P73,8	6171	6172
P91,9	6173	6174
P77,7	6175	6176
P81,9	6177	6178
P93,7	6179	6180
P68,8	6181	6182
P40,9	6183	6184
P5,11	6185	6186
P161,7	6187	6188
P98,8	6189	6190
P200,6	6191	6191
P128,7	6192	6193
P120,8	6194	6195
P109,8	6196	6197
P154,7	6198	6199
P55,8	6200	6200
P147,7	6201	6202
P101,8	6203	6203
P187,6	6204	6205
P123,8	6206	6207
P37,10	6208	6209
P152,6	6210	6211
P135,8	6212	6212
P145,7	6213	6214
P100,8	6215	6216
P53,9	6217	6217
P181,6	6218	6218
P132,8	6219	6220
P86,9	6221	6222
P119,10	6223	6224
P158,8	6225	6226
P12,6	6227	6227
P116,10	6228	6228
P137,8	6229	6230
P188,7	6231	6232
P178,6	6233	6234
P136,9	6235	6235
P118,9	6236	6237
P149,8	6238	6239
P124,9	6240	6241
P182,8	6242	6242
P190,8	6243	6244
P112,9	6245	6246
P127,8	6247	6248
P185,8	6249	6250
P167,8	6251	6252
P176,9	6253	6254
P130,8	6255	6256
P159,8	6257	6258
P177,9	6259	6260
P57,11	6261	6261
P2,8	6262	6263
P184,7	6264	6265
P199,7	6266	6267
P28,8	6268	6269
P148,8	6270	6271
P163,8	6272	6273
P172,8	6274	6275
P26,7	6276	6277
P168,9	6278	6279
P195,9	6280	6280
P140,10	6281	6282
P133,10	6283	6284
P51,7	6285	6286
P14,10	6287	6288
P35,8	6289	6290
P88,7	6291	6292
P72,7	6293	6294
P193,8	6295	6296
P103,10	6297	6298
P61,7	6299	6299
P96,7	6300	6301
P18,8	6302	6303
P69,9	6304	6305
P3,8	6306	6307
P45,7	6308	6309
P31,8	6310	6311
P79,7	6312	6313
P47,9	6314	6315
P9,10	6316	6316
P24,9	6317	6317
P8,10	6318	6319
P49,8	6320	6321
P78,8	6322	6323
P70,8	6324	6324
P48,9	6325	6325
P108,7	6326	6326
P23,10	6327	6328
P30,9	6329	6330
P175,11	6331	6332
P73,8	6333	6333
P91,9	6334	6334
P107,7	6335	6336
P77,7	6337	6338
P81,9	6339	6339
P162,7	6340	6341
P93,7	6342	6343
P25,9	6344	6345
P68,8	6346	6347
P40,9	6348	6349
P98,8	6350	6351
P128,7	6352	6353
P120,8	6354	6355
P109,8	6356	6357
P154,7	6358	6359
P95,7	6360	6361
P147,7	6362	6363
P187,6	6364	6365
P146,11	6366	6366
P123,8	6367	6368
P152,6	6369	6370
P145,7	6371	6372
P84,9	6373	6374
P132,8	6375	6376
P86,9	6377	6378
P119,10	6379	6380
P158,8	6381	6381
P101,9	6382	6383
P37,11	6384	6385
P135,9	6386	6387
P200,7	6388	6389
P149,8	6390	6391
P124,9	6392	6393
P100,9	6394	6395
P53,10	6396	6397
P112,9	6398	6399
P127,8	6400	6401
P55,9	6402	6403
P185,8	6404	6404
P167,8	6405	6406
P130,8	6407	6408
P178,7	6409	6410
P159,8	6411	6412
P177,9	6413	6414
P2,8	6415	6416
P184,7	6417	6418
P199,7	6419	6420
P28,8	6421	6422
P148,8	6423	6423
P168,9	6424	6425
P133,10	6426	6427
P12,7	6428	6429
P35,8	6430	6430
P182,9	6431	6432
P72,7	6433	6434
P118,10	6435	6436
P193,8	6437	6438
P103,10	6439	6439
P172,9	6440	6441
P96,7	6442	6443
P176,10	6444	6445
P18,8	6446	6447
P3,8	6448	6449
P57,12	6450	6451
P45,7	6452	6453
P31,8	6454	6455
P163,9	6456	6457
P88,8	6458	6459
P195,10	6460	6460
P79,7	6461	6461
P8,10	6462	6463
P49,8	6464	6465
P23,10	6466	6467
P30,9	6468	6469
P175,11	6470	6470
P26,8	6471	6472
P69,10	6473	6474
P51,8	6475	6476
P47,10	6477	6478
P162,7	6479	6480
P93,7	6481	6481
P14,11	6482	6483
P68,8	6484	6485
P40,9	6486	6487
P128,7	6488	6488
P120,8	6489	6490
P73,9	6491	6492
P108,8	6493	6494
P154,7	6495	6496
P24,10	6497	6498
P95,7	6499	6499
P147,7	6500	6501
P48,10	6502	6503
P81,10	6504	6505
P25,10	6506	6506
P123,8	6507	6508
P152,6	6509	6510
P84,9	6511	6512
P77,8	6513	6513
P70,9	6514	6515
P107,8	6516	6517
P86,9	6518	6518
P119,10	6519	6519
P37,11	6520	6521
P135,9	6522	6523
P200,7	6524	6525
P149,8	6526	6526
P124,9	6527	6528
P98,9	6529	6530
P53,10	6531	6532
P112,9	6533	6534
P127,8	6535	6536
P55,9	6537	6538
P101,10	6539	6539
P130,8	6540	6541
P158,9	6542	6543
P178,7	6544	6545
P159,8	6546	6547
P109,9	6548	6549
P145,8	6550	6550
P199,7	6551	6552
P28,8	6553	6553
P168,9	6554	6555
P146,12	6556	6556
P133,10	6557	6558
P12,7	6559	6560
P132,9	6561	6562
P100,10	6563	6564
P182,9	6565	6565
P72,7	6566	6566
P118,10	6567	6568
P177,10	6569	6570
P193,8	6571	6571
P176,10	6572	6573
P3,8	6574	6575
P57,12	6576	6577
P45,7	6578	6579
P167,9	6580	6581
P31,8	6582	6583
P163,9	6584	6585
P88,8	6586	6586
P96,8	6587	6588
P8,10	6589	6590
P23,10	6591	6592
P184,8	6593	6594
P2,9	6595	6596
P26,8	6597	6598
P69,10	6599	6599
P148,9	6600	6601
P47,10	6602	6603
P162,7	6604	6605
P14,11	6606	6606
P35,9	6607	6608
P172,10	6609	6609
P40,9	6610	6611
P120,8	6612	6612
P79,8	6613	6614
P73,9	6615	6616
P108,8	6617	6618
P154,7	6619	6620
P24,10	6621	6621
P49,9	6622	6623
P48,10	6624	6625
P81,10	6626	6627
P123,8	6628	6628
P128,8	6629	6630
P152,6	6631	6632
P93,8	6633	6634
P84,9	6635	6636
P51,9	6637	6638
P107,8	6639	6640
P37,11	6641	6642
P135,9	6643	6644
P200,7	6645	6645
P30,10	6646	6647
P95,8	6648	6649
P98,9	6650	6651
P53,10	6652	6652
P112,9	6653	6654
P147,8	6655	6656
P127,8	6657	6657
P55,9	6658	6658
P68,9	6659	6660
P158,9	6661	6662
P109,9	6663	6664
P199,7	6665	6666
P168,9	6667	6668
P119,11	6669	6670
P12,7	6671	6672
P130,9	6673	6673
P132,9	6674	6674
P86,10	6675	6676
P77,9	6677	6678
P118,10	6679	6680
P124,10	6681	6682
P176,10	6683	6684
P57,12	6685	6686
P101,11	6687	6688
P28,9	6689	6690
P45,7	6691	6692
P167,9	6693	6694
P163,9	6695	6696
P96,8	6697	6698
P8,10	6699	6700
P23,10	6701	6702
P184,8	6703	6704
P182,10	6705	6706
P178,8	6707	6708
P145,9	6709	6709
P26,8	6710	6711
P148,9	6712	6713
P72,8	6714	6714
P47,10	6715	6716
P162,7	6717	6717
P3,9	6718	6719
P35,9	6720	6721
P79,8	6722	6723
P193,9	6724	6725
P73,9	6726	6727
P108,8	6728	6728
P49,9	6729	6730
P48,10	6731	6732
P177,11	6733	6734
P88,9	6735	6736
P172,11	6737	6738
P128,8	6739	6740
P93,8	6741	6742
P51,9	6743	6743
P31,9	6744	6745
P107,8	6746	6747
P135,9	6748	6748
P30,10	6749	6749
P95,8	6750	6751
P147,8	6752	6753
P120,9	6754	6755
P68,9	6756	6757
P158,9	6758	6758
P154,8	6759	6760
P109,9	6761	6762
P84,10	6763	6764
P119,11	6765	6766
P12,7	6767	6767
P86,10	6768	6769
P77,9	6770	6770
P118,10	6771	6772
P124,10	6773	6774
P112,10	6775	6776
P55,10	6777	6778
P81,11	6779	6779
P127,9	6780	6781
P57,12	6782	6782
P101,11	6783	6784
P28,9	6785	6785
P96,8	6786	6787
P200,8	6788	6789
P184,8	6790	6791
P182,10	6792	6792
P53,11	6793	6794
P98,10	6795	6796
P178,8	6797	6798
P148,9	6799	6800
P47,10	6801	6801
P199,8	6802	6802
P3,9	6803	6804
P35,9	6805	6806
P79,8	6807	6808
P193,9	6809	6810
P168,10	6811	6812
P49,9	6813	6813
P48,10	6814	6814
P45,8	6815	6816
P167,10	6817	6818
P177,11	6819	6820
P26,9	6821	6822
P88,9	6823	6823
P172,11	6824	6825
P176,11	6826	6827
P93,8	6828	6829
P31,9	6830	6831
P107,8	6832	6832
P8,11	6833	6834
P95,8	6835	6836
P163,10	6837	6838
P147,8	6839	6840
P120,9	6841	6842
P162,8	6843	6844
P68,9	6845	6845
P109,9	6846	6847
P84,10	6848	6849
P119,11	6850	6851
P51,10	6852	6853
P73,10	6854	6855
P72,9	6856	6857
P135,10	6858	6859
P124,10	6860	6860
P108,9	6861	6862
P112,10	6863	6864
P128,9	6865	6866
P55,10	6867	6867
P127,9	6868	6869
P200,8	6870	6871
P12,8	6872	6873
P154,9	6874	6875
P53,11	6876	6877
P98,10	6878	6879
P178,8	6880	6881
P148,9	6882	6883
P81,12	6884	6885
P3,9	6886	6887
P96,9	6888	6889
P79,8	6890	6890
P86,11	6891	6892
P193,9	6893	6893
P77,10	6894	6895
P168,10	6896	6897
P45,8	6898	6898
P158,10	6899	6900
P167,10	6901	6902
P118,11	6903	6904
P177,11	6905	6906
P28,10	6907	6908
P172,11	6909	6910
P176,11	6911	6912
P182,11	6913	6914
P8,11	6915	6915
P163,10	6916	6917
P147,8	6918	6918
P120,9	6919	6920
P47,11	6921	6922
P84,10	6923	6923
P35,10	6924	6925
P119,11	6926	6927
P48,11	6928	6929
P51,10	6930	6931
P73,10	6932	6933
P72,9	6934	6935
P199,9	6936	6937
P88,10	6938	6939
P135,10	6940	6941
P93,9	6942	6942
P108,9	6943	6944
P95,9	6945	6946
P112,10	6947	6947
P128,9	6948	6949
P31,10	6950	6951
P127,9	6952	6953
P200,8	6954	6955
P26,10	6956	6957
P107,9	6958	6958
P178,8	6959	6959
P81,12	6960	6960
P3,9	6961	6962
P96,9	6963	6964
P86,11	6965	6965
P162,9	6966	6967
P109,10	6968	6969
P168,10	6970	6970
P158,10	6971	6972
P167,10	6973	6973
P68,10	6974	6975
P177,11	6976	6976
P28,10	6977	6978
P98,11	6979	6980
P172,11	6981	6981
P176,11	6982	6982
P154,10	6983	6984
P182,11	6985	6986
P77,11	6987	6988
P120,9	6989	6989
P12,9	6990	6991
P79,9	6992	6993
P47,11	6994	6995
P118,12	6996	6997
P48,11	6998	6999
P193,10	7000	7001
P51,10	7002	7003
P53,12	7004	7005
P73,10	7006	7006
P72,9	7007	7007
P199,9	7008	7009
P135,10	7010	7011
P108,9	7012	7013
P95,9	7014	7015
P128,9	7016	7017
P31,10	7018	7019
P119,12	7020	7021
P45,9	7022	7023
P127,9	7024	7025
P26,10	7026	7027
P35,11	7028	7029
P96,9	7030	7031
P162,9	7032	7033
P109,10	7034	7035
P158,10	7036	7036
P68,10	7037	7038
P107,10	7039	7040
P28,10	7041	7041
P98,11	7042	7043
P84,11	7044	7044
P112,11	7045	7046
P88,11	7047	7048
P182,11	7049	7050
P77,11	7051	7052
P79,9	7053	7054
P47,11	7055	7056
P118,12	7057	7058
P193,10	7059	7060
P51,10	7061	7062
P168,11	7063	7064
P53,12	7065	7066
P199,9	7067	7068
P135,10	7069	7070
P167,11	7071	7072
P108,9	7073	7074
P31,10	7075	7075
P119,12	7076	7077
P3,10	7078	7079
P45,9	7080	7081
P176,12	7082	7083
P12,10	7084	7085
P26,10	7086	7087
P35,11	7088	7089
P172,12	7090	7091
P162,9	7092	7093
P109,10	7094	7095
P68,10	7096	7097
P72,10	7098	7099
P107,10	7100	7100
P73,11	7101	7102
P154,11	7103	7104
P98,11	7105	7105
P48,12	7106	7107
P112,11	7108	7108
P88,11	7109	7110
P128,10	7111	7112
P182,11	7113	7114
P95,10	7115	7115
P79,9	7116	7117
P47,11	7118	7118
P118,12	7119	7120
P193,10	7121	7122
P96,10	7123	7124
P168,11	7125	7126
P53,12	7127	7128
P127,10	7129	7130
P167,11	7131	7132
P119,12	7133	7134
P3,10	7135	7136
P45,9	7137	7138
P176,12	7139	7140
P77,12	7141	7141
P12,10	7142	7143
P51,11	7144	7145
P172,12	7146	7147
P158,11	7148	7149
P109,10	7150	7150
P68,10	7151	7151
P28,11	7152	7152
P73,11	7153	7154
P84,12	7155	7156
P154,11	7157	7158
P135,11	7159	7160
P48,12	7161	7162
P199,10	7163	7164
P88,11	7165	7165
P128,10	7166	7167
P79,9	7168	7168
P108,10	7169	7169
P193,10	7170	7170
P96,10	7171	7172
P26,11	7173	7174
P53,12	7175	7176
P127,10	7177	7177
P167,11	7178	7178
P119,12	7179	7180
P31,11	7181	7181
P3,10	7182	7183
P45,9	7184	7184
P176,12	7185	7185
P95,11	7186	7187
P51,11	7188	7189
P162,10	7190	7191
P172,12	7192	7192
P73,11	7193	7193
P84,12	7194	7195
P47,12	7196	7197
P154,11	7198	7199
P135,11	7200	7201
P199,10	7202	7203
P128,10	7204	7205
P182,12	7206	7206
P96,10	7207	7208
P26,11	7209	7210
P109,11	7211	7212
P28,12	7213	7214
P95,11	7215	7216
P88,12	7217	7218
P51,11	7219	7220
P79,10	7221	7221
P162,10	7222	7223
P84,12	7224	7225
P47,12	7226	7227
P135,11	7228	7228
P128,10	7229	7229
P158,12	7230	7231
P193,11	7232	7233
P26,11	7234	7234
P45,10	7235	7236
P28,12	7237	7237
P95,11	7238	7239
P88,12	7240	7241
P51,11	7242	7242
P31,12	7243	7244
P3,11	7245	7245
P162,10	7246	7247
P108,11	7248	7248
P84,12	7249	7249
P47,12	7250	7251
P158,12	7252	7252
P193,11	7253	7254
P73,12	7255	7256
P88,12	7257	7258
P31,12	7259	7259
P199,11	7260	7260
P96,11	7261	7262
P162,10	7263	7263
P47,12	7264	7265
P154,12	7266	7266
P73,12	7267	7268
P79,11	7269	7270
P128,11	7271	7272
P96,11	7273	7274
P26,12	7275	7276
P109,12	7277	7278
P73,12	7279	7279
P108,12	7280	7281
P128,11	7282	7283
P96,11	7284	7285
P26,12	7286	7287
P109,12	7288	7289
P108,12	7290	7291
P128,11	7292	7293
P96,11	7294	7294
P199,12	7295	7296
P135,12	7297	7298
P26,12	7299	7300
P109,12	7301	7302
P199,12	7303	7304
P135,12	7305	7306
P26,12	7307	7308
P162,11	7309	7310
P109,12	7311	7311
P199,12	7312	7312
P135,12	7313	7313
P162,11	7314	7315
P79,12	7316	7317
P162,11	7318	7318
P79,12	7319	7321
P96,12	7343	7346
