CPU0
P1,1	0	2
P2,1	3	4
P3,1	5	6
P4,1	7	8
P2,1	9	10
P3,1	11	12
P5,1	13	14
P4,1	15	16
P2,1	17	18
P3,1	19	20
P6,1	21	22
P5,1	23	24
P4,1	25	26
P7,1	27	27
P2,1	28	28
P8,1	29	30
P6,1	31	32
P9,1	33	33
P5,1	34	35
P10,1	36	37
P1,2	38	39
P11,1	40	41
P12,1	42	43
P6,1	44	45
P13,1	46	47
P5,1	48	48
P14,1	49	49
P15,1	50	51
P16,1	52	52
P17,1	53	54
P11,1	55	55
P12,1	56	57
P6,1	58	58
P18,1	59	60
P19,1	61	61
P13,1	62	63
P20,1	64	65
P8,2	66	67
P4,2	68	69
P17,1	70	71
P21,1	72	73
P2,2	74	75
P12,1	76	77
P7,2	78	79
P22,1	80	81
P18,1	82	82
P23,1	83	84
P13,1	85	85
P20,1	86	87
P1,3	88	89
P8,2	90	90
P24,1	91	92
P17,1	93	94
P21,1	95	96
P25,1	97	98
P2,2	99	100
P3,2	101	102
P12,1	103	104
P14,2	105	105
P26,1	106	107
P10,2	108	109
P7,2	110	110
P27,1	111	112
P22,1	113	114
P28,1	115	116
P23,1	117	118
P15,2	119	120
P16,2	121	122
P29,1	123	124
P30,1	125	126
P31,1	127	128
P9,2	129	130
P5,2	131	132
P24,1	133	134
P32,1	135	136
P17,1	137	137
P21,1	138	139
P25,1	140	141
P33,1	142	143
P34,1	144	145
P3,2	146	147
P35,1	148	149
P13,2	150	151
P26,1	152	153
P36,1	154	154
P11,2	155	155
P10,2	156	157
P27,1	158	159
P6,2	160	160
P18,2	161	162
P37,1	163	164
P38,1	165	165
P19,2	166	167
P15,2	168	169
P39,1	170	171
P4,3	172	173
P16,2	174	175
P40,1	176	177
P41,1	178	179
P29,1	180	181
P42,1	182	183
P30,1	184	184
P43,1	185	186
P31,1	187	188
P44,1	189	190
P9,2	191	192
P45,1	193	194
P46,1	195	196
P8,3	197	198
P24,1	199	200
P32,1	201	202
P47,1	203	204
P1,4	205	206
P20,2	207	208
P21,1	209	210
P12,2	211	212
P48,1	213	214
P28,2	215	216
P33,1	217	218
P34,1	219	220
P49,1	221	222
P50,1	223	223
P3,2	224	224
P22,2	225	226
P35,1	227	228
P51,1	229	230
P13,2	231	232
P2,3	233	234
P26,1	235	236
P52,1	237	238
P23,2	239	240
P27,1	241	242
P53,1	243	243
P17,2	244	245
P7,3	246	247
P18,2	248	249
P37,1	250	250
P54,1	251	252
P14,3	253	254
P55,1	255	256
P56,1	257	258
P15,2	259	260
P39,1	261	262
P4,3	263	264
P57,1	265	266
P16,2	267	267
P40,1	268	269
P11,3	270	271
P41,1	272	273
P58,1	274	274
P25,2	275	276
P5,3	277	278
P59,1	279	280
P42,1	281	282
P60,1	283	284
P6,3	285	286
P43,1	287	288
P61,1	289	290
P62,1	291	292
P10,3	293	293
P36,2	294	295
P9,2	296	297
P63,1	298	299
P38,2	300	300
P45,1	301	302
P46,1	303	304
P64,1	305	306
P65,1	307	308
P8,3	309	310
P66,1	311	312
P67,1	313	314
P32,1	315	316
P47,1	317	318
P68,1	319	320
P1,4	321	322
P69,1	323	324
P30,2	325	326
P12,2	327	328
P70,1	329	330
P28,2	331	332
P29,2	333	334
P33,1	335	336
P34,1	337	338
P71,1	339	340
P19,3	341	342
P72,1	343	344
P22,2	345	346
P44,2	347	348
P35,1	349	350
P73,1	351	352
P51,1	353	354
P74,1	355	356
P75,1	357	358
P76,1	359	360
P77,1	361	362
P31,2	363	364
P20,3	365	366
P2,3	367	367
P78,1	368	369
P52,1	370	370
P79,1	371	372
P23,2	373	374
P3,3	375	376
P17,2	377	378
P80,1	379	380
P7,3	381	382
P18,2	383	384
P49,2	385	386
P81,1	387	388
P54,1	389	390
P14,3	391	392
P48,2	393	394
P82,1	395	396
P55,1	397	398
P83,1	399	400
P56,1	401	402
P84,1	403	404
P24,2	405	406
P39,1	407	408
P85,1	409	410
P21,2	411	411
P57,1	412	412
P86,1	413	414
P37,2	415	416
P11,3	417	418
P87,1	419	420
P41,1	421	422
P50,2	423	423
P88,1	424	425
P25,2	426	427
P53,2	428	429
P59,1	430	431
P89,1	432	432
P13,3	433	434
P42,1	435	436
P90,1	437	437
P6,3	438	439
P43,1	440	440
P26,2	441	442
P61,1	443	444
P27,2	445	446
P91,1	447	448
P62,1	449	450
P92,1	451	452
P36,2	453	454
P40,2	455	456
P9,2	457	458
P93,1	459	460
P94,1	461	461
P95,1	462	463
P96,1	464	465
P45,1	466	467
P16,3	468	469
P46,1	470	471
P97,1	472	473
P98,1	474	475
P99,1	476	477
P65,1	478	479
P100,1	480	480
P58,2	481	482
P66,1	483	483
P101,1	484	485
P15,3	486	487
P4,4	488	489
P67,1	490	491
P102,1	492	492
P103,1	493	494
P68,1	495	496
P104,1	497	498
P105,1	499	500
P106,1	501	502
P5,4	503	504
P1,4	505	505
P38,3	506	507
P30,2	508	508
P107,1	509	510
P63,2	511	511
P12,2	512	512
P108,1	513	514
P70,1	515	516
P28,2	517	518
P109,1	519	520
P29,2	521	522
P33,1	523	523
P110,1	524	525
P34,1	526	527
P111,1	528	529
P71,1	530	531
P19,3	532	533
P64,2	534	535
P112,1	536	537
P60,2	538	539
P72,1	540	541
P10,4	542	543
P22,2	544	545
P113,1	546	547
P44,2	548	549
P114,1	550	551
P35,1	552	553
P73,1	554	555
P115,1	556	557
P32,2	558	559
P51,1	560	560
P74,1	561	562
P75,1	563	564
P116,1	565	565
P8,4	566	567
P76,1	568	569
P77,1	570	571
P31,2	572	573
P117,1	574	575
P20,3	576	577
P78,1	578	579
P118,1	580	580
P79,1	581	582
P119,1	583	584
P120,1	585	585
P47,2	586	587
P69,2	588	589
P23,2	590	591
P3,3	592	593
P17,2	594	595
P121,1	596	597
P80,1	598	598
P122,1	599	600
P49,2	601	602
P123,1	603	604
P124,1	605	605
P81,1	606	607
P125,1	608	609
P54,1	610	611
P126,1	612	613
P14,3	614	614
P127,1	615	616
P48,2	617	618
P55,1	619	620
P128,1	621	622
P83,1	623	623
P129,1	624	625
P56,1	626	627
P84,1	628	629
P130,1	630	631
P131,1	632	632
P132,1	633	634
P133,1	635	636
P134,1	637	638
P135,1	639	640
P52,2	641	641
P86,1	642	643
P136,1	644	645
P137,1	646	647
P138,1	648	649
P2,4	650	651
P11,3	652	652
P139,1	653	654
P41,1	655	656
P140,1	657	658
P88,1	659	660
P141,1	661	662
P142,1	663	664
P143,1	665	666
P7,4	667	667
P53,2	668	669
P144,1	670	671
P145,1	672	673
P13,3	674	675
P146,1	676	676
P18,3	677	678
P82,2	679	680
P42,1	681	681
P6,3	682	683
P147,1	684	684
P26,2	685	686
P85,2	687	688
P61,1	689	690
P148,1	691	692
P27,2	693	694
P149,1	695	696
P91,1	697	698
P62,1	699	700
P24,3	701	702
P150,1	703	704
P151,1	705	706
P152,1	707	708
P57,2	709	709
P92,1	710	711
P39,2	712	713
P36,2	714	715
P40,2	716	717
P153,1	718	719
P89,2	720	721
P50,3	722	723
P90,2	724	725
P93,1	726	727
P154,1	728	729
P87,2	730	731
P95,1	732	733
P155,1	734	735
P37,3	736	737
P96,1	738	739
P21,3	740	740
P45,1	741	742
P16,3	743	743
P156,1	744	745
P157,1	746	746
P158,1	747	747
P159,1	748	749
P160,1	750	750
P161,1	751	752
P162,1	753	754
P98,1	755	756
P99,1	757	758
P43,2	759	760
P65,1	761	761
P163,1	762	763
P58,2	764	764
P25,3	765	766
P59,2	767	768
P164,1	769	770
P165,1	771	772
P15,3	773	774
P4,4	775	776
P166,1	777	777
P167,1	778	779
P168,1	780	781
P169,1	782	783
P103,1	784	784
P170,1	785	785
P171,1	786	787
P172,1	788	789
P9,3	790	791
P68,1	792	793
P104,1	794	795
P173,1	796	797
P105,1	798	799
P106,1	800	801
P46,2	802	803
P5,4	804	804
P174,1	805	806
P38,3	807	808
P175,1	809	810
P107,1	811	812
P176,1	813	814
P108,1	815	816
P94,2	817	818
P70,1	819	820
P177,1	821	822
P28,2	823	824
P109,1	825	826
P178,1	827	828
P29,2	829	830
P110,1	831	832
P179,1	833	833
P180,1	834	835
P181,1	836	837
P182,1	838	839
P100,2	840	841
P183,1	842	843
P184,1	844	845
P97,2	846	846
P101,2	847	848
P67,2	849	850
P111,1	851	852
P71,1	853	854
P63,3	855	855
P185,1	856	856
P12,3	857	858
P19,3	859	860
P186,1	861	862
P112,1	863	864
P66,2	865	865
P102,2	866	867
P60,2	868	869
P187,1	870	871
P72,1	872	873
P10,4	874	875
P188,1	876	877
P113,1	878	878
P189,1	879	880
P190,1	881	882
P44,2	883	884
P1,5	885	886
P114,1	887	888
P191,1	889	890
P30,3	891	892
P192,1	893	894
P73,1	895	895
P115,1	896	897
P32,2	898	899
P193,1	900	901
P194,1	902	903
P195,1	904	905
P74,1	906	906
P196,1	907	908
P75,1	909	910
P197,1	911	912
P8,4	913	914
P198,1	915	916
P199,1	917	918
P200,1	919	920
P77,1	921	921
P31,2	922	923
P117,1	924	924
P33,2	925	926
P20,3	927	928
P34,2	929	930
P78,1	931	932
P64,3	933	934
P119,1	935	936
P47,2	937	938
P69,2	939	940
P51,2	941	942
P116,2	943	944
P3,3	945	946
P17,2	947	947
P121,1	948	949
P22,3	950	951
P49,2	952	953
P123,1	954	955
P35,2	956	957
P125,1	958	959
P126,1	960	961
P120,2	962	963
P127,1	964	964
P79,2	965	966
P128,1	967	968
P129,1	969	970
P76,2	971	972
P56,1	973	973
P84,1	974	974
P122,2	975	976
P130,1	977	978
P132,1	979	980
P118,2	981	982
P134,1	983	984
P135,1	985	986
P136,1	987	988
P23,3	989	990
P137,1	991	992
P80,2	993	994
P81,2	995	996
P138,1	997	997
P2,4	998	999
P83,2	1000	1001
P140,1	1002	1003
P48,3	1004	1005
P124,2	1006	1007
P54,2	1008	1008
P141,1	1009	1010
P131,2	1011	1012
P142,1	1013	1014
P143,1	1015	1016
P55,2	1017	1017
P53,2	1018	1018
P144,1	1019	1020
P11,4	1021	1022
P86,2	1023	1024
P145,1	1025	1026
P14,4	1027	1027
P13,3	1028	1028
P133,2	1029	1030
P18,3	1031	1032
P139,2	1033	1034
P82,2	1035	1036
P6,3	1037	1038
P88,2	1039	1039
P85,2	1040	1041
P61,1	1042	1042
P41,2	1043	1044
P148,1	1045	1046
P27,2	1047	1048
P149,1	1049	1050
P52,3	1051	1052
P91,1	1053	1054
P7,5	1055	1055
P24,3	1056	1057
P150,1	1058	1059
P151,1	1060	1061
P42,2	1062	1063
P152,1	1064	1065
P146,2	1066	1067
P92,1	1068	1069
P62,2	1070	1071
P89,2	1072	1073
P50,3	1074	1074
P90,2	1075	1076
P93,1	1077	1078
P154,1	1079	1080
P87,2	1081	1082
P95,1	1083	1084
P147,2	1085	1086
P155,1	1087	1087
P26,3	1088	1089
P37,3	1090	1091
P96,1	1092	1093
P40,3	1094	1095
P156,1	1096	1097
P39,3	1098	1098
P159,1	1099	1100
P161,1	1101	1102
P162,1	1103	1104
P98,1	1105	1105
P99,1	1106	1107
P57,3	1108	1109
P21,4	1110	1110
P163,1	1111	1112
P25,3	1113	1113
P164,1	1114	1115
P36,3	1116	1117
P45,2	1118	1119
P165,1	1120	1121
P4,4	1122	1123
P153,2	1124	1125
P167,1	1126	1127
P168,1	1128	1129
P169,1	1130	1131
P160,2	1132	1133
P65,2	1134	1135
P157,2	1136	1137
P171,1	1138	1138
P172,1	1139	1140
P9,3	1141	1142
P43,3	1143	1144
P68,1	1145	1146
P58,3	1147	1147
P16,4	1148	1149
P104,1	1150	1151
P173,1	1152	1153
P158,2	1154	1155
P106,1	1156	1157
P46,2	1158	1159
P166,2	1160	1161
P174,1	1162	1163
P38,3	1164	1165
P107,1	1166	1166
P59,3	1167	1168
P176,1	1169	1170
P15,4	1171	1172
P103,2	1173	1174
P170,2	1175	1176
P94,2	1177	1178
P177,1	1179	1180
P109,1	1181	1182
P178,1	1183	1184
P29,2	1185	1186
P180,1	1187	1188
P181,1	1189	1190
P105,2	1191	1192
P182,1	1193	1194
P100,2	1195	1196
P183,1	1197	1198
P184,1	1199	1200
P101,2	1201	1202
P28,3	1203	1204
P67,2	1205	1206
P111,1	1207	1208
P71,1	1209	1209
P175,2	1210	1211
P12,3	1212	1213
P108,2	1214	1215
P19,3	1216	1217
P179,2	1218	1219
P5,5	1220	1221
P110,2	1222	1223
P102,2	1224	1225
P70,2	1226	1227
P60,2	1228	1229
P187,1	1230	1231
P72,1	1232	1232
P10,4	1233	1234
P188,1	1235	1236
P189,1	1237	1238
P190,1	1239	1240
P44,2	1241	1242
P1,5	1243	1244
P114,1	1245	1246
P191,1	1247	1248
P66,3	1249	1250
P186,2	1251	1252
P112,2	1253	1254
P115,1	1255	1256
P32,2	1257	1258
P63,4	1259	1260
P193,1	1261	1262
P194,1	1263	1264
P97,3	1265	1265
P195,1	1266	1267
P75,1	1268	1268
P185,2	1269	1270
P197,1	1271	1272
P8,4	1273	1274
P198,1	1275	1276
P199,1	1277	1278
P200,1	1279	1280
P113,2	1281	1282
P31,2	1283	1283
P73,2	1284	1285
P20,3	1286	1287
P34,2	1288	1289
P78,1	1290	1290
P64,3	1291	1291
P192,2	1292	1292
P69,2	1293	1294
P51,2	1295	1295
P116,2	1296	1297
P196,2	1298	1299
P117,2	1300	1301
P3,3	1302	1303
P74,2	1304	1305
P121,1	1306	1306
P30,4	1307	1308
P22,3	1309	1310
P49,2	1311	1311
P33,3	1312	1313
P123,1	1314	1315
P35,2	1316	1317
P125,1	1318	1318
P126,1	1319	1320
P120,2	1321	1322
P77,2	1323	1324
P79,2	1325	1326
P128,1	1327	1328
P129,1	1329	1329
P76,2	1330	1331
P47,3	1332	1333
P122,2	1334	1335
P130,1	1336	1337
P132,1	1338	1338
P119,2	1339	1340
P118,2	1341	1342
P134,1	1343	1343
P135,1	1344	1344
P17,3	1345	1346
P136,1	1347	1348
P23,3	1349	1349
P137,1	1350	1351
P127,2	1352	1353
P80,2	1354	1355
P81,2	1356	1357
P2,4	1358	1359
P83,2	1360	1361
P48,3	1362	1363
P124,2	1364	1365
P141,1	1366	1367
P56,2	1368	1369
P131,2	1370	1371
P142,1	1372	1372
P143,1	1373	1374
P84,2	1375	1376
P144,1	1377	1378
P11,4	1379	1380
P86,2	1381	1381
P145,1	1382	1383
P140,2	1384	1385
P133,2	1386	1387
P139,2	1388	1389
P82,2	1390	1391
P55,3	1392	1393
P138,2	1394	1395
P41,2	1396	1397
P148,1	1398	1399
P149,1	1400	1401
P52,3	1402	1403
P54,3	1404	1405
P91,1	1406	1406
P24,3	1407	1408
P14,5	1409	1410
P6,4	1411	1412
P150,1	1413	1414
P53,3	1415	1416
P152,1	1417	1418
P146,2	1419	1419
P18,4	1420	1421
P62,2	1422	1423
P88,3	1424	1425
P90,2	1426	1427
P93,1	1428	1428
P154,1	1429	1430
P13,4	1431	1432
P27,3	1433	1434
P7,6	1435	1436
P95,1	1437	1438
P61,2	1439	1440
P147,2	1441	1442
P85,3	1443	1444
P26,3	1445	1446
P37,3	1447	1447
P96,1	1448	1448
P40,3	1449	1450
P92,2	1451	1452
P50,4	1453	1454
P156,1	1455	1456
P42,3	1457	1458
P151,2	1459	1460
P159,1	1461	1462
P162,1	1463	1464
P99,1	1465	1466
P57,3	1467	1467
P87,3	1468	1469
P163,1	1470	1471
P164,1	1472	1472
P36,3	1473	1474
P45,2	1475	1476
P89,3	1477	1478
P155,2	1479	1480
P153,2	1481	1481
P167,1	1482	1483
P168,1	1484	1485
P169,1	1486	1487
P157,2	1488	1489
P172,1	1490	1491
P161,2	1492	1493
P9,3	1494	1495
P39,4	1496	1497
P16,4	1498	1499
P104,1	1500	1501
P21,5	1502	1503
P158,2	1504	1505
P98,2	1506	1507
P165,2	1508	1509
P25,4	1510	1511
P46,2	1512	1512
P166,2	1513	1514
P38,3	1515	1515
P59,3	1516	1517
P176,1	1518	1519
P58,4	1520	1521
P15,4	1522	1523
P103,2	1524	1525
P170,2	1526	1527
P94,2	1528	1529
P4,5	1530	1531
P109,1	1532	1533
P178,1	1534	1535
P68,2	1536	1537
P180,1	1538	1539
P107,2	1540	1541
P181,1	1542	1543
P160,3	1544	1545
P105,2	1546	1547
P65,3	1548	1549
P173,2	1550	1551
P174,2	1552	1553
P182,1	1554	1555
P100,2	1556	1557
P171,2	1558	1559
P183,1	1560	1561
P106,2	1562	1563
P184,1	1564	1565
P177,2	1566	1567
P43,4	1568	1569
P28,3	1570	1571
P111,1	1572	1572
P175,2	1573	1574
P12,3	1575	1576
P108,2	1577	1578
P179,2	1579	1580
P110,2	1581	1582
P102,2	1583	1584
P67,3	1585	1586
P60,2	1587	1587
P187,1	1588	1589
P10,4	1590	1590
P188,1	1591	1592
P189,1	1593	1594
P190,1	1595	1596
P29,3	1597	1598
P1,5	1599	1600
P5,6	1601	1601
P114,1	1602	1603
P71,2	1604	1605
P66,3	1606	1607
P186,2	1608	1609
P112,2	1610	1611
P70,3	1612	1613
P101,3	1614	1615
P32,2	1616	1617
P63,4	1618	1619
P193,1	1620	1621
P194,1	1622	1623
P195,1	1624	1625
P185,2	1626	1627
P19,4	1628	1629
P191,2	1630	1631
P8,4	1632	1632
P198,1	1633	1633
P200,1	1634	1634
P113,2	1635	1636
P73,2	1637	1638
P72,2	1639	1640
P44,3	1641	1642
P69,2	1643	1643
P75,2	1644	1645
P116,2	1646	1647
P117,2	1648	1649
P115,2	1650	1651
P197,2	1652	1653
P30,4	1654	1654
P199,2	1655	1656
P22,3	1657	1657
P78,2	1658	1658
P33,3	1659	1659
P97,4	1660	1661
P31,3	1662	1663
P192,3	1664	1665
P126,1	1666	1667
P34,3	1668	1669
P120,2	1670	1671
P77,2	1672	1673
P51,3	1674	1675
P79,2	1676	1677
P128,1	1678	1679
P3,4	1680	1681
P20,4	1682	1683
P76,2	1684	1685
P47,3	1686	1687
P123,2	1688	1689
P122,2	1690	1690
P130,1	1691	1691
P125,2	1692	1693
P196,3	1694	1695
P119,2	1696	1697
P118,2	1698	1699
P121,2	1700	1701
P64,4	1702	1703
P74,3	1704	1705
P17,3	1706	1707
P35,3	1708	1709
P136,1	1710	1710
P137,1	1711	1712
P127,2	1713	1714
P80,2	1715	1715
P49,3	1716	1717
P81,2	1718	1719
P132,2	1720	1721
P2,4	1722	1723
P83,2	1724	1725
P48,3	1726	1727
P124,2	1728	1729
P129,2	1730	1731
P141,1	1732	1732
P56,2	1733	1734
P143,1	1735	1735
P134,2	1736	1737
P84,2	1738	1739
P144,1	1740	1740
P11,4	1741	1741
P135,2	1742	1743
P145,1	1744	1744
P140,2	1745	1745
P133,2	1746	1747
P139,2	1748	1749
P55,3	1750	1751
P138,2	1752	1753
P41,2	1754	1755
P148,1	1756	1757
P52,3	1758	1759
P131,3	1760	1761
P54,3	1762	1763
P23,4	1764	1765
P24,3	1766	1767
P142,2	1768	1768
P14,5	1769	1770
P6,4	1771	1772
P53,3	1773	1773
P82,3	1774	1774
P152,1	1775	1775
P18,4	1776	1777
P62,2	1778	1779
P88,3	1780	1781
P90,2	1782	1783
P86,3	1784	1785
P91,2	1786	1787
P13,4	1788	1788
P27,3	1789	1790
P149,2	1791	1792
P61,2	1793	1794
P147,2	1795	1796
P85,3	1797	1798
P26,3	1799	1799
P50,4	1800	1801
P150,2	1802	1802
P156,1	1803	1803
P154,2	1804	1805
P42,3	1806	1807
P151,2	1808	1809
P7,7	1810	1811
P159,1	1812	1813
P162,1	1814	1814
P93,2	1815	1816
P87,3	1817	1818
P163,1	1819	1819
P36,3	1820	1820
P146,3	1821	1822
P45,2	1823	1824
P89,3	1825	1826
P92,3	1827	1828
P155,2	1829	1830
P96,2	1831	1832
P167,1	1833	1834
P168,1	1835	1835
P169,1	1836	1837
P157,2	1838	1839
P161,2	1840	1840
P95,2	1841	1842
P37,4	1843	1843
P39,4	1844	1845
P16,4	1846	1847
P99,2	1848	1849
P40,4	1850	1851
P21,5	1852	1853
P158,2	1854	1855
P57,4	1856	1857
P98,2	1858	1859
P172,2	1860	1861
P25,4	1862	1863
P164,2	1864	1865
P166,2	1866	1867
P104,2	1868	1869
P58,4	1870	1871
P15,4	1872	1873
P4,5	1874	1875
P153,3	1876	1877
P68,2	1878	1879
P180,1	1880	1881
P107,2	1882	1883
P181,1	1884	1885
P165,3	1886	1887
P160,3	1888	1889
P9,4	1890	1891
P46,3	1892	1893
P38,4	1894	1895
P105,2	1896	1896
P65,3	1897	1898
P173,2	1899	1899
P174,2	1900	1900
P109,2	1901	1902
P100,2	1903	1904
P171,2	1905	1906
P176,2	1907	1907
P183,1	1908	1908
P106,2	1909	1910
P59,4	1911	1912
P184,1	1913	1913
P177,2	1914	1915
P43,4	1916	1917
P94,3	1918	1919
P170,3	1920	1921
P175,2	1922	1923
P103,3	1924	1925
P12,3	1926	1926
P108,2	1927	1927
P179,2	1928	1929
P187,1	1930	1930
P178,2	1931	1932
P189,1	1933	1933
P182,2	1934	1935
P190,1	1936	1937
P28,4	1938	1939
P71,2	1940	1940
P66,3	1941	1942
P70,3	1943	1944
P101,3	1945	1945
P111,2	1946	1947
P193,1	1948	1948
P194,1	1949	1950
P188,2	1951	1952
P195,1	1953	1953
P60,3	1954	1955
P185,2	1956	1957
P19,4	1958	1959
P110,3	1960	1961
P191,2	1962	1963
P102,3	1964	1965
P67,4	1966	1967
P114,2	1968	1969
P113,2	1970	1970
P73,2	1971	1971
P10,5	1972	1973
P44,3	1974	1975
P29,4	1976	1977
P75,2	1978	1978
P116,2	1979	1979
P1,6	1980	1981
P5,7	1982	1983
P117,2	1984	1985
P186,3	1986	1987
P115,2	1988	1989
P197,2	1990	1991
P112,3	1992	1993
P200,2	1994	1995
P199,2	1996	1997
P97,4	1998	1999
P32,3	2000	2001
P31,3	2002	2002
P63,5	2003	2004
P8,5	2005	2006
P192,3	2007	2007
P34,3	2008	2009
P72,3	2010	2011
P120,2	2012	2012
P69,3	2013	2014
P51,3	2015	2016
P78,3	2017	2018
P3,4	2019	2020
P198,2	2021	2022
P20,4	2023	2024
P76,2	2025	2025
P123,2	2026	2027
P125,2	2028	2029
P126,2	2030	2031
P196,3	2032	2033
P30,5	2034	2035
P118,2	2036	2037
P22,4	2038	2039
P64,4	2040	2041
P74,3	2042	2043
P33,4	2044	2045
P35,3	2046	2047
P79,3	2048	2049
P127,2	2050	2051
P49,3	2052	2053
P119,3	2054	2055
P132,2	2056	2057
P47,4	2058	2059
P48,3	2060	2060
P124,2	2061	2061
P77,3	2062	2063
P128,2	2064	2065
P129,2	2066	2067
P122,3	2068	2069
P84,2	2070	2071
P121,3	2072	2072
P137,2	2073	2073
P133,2	2074	2075
P139,2	2076	2076
P130,2	2077	2078
P55,3	2079	2080
P41,2	2081	2081
P17,4	2082	2083
P131,3	2084	2085
P141,2	2086	2087
P80,3	2088	2089
P23,4	2090	2091
P136,2	2092	2093
P14,5	2094	2095
P81,3	2096	2097
P11,5	2098	2099
P2,5	2100	2101
P135,3	2102	2103
P18,4	2104	2105
P62,2	2106	2107
P134,3	2108	2109
P83,3	2110	2111
P88,3	2112	2113
P56,3	2114	2115
P54,4	2116	2117
P145,2	2118	2119
P86,3	2120	2120
P143,2	2121	2122
P91,2	2123	2124
P138,3	2125	2126
P149,2	2127	2128
P140,3	2129	2130
P148,2	2131	2132
P61,2	2133	2133
P147,2	2134	2135
P144,2	2136	2137
P50,4	2138	2139
P142,3	2140	2141
P152,2	2142	2143
P154,2	2144	2145
P42,3	2146	2147
P52,4	2148	2149
P24,4	2150	2151
P151,2	2152	2153
P7,7	2154	2154
P53,4	2155	2156
P93,2	2157	2157
P87,3	2158	2159
P27,4	2160	2161
P146,3	2162	2163
P45,2	2164	2164
P92,3	2165	2166
P6,5	2167	2168
P82,4	2169	2170
P155,2	2171	2172
P26,4	2173	2174
P96,2	2175	2176
P90,3	2177	2178
P13,5	2179	2180
P162,2	2181	2182
P95,2	2183	2184
P85,4	2185	2186
P16,4	2187	2187
P156,2	2188	2189
P99,2	2190	2191
P40,4	2192	2193
P57,4	2194	2194
P150,3	2195	2196
P98,2	2197	2197
P172,2	2198	2199
P25,4	2200	2201
P164,2	2202	2203
P161,3	2204	2205
P163,2	2206	2207
P159,2	2208	2209
P169,2	2210	2211
P157,3	2212	2213
P58,4	2214	2215
P89,4	2216	2217
P4,5	2218	2219
P37,5	2220	2221
P153,3	2222	2222
P36,4	2223	2224
P68,2	2225	2225
P39,5	2226	2226
P168,2	2227	2228
P165,3	2229	2229
P158,3	2230	2231
P167,2	2232	2233
P160,3	2234	2235
P9,4	2236	2237
P104,3	2238	2239
P46,3	2240	2241
P38,4	2242	2243
P109,2	2244	2245
P166,3	2246	2247
P21,6	2248	2249
P107,3	2250	2251
P59,4	2252	2253
P15,5	2254	2255
P43,4	2256	2257
P180,2	2258	2259
P181,2	2260	2261
P94,3	2262	2263
P170,3	2264	2265
P174,3	2266	2267
P103,3	2268	2269
P105,3	2270	2270
P183,2	2271	2272
P179,2	2273	2274
P100,3	2275	2276
P173,3	2277	2277
P178,2	2278	2279
P182,2	2280	2281
P184,2	2282	2283
P176,3	2284	2285
P28,4	2286	2287
P177,3	2288	2289
P66,3	2290	2291
P65,4	2292	2293
P70,3	2294	2295
P111,2	2296	2297
P187,2	2298	2299
P188,2	2300	2301
P108,3	2302	2302
P12,4	2303	2304
P60,3	2305	2306
P185,2	2307	2308
P171,3	2309	2310
P71,3	2311	2312
P110,3	2313	2314
P191,2	2315	2316
P189,2	2317	2317
P102,3	2318	2319
P190,2	2320	2321
P175,3	2322	2323
P114,2	2324	2325
P106,3	2326	2327
P10,5	2328	2329
P29,4	2330	2331
P1,6	2332	2333
P194,2	2334	2335
P5,7	2336	2337
P117,2	2338	2339
P186,3	2340	2341
P115,2	2342	2342
P197,2	2343	2344
P112,3	2345	2346
P101,4	2347	2348
P200,2	2349	2350
P44,4	2351	2352
P199,2	2353	2354
P97,4	2355	2356
P193,2	2357	2358
P73,3	2359	2360
P32,3	2361	2362
P116,3	2363	2364
P19,5	2365	2366
P195,2	2367	2368
P67,5	2369	2370
P113,3	2371	2372
P34,3	2373	2374
P72,3	2375	2375
P69,3	2376	2377
P51,3	2378	2379
P75,3	2380	2380
P78,3	2381	2382
P198,2	2383	2383
P123,2	2384	2384
P125,2	2385	2386
P196,3	2387	2388
P63,6	2389	2390
P30,5	2391	2392
P22,4	2393	2393
P120,3	2394	2395
P64,4	2396	2397
P8,6	2398	2399
P74,3	2400	2401
P33,4	2402	2403
P35,3	2404	2405
P31,4	2406	2407
P79,3	2408	2409
P127,2	2410	2411
P49,3	2412	2413
P20,5	2414	2414
P119,3	2415	2416
P76,3	2417	2418
P132,2	2419	2420
P126,3	2421	2422
P47,4	2423	2424
P77,3	2425	2426
P128,2	2427	2427
P192,4	2428	2429
P129,2	2430	2430
P122,3	2431	2432
P84,2	2433	2434
P130,2	2435	2436
P3,5	2437	2438
P118,3	2439	2440
P55,3	2441	2442
P17,4	2443	2444
P131,3	2445	2445
P80,3	2446	2447
P14,5	2448	2449
P81,3	2450	2451
P11,5	2452	2453
P2,5	2454	2455
P18,4	2456	2457
P124,3	2458	2459
P121,4	2460	2460
P137,3	2461	2462
P83,3	2463	2464
P88,3	2465	2466
P141,3	2467	2468
P56,3	2469	2470
P48,4	2471	2472
P54,4	2473	2474
P145,2	2475	2475
P143,2	2476	2477
P41,3	2478	2479
P133,3	2480	2480
P138,3	2481	2482
P149,2	2483	2484
P140,3	2485	2486
P148,2	2487	2488
P136,3	2489	2489
P23,5	2490	2491
P139,3	2492	2493
P144,2	2494	2494
P50,4	2495	2495
P142,3	2496	2496
P152,2	2497	2498
P154,2	2499	2500
P52,4	2501	2502
P24,4	2503	2503
P135,4	2504	2505
P151,2	2506	2507
P62,3	2508	2508
P91,3	2509	2510
P53,4	2511	2512
P134,4	2513	2514
P87,3	2515	2516
P86,4	2517	2518
P27,4	2519	2520
P146,3	2521	2521
P92,3	2522	2523
P6,5	2524	2524
P147,3	2525	2526
P42,4	2527	2527
P82,4	2528	2529
P26,4	2530	2531
P96,2	2532	2533
P90,3	2534	2534
P162,2	2535	2536
P61,3	2537	2538
P95,2	2539	2540
P156,2	2541	2542
P40,4	2543	2544
P7,8	2545	2545
P150,3	2546	2547
P172,2	2548	2549
P155,3	2550	2551
P164,2	2552	2552
P161,3	2553	2554
P163,2	2555	2556
P93,3	2557	2558
P159,2	2559	2560
P45,3	2561	2562
P157,3	2563	2564
P58,4	2565	2565
P89,4	2566	2567
P4,5	2568	2568
P158,3	2569	2570
P57,5	2571	2572
P98,3	2573	2574
P25,5	2575	2576
P9,4	2577	2577
P16,5	2578	2578
P169,3	2579	2580
P104,3	2581	2582
P13,6	2583	2584
P46,3	2585	2586
P38,4	2587	2588
P85,5	2589	2590
P109,2	2591	2591
P99,3	2592	2593
P21,6	2594	2595
P107,3	2596	2597
P43,4	2598	2599
P37,6	2600	2601
P180,2	2602	2603
P181,2	2604	2605
P168,3	2606	2607
P94,3	2608	2609
P170,3	2610	2611
P39,6	2612	2613
P174,3	2614	2615
P68,3	2616	2616
P160,4	2617	2618
P183,2	2619	2620
P167,3	2621	2622
P100,3	2623	2624
P153,4	2625	2626
P178,2	2627	2628
P182,2	2629	2630
P184,2	2631	2632
P176,3	2633	2634
P165,4	2635	2636
P15,6	2637	2638
P28,4	2639	2640
P177,3	2641	2642
P70,3	2643	2644
P173,4	2645	2646
P166,4	2647	2648
P187,2	2649	2650
P188,2	2651	2652
P59,5	2653	2654
P12,4	2655	2656
P60,3	2657	2658
P171,3	2659	2660
P71,3	2661	2662
P110,3	2663	2664
P103,4	2665	2666
P191,2	2667	2668
P102,3	2669	2670
P190,2	2671	2672
P105,4	2673	2674
P179,3	2675	2676
P111,3	2677	2678
P114,2	2679	2680
P66,4	2681	2681
P106,3	2682	2682
P108,4	2683	2684
P10,5	2685	2685
P185,3	2686	2687
P29,4	2688	2689
P1,6	2690	2691
P65,5	2692	2693
P189,3	2694	2695
P186,3	2696	2696
P197,2	2697	2697
P101,4	2698	2699
P200,2	2700	2701
P44,4	2702	2703
P175,4	2704	2704
P193,2	2705	2706
P73,3	2707	2707
P32,3	2708	2709
P116,3	2710	2711
P194,3	2712	2713
P19,5	2714	2715
P195,2	2716	2717
P67,5	2718	2719
P112,4	2720	2721
P34,3	2722	2722
P69,3	2723	2723
P5,8	2724	2725
P51,3	2726	2726
P78,3	2727	2728
P125,2	2729	2730
P117,3	2731	2732
P196,3	2733	2734
P63,6	2735	2736
P30,5	2737	2738
P120,3	2739	2740
P97,5	2741	2742
P64,4	2743	2743
P8,6	2744	2745
P115,3	2746	2747
P74,3	2748	2749
P75,4	2750	2751
P198,3	2752	2753
P33,4	2754	2755
P35,3	2756	2756
P31,4	2757	2758
P79,3	2759	2760
P199,3	2761	2762
P49,3	2763	2763
P72,4	2764	2765
P119,3	2766	2767
P22,5	2768	2768
P132,2	2769	2769
P123,3	2770	2771
P113,4	2772	2773
P126,3	2774	2775
P77,3	2776	2777
P192,4	2778	2779
P122,3	2780	2781
P130,2	2782	2783
P3,5	2784	2785
P118,3	2786	2787
P127,3	2788	2789
P2,5	2790	2790
P84,3	2791	2792
P124,3	2793	2794
P137,3	2795	2796
P83,3	2797	2797
P128,3	2798	2799
P76,4	2800	2801
P56,3	2802	2802
P48,4	2803	2804
P20,6	2805	2806
P54,4	2807	2808
P47,5	2809	2810
P131,4	2811	2812
P143,2	2813	2814
P11,6	2815	2816
P129,3	2817	2818
P138,3	2819	2819
P149,2	2820	2820
P81,4	2821	2822
P140,3	2823	2824
P148,2	2825	2825
P14,6	2826	2827
P23,5	2828	2829
P152,2	2830	2831
P18,5	2832	2833
P154,2	2834	2834
P55,4	2835	2836
P52,4	2837	2838
P121,5	2839	2839
P17,5	2840	2841
P80,4	2842	2843
P135,4	2844	2845
P141,4	2846	2847
P145,3	2848	2849
P88,4	2850	2851
P53,4	2852	2853
P133,4	2854	2855
P86,4	2856	2857
P27,4	2858	2859
P92,3	2860	2860
P147,3	2861	2862
P91,4	2863	2864
P26,4	2865	2866
P41,4	2867	2868
P144,3	2869	2870
P50,5	2871	2871
P62,4	2872	2873
P162,2	2874	2875
P61,3	2876	2876
P142,4	2877	2878
P134,5	2879	2880
P95,2	2881	2882
P139,4	2883	2884
P87,4	2885	2886
P136,4	2887	2888
P40,4	2889	2890
P150,3	2891	2892
P172,2	2893	2893
P151,3	2894	2895
P155,3	2896	2897
P96,3	2898	2899
P161,3	2900	2901
P93,3	2902	2903
P159,2	2904	2905
P24,5	2906	2906
P146,4	2907	2908
P157,3	2909	2909
P89,4	2910	2911
P42,5	2912	2913
P90,4	2914	2915
P158,3	2916	2917
P57,5	2918	2919
P98,3	2920	2920
P156,3	2921	2922
P25,5	2923	2924
P169,3	2925	2926
P104,3	2927	2927
P13,6	2928	2929
P45,4	2930	2931
P46,3	2932	2933
P82,5	2934	2935
P99,3	2936	2936
P21,6	2937	2938
P58,5	2939	2940
P107,3	2941	2942
P4,6	2943	2944
P164,3	2945	2946
P37,6	2947	2948
P180,2	2949	2950
P181,2	2951	2952
P9,5	2953	2953
P38,5	2954	2955
P94,3	2956	2956
P163,3	2957	2958
P39,6	2959	2960
P16,6	2961	2962
P174,3	2963	2964
P160,4	2965	2966
P183,2	2967	2968
P85,6	2969	2970
P167,3	2971	2972
P100,3	2973	2974
P109,3	2975	2976
P153,4	2977	2978
P168,4	2979	2980
P178,2	2981	2981
P182,2	2982	2983
P184,2	2984	2985
P177,3	2986	2986
P68,4	2987	2988
P173,4	2989	2990
P166,4	2991	2992
P170,4	2993	2994
P187,2	2995	2996
P188,2	2997	2998
P59,5	2999	3000
P12,4	3001	3002
P165,5	3003	3003
P15,7	3004	3005
P103,4	3006	3007
P102,3	3008	3009
P190,2	3010	3011
P105,4	3012	3013
P28,5	3014	3015
P70,4	3016	3017
P114,2	3018	3019
P171,4	3020	3021
P108,4	3022	3023
P176,4	3024	3025
P185,3	3026	3026
P29,4	3027	3028
P65,5	3029	3030
P189,3	3031	3032
P71,4	3033	3034
P101,4	3035	3036
P44,4	3037	3038
P110,4	3039	3040
P193,2	3041	3041
P32,3	3042	3043
P194,3	3044	3045
P195,2	3046	3046
P60,4	3047	3048
P191,3	3049	3050
P186,4	3051	3052
P67,5	3053	3054
P112,4	3055	3056
P197,3	3057	3058
P66,5	3059	3060
P106,4	3061	3062
P200,3	3063	3064
P5,8	3065	3065
P10,6	3066	3067
P117,3	3068	3069
P1,7	3070	3071
P179,4	3072	3072
P63,6	3073	3074
P111,4	3075	3076
P30,5	3077	3077
P120,3	3078	3079
P97,5	3080	3081
P8,6	3082	3083
P115,3	3084	3085
P175,5	3086	3087
P75,4	3088	3089
P125,3	3090	3091
P198,3	3092	3093
P51,4	3094	3095
P33,4	3096	3097
P19,6	3098	3099
P31,4	3100	3100
P116,4	3101	3102
P34,4	3103	3104
P79,3	3105	3105
P196,4	3106	3107
P199,3	3108	3109
P73,4	3110	3111
P72,4	3112	3113
P119,3	3114	3114
P69,4	3115	3116
P78,4	3117	3118
P123,3	3119	3119
P126,3	3120	3121
P74,4	3122	3123
P77,3	3124	3124
P192,4	3125	3126
P122,3	3127	3127
P130,2	3128	3129
P118,3	3130	3131
P127,3	3132	3133
P49,4	3134	3135
P84,3	3136	3137
P113,5	3138	3139
P128,3	3140	3141
P76,4	3142	3143
P64,5	3144	3145
P35,4	3146	3146
P20,6	3147	3147
P54,4	3148	3149
P47,5	3150	3151
P131,4	3152	3153
P143,2	3154	3155
P11,6	3156	3157
P129,3	3158	3159
P81,4	3160	3161
P137,4	3162	3163
P140,3	3164	3164
P124,4	3165	3166
P48,5	3167	3168
P2,6	3169	3170
P132,3	3171	3172
P23,5	3173	3174
P3,6	3175	3176
P56,4	3177	3177
P152,2	3178	3179
P18,5	3180	3181
P55,4	3182	3183
P83,4	3184	3185
P17,5	3186	3187
P80,4	3188	3189
P135,4	3190	3191
P141,4	3192	3193
P145,3	3194	3195
P88,4	3196	3197
P14,7	3198	3199
P53,4	3200	3201
P133,4	3202	3203
P138,4	3204	3205
P27,4	3206	3206
P147,3	3207	3208
P148,3	3209	3210
P91,4	3211	3212
P26,4	3213	3214
P144,3	3215	3216
P149,3	3217	3218
P62,4	3219	3220
P162,2	3221	3222
P142,4	3223	3223
P134,5	3224	3225
P139,4	3226	3227
P87,4	3228	3229
P154,3	3230	3231
P52,5	3232	3233
P121,6	3234	3235
P150,3	3236	3236
P151,3	3237	3238
P155,3	3239	3240
P96,3	3241	3242
P161,3	3243	3243
P93,3	3244	3245
P159,2	3246	3246
P61,4	3247	3248
P146,4	3249	3250
P50,6	3251	3252
P89,4	3253	3254
P86,5	3255	3256
P92,4	3257	3258
P90,4	3259	3260
P158,3	3261	3261
P57,5	3262	3263
P136,5	3264	3265
P156,3	3266	3267
P25,5	3268	3269
P169,3	3270	3271
P13,6	3272	3273
P45,4	3274	3275
P82,5	3276	3277
P95,3	3278	3279
P157,4	3280	3281
P58,5	3282	3283
P40,5	3284	3285
P107,3	3286	3287
P4,6	3288	3289
P164,3	3290	3291
P37,6	3292	3293
P181,2	3294	3294
P172,3	3295	3295
P46,4	3296	3297
P24,6	3298	3299
P38,5	3300	3300
P163,3	3301	3301
P39,6	3302	3303
P174,3	3304	3304
P160,4	3305	3306
P183,2	3307	3308
P104,4	3309	3310
P167,3	3311	3311
P100,3	3312	3312
P109,3	3313	3314
P98,4	3315	3316
P180,3	3317	3318
P168,4	3319	3320
P68,4	3321	3322
P99,4	3323	3324
P173,4	3325	3325
P166,4	3326	3327
P59,5	3328	3329
P12,4	3330	3330
P94,4	3331	3332
P15,7	3333	3334
P9,6	3335	3335
P177,4	3336	3337
P16,7	3338	3339
P190,2	3340	3341
P153,5	3342	3343
P182,3	3344	3345
P28,5	3346	3347
P178,3	3348	3349
P70,4	3350	3351
P188,3	3352	3352
P171,4	3353	3354
P108,4	3355	3356
P176,4	3357	3358
P85,7	3359	3360
P71,4	3361	3362
P101,4	3363	3363
P187,3	3364	3365
P44,4	3366	3367
P170,5	3368	3369
P184,3	3370	3371
P110,4	3372	3373
P102,4	3374	3375
P60,4	3376	3377
P186,4	3378	3379
P189,4	3380	3381
P185,4	3382	3383
P165,6	3384	3385
P105,5	3386	3387
P112,4	3388	3389
P66,5	3390	3391
P114,3	3392	3393
P106,4	3394	3395
P103,5	3396	3397
P200,3	3398	3399
P10,6	3400	3401
P29,5	3402	3402
P117,3	3403	3403
P1,7	3404	3405
P63,6	3406	3407
P32,4	3408	3409
P120,3	3410	3410
P65,6	3411	3412
P97,5	3413	3414
P195,3	3415	3415
P115,3	3416	3417
P175,5	3418	3418
P75,4	3419	3420
P193,3	3421	3422
P125,3	3423	3424
P111,5	3425	3426
P197,4	3427	3428
P19,6	3429	3430
P191,4	3431	3432
P194,4	3433	3434
P116,4	3435	3436
P67,6	3437	3438
P196,4	3439	3440
P30,6	3441	3442
P5,9	3443	3444
P8,7	3445	3446
P199,3	3447	3448
P73,4	3449	3450
P198,4	3451	3452
P72,4	3453	3454
P69,4	3455	3456
P78,4	3457	3458
P33,5	3459	3459
P126,3	3460	3460
P74,4	3461	3461
P79,4	3462	3463
P192,4	3464	3464
P118,3	3465	3465
P127,3	3466	3466
P49,4	3467	3468
P31,5	3469	3470
P84,3	3471	3471
P113,5	3472	3473
P128,3	3474	3475
P51,5	3476	3477
P64,5	3478	3479
P77,4	3480	3481
P119,4	3482	3482
P47,5	3483	3483
P131,4	3484	3485
P11,6	3486	3487
P129,3	3488	3489
P34,5	3490	3491
P137,4	3492	3493
P123,4	3494	3495
P124,4	3496	3497
P48,5	3498	3499
P35,5	3500	3501
P2,6	3502	3502
P122,4	3503	3504
P130,3	3505	3505
P23,5	3506	3506
P3,6	3507	3508
P143,3	3509	3510
P20,7	3511	3511
P18,5	3512	3512
P55,4	3513	3513
P76,5	3514	3514
P17,5	3515	3515
P80,4	3516	3517
P135,4	3518	3519
P81,5	3520	3520
P141,4	3521	3522
P132,4	3523	3524
P145,3	3525	3526
P14,7	3527	3528
P140,4	3529	3529
P133,4	3530	3531
P54,5	3532	3533
P138,4	3534	3535
P147,3	3536	3536
P152,3	3537	3538
P148,3	3539	3539
P91,4	3540	3541
P144,3	3542	3543
P149,3	3544	3545
P62,4	3546	3547
P134,5	3548	3549
P88,5	3550	3551
P139,4	3552	3552
P87,4	3553	3554
P154,3	3555	3556
P121,6	3557	3558
P83,5	3559	3560
P56,5	3561	3562
P155,3	3563	3563
P96,3	3564	3565
P61,4	3566	3567
P27,5	3568	3569
P146,4	3570	3571
P162,3	3572	3573
P50,6	3574	3575
P53,5	3576	3577
P86,5	3578	3579
P92,4	3580	3580
P26,5	3581	3581
P90,4	3582	3583
P57,5	3584	3585
P159,3	3586	3587
P25,5	3588	3588
P93,4	3589	3590
P142,5	3591	3591
P13,6	3592	3593
P45,4	3594	3595
P82,5	3596	3596
P95,3	3597	3598
P52,6	3599	3600
P157,4	3601	3602
P161,4	3603	3604
P89,5	3605	3605
P58,5	3606	3607
P40,5	3608	3608
P150,4	3609	3609
P4,6	3610	3611
P164,3	3612	3612
P151,4	3613	3614
P46,4	3615	3616
P24,6	3617	3618
P158,4	3619	3620
P39,6	3621	3622
P160,4	3623	3623
P136,6	3624	3625
P104,4	3626	3627
P109,3	3628	3629
P156,4	3630	3631
P107,4	3632	3633
P98,4	3634	3635
P180,3	3636	3637
P168,4	3638	3639
P68,4	3640	3641
P99,4	3642	3643
P169,4	3644	3644
P166,4	3645	3645
P174,4	3646	3647
P94,4	3648	3649
P15,7	3650	3651
P177,4	3652	3653
P37,7	3654	3655
P181,3	3656	3657
P153,5	3658	3659
P182,3	3660	3660
P172,4	3661	3662
P183,3	3663	3664
P173,5	3665	3666
P28,5	3667	3667
P178,3	3668	3669
P12,5	3670	3671
P70,4	3672	3672
P171,4	3673	3673
P108,4	3674	3674
P163,4	3675	3676
P71,4	3677	3678
P59,6	3679	3680
P187,3	3681	3682
P100,4	3683	3684
P9,7	3685	3686
P170,5	3687	3688
P167,4	3689	3690
P184,3	3691	3692
P16,8	3693	3694
P110,4	3695	3696
P60,4	3697	3698
P186,4	3699	3700
P190,3	3701	3702
P85,8	3703	3704
P189,4	3705	3706
P185,4	3707	3708
P165,6	3709	3710
P105,5	3711	3712
P112,4	3713	3714
P66,5	3715	3716
P101,5	3717	3718
P114,3	3719	3720
P106,4	3721	3722
P103,5	3723	3724
P200,3	3725	3725
P44,5	3726	3727
P1,7	3728	3729
P188,4	3730	3731
P32,4	3732	3733
P176,5	3734	3735
P65,6	3736	3737
P97,5	3738	3738
P115,3	3739	3739
P102,5	3740	3741
P193,3	3742	3743
P10,7	3744	3745
P117,4	3746	3747
P111,5	3748	3749
P197,4	3750	3751
P19,6	3752	3752
P191,4	3753	3754
P194,4	3755	3756
P29,6	3757	3757
P196,4	3758	3758
P30,6	3759	3760
P125,4	3761	3762
P5,9	3763	3763
P199,3	3764	3765
P73,4	3766	3767
P198,4	3768	3768
P72,4	3769	3769
P120,4	3770	3771
P78,4	3772	3773
P195,4	3774	3774
P75,5	3775	3776
P175,6	3777	3778
P63,7	3779	3780
P31,5	3781	3782
P116,5	3783	3784
P113,5	3785	3786
P128,3	3787	3787
P51,5	3788	3789
P77,4	3790	3791
P74,5	3792	3793
P118,4	3794	3795
P11,6	3796	3797
P192,5	3798	3799
P129,3	3800	3800
P33,6	3801	3802
P137,4	3803	3804
P123,4	3805	3806
P8,8	3807	3808
P124,4	3809	3809
P35,5	3810	3810
P126,4	3811	3811
P49,5	3812	3812
P119,5	3813	3814
P3,6	3815	3816
P69,5	3817	3818
P143,3	3819	3820
P64,6	3821	3822
P79,5	3823	3824
P127,4	3825	3826
P141,4	3827	3827
P132,4	3828	3829
P122,5	3830	3831
P84,4	3832	3832
P2,7	3833	3834
P145,3	3835	3836
P48,6	3837	3838
P14,7	3839	3840
P131,5	3841	3842
P133,4	3843	3843
P54,5	3844	3845
P138,4	3846	3847
P47,6	3848	3849
P23,6	3850	3851
P152,3	3852	3853
P144,3	3854	3854
P18,6	3855	3856
P149,3	3857	3857
P130,4	3858	3859
P62,4	3860	3860
P80,5	3861	3862
P88,5	3863	3864
P55,5	3865	3866
P154,3	3867	3867
P121,6	3868	3868
P83,5	3869	3870
P56,5	3871	3872
P20,8	3873	3873
P81,6	3874	3875
P17,6	3876	3877
P27,5	3878	3879
P135,5	3880	3881
P146,4	3882	3883
P162,3	3884	3885
P50,6	3886	3887
P53,5	3888	3889
P140,5	3890	3891
P87,5	3892	3893
P134,6	3894	3895
P147,4	3896	3897
P90,4	3898	3898
P91,5	3899	3900
P159,3	3901	3901
P93,4	3902	3903
P148,4	3904	3905
P155,4	3906	3906
P45,4	3907	3908
P139,5	3909	3910
P95,3	3911	3911
P52,6	3912	3913
P161,4	3914	3914
P58,5	3915	3915
P96,4	3916	3917
P61,5	3918	3919
P57,6	3920	3921
P4,6	3922	3923
P151,4	3924	3925
P46,4	3926	3927
P158,4	3928	3929
P136,6	3930	3931
P26,6	3932	3933
P109,3	3934	3934
P156,4	3935	3936
P157,5	3937	3937
P107,4	3938	3939
P86,6	3940	3941
P98,4	3942	3943
P25,6	3944	3945
P92,5	3946	3947
P13,7	3948	3948
P68,4	3949	3950
P160,5	3951	3952
P99,4	3953	3954
P142,6	3955	3956
P174,4	3957	3958
P94,4	3959	3959
P24,7	3960	3961
P15,7	3962	3963
P82,6	3964	3965
P150,5	3966	3967
P37,7	3968	3969
P181,3	3970	3970
P104,5	3971	3972
P164,4	3973	3974
P153,5	3975	3975
P172,4	3976	3977
P183,3	3978	3978
P173,5	3979	3980
P40,6	3981	3982
P168,5	3983	3984
P178,3	3985	3986
P12,5	3987	3987
P180,4	3988	3989
P163,4	3990	3991
P71,4	3992	3992
P39,7	3993	3993
P59,6	3994	3995
P187,3	3996	3997
P100,4	3998	3999
P9,7	4000	4001
P167,4	4002	4002
P184,3	4003	4003
P70,5	4004	4005
P16,8	4006	4007
P110,4	4008	4009
P60,4	4010	4010
P166,5	4011	4012
P85,8	4013	4014
P189,4	4015	4016
P182,4	4017	4017
P185,4	4018	4018
P165,6	4019	4020
P177,5	4021	4022
P105,5	4023	4024
P101,5	4025	4026
P28,6	4027	4028
P114,3	4029	4030
P103,5	4031	4032
P190,4	4033	4034
P44,5	4035	4035
P108,5	4036	4037
P1,7	4038	4038
P171,5	4039	4040
P186,5	4041	4042
P188,4	4043	4044
P32,4	4045	4046
P176,5	4047	4048
P170,6	4049	4050
P193,3	4051	4052
P10,7	4053	4054
P117,4	4055	4055
P111,5	4056	4057
P112,5	4058	4058
P191,4	4059	4060
P194,4	4061	4061
P30,6	4062	4063
P66,6	4064	4065
P125,4	4066	4067
P106,5	4068	4069
P120,4	4070	4071
P200,4	4072	4073
P78,4	4074	4075
P75,5	4076	4077
P115,4	4078	4079
P175,6	4080	4081
P63,7	4082	4083
P102,6	4084	4085
P31,5	4086	4087
P116,5	4088	4089
P113,5	4090	4091
P72,5	4092	4093
P51,5	4094	4095
P77,4	4096	4096
P74,5	4097	4097
P199,4	4098	4099
P118,4	4100	4101
P195,5	4102	4103
P73,5	4104	4105
P192,5	4106	4107
P5,10	4108	4109
P197,5	4110	4110
P33,6	4111	4111
P137,4	4112	4113
P19,7	4114	4115
P8,8	4116	4117
P29,7	4118	4119
P119,5	4120	4121
P3,6	4122	4122
P198,5	4123	4124
P69,5	4125	4126
P128,4	4127	4128
P143,3	4129	4130
P79,5	4131	4132
P129,4	4133	4134
P127,4	4135	4135
P132,4	4136	4136
P35,6	4137	4138
P2,7	4139	4140
P48,6	4141	4142
P11,7	4143	4144
P14,7	4145	4145
P131,5	4146	4147
P54,5	4148	4149
P23,6	4150	4150
P123,5	4151	4152
P141,5	4153	4153
P152,3	4154	4155
P126,5	4156	4157
P124,5	4158	4159
P18,6	4160	4161
P130,4	4162	4163
P80,5	4164	4165
P88,5	4166	4167
P122,6	4168	4169
P133,5	4170	4171
P55,5	4172	4173
P49,6	4174	4175
P83,5	4176	4177
P56,5	4178	4179
P84,5	4180	4180
P81,6	4181	4182
P17,6	4183	4184
P47,7	4185	4186
P27,5	4187	4187
P64,7	4188	4189
P135,5	4190	4191
P162,3	4192	4193
P50,6	4194	4194
P149,4	4195	4195
P53,5	4196	4196
P140,5	4197	4197
P145,4	4198	4199
P154,4	4200	4201
P144,4	4202	4203
P87,5	4204	4205
P134,6	4206	4207
P147,4	4208	4209
P20,9	4210	4211
P91,5	4212	4213
P93,4	4214	4215
P121,7	4216	4217
P148,4	4218	4219
P138,5	4220	4221
P62,5	4222	4223
P52,6	4224	4224
P96,4	4225	4226
P61,5	4227	4227
P90,5	4228	4229
P151,4	4230	4231
P46,4	4232	4232
P158,4	4233	4234
P95,4	4235	4236
P136,6	4237	4238
P26,6	4239	4240
P45,5	4241	4242
P156,4	4243	4244
P107,4	4245	4246
P146,5	4247	4248
P86,6	4249	4250
P159,4	4251	4252
P92,5	4253	4253
P160,5	4254	4255
P57,7	4256	4257
P99,4	4258	4259
P155,5	4260	4261
P142,6	4262	4263
P174,4	4264	4264
P58,6	4265	4266
P24,7	4267	4268
P98,5	4269	4270
P82,6	4271	4272
P150,5	4273	4274
P161,5	4275	4276
P37,7	4277	4277
P4,7	4278	4279
P104,5	4280	4281
P164,4	4282	4283
P109,4	4284	4285
P173,5	4286	4286
P94,5	4287	4288
P168,5	4289	4289
P180,4	4290	4291
P163,4	4292	4292
P25,7	4293	4294
P59,6	4295	4296
P187,3	4297	4298
P100,4	4299	4300
P9,7	4301	4302
P68,5	4303	4304
P16,8	4305	4306
P166,5	4307	4308
P153,6	4309	4310
P178,4	4311	4312
P189,4	4313	4314
P39,8	4315	4316
P183,4	4317	4318
P165,6	4319	4319
P40,7	4320	4321
P105,5	4322	4323
P181,4	4324	4325
P101,5	4326	4327
P28,6	4328	4329
P114,3	4330	4330
P172,5	4331	4332
P190,4	4333	4334
P108,5	4335	4336
P184,4	4337	4338
P171,5	4339	4340
P71,5	4341	4342
P186,5	4343	4344
P12,6	4345	4346
P188,4	4347	4348
P32,4	4349	4349
P176,5	4350	4350
P185,5	4351	4352
P170,6	4353	4354
P110,5	4355	4356
P167,5	4357	4358
P85,9	4359	4360
P70,6	4361	4362
P103,6	4363	4363
P111,5	4364	4364
P177,6	4365	4366
P30,6	4367	4368
P125,4	4369	4370
P60,5	4371	4372
P182,5	4373	4374
P106,5	4375	4376
P200,4	4377	4378
P10,8	4379	4380
P75,5	4381	4382
P115,4	4383	4384
P175,6	4385	4385
P63,7	4386	4387
P191,5	4388	4389
P102,6	4390	4391
P31,5	4392	4392
P116,5	4393	4394
P120,5	4395	4396
P72,5	4397	4398
P66,7	4399	4400
P51,5	4401	4401
P199,4	4402	4403
P118,4	4404	4404
P73,5	4405	4406
P192,5	4407	4408
P193,4	4409	4410
P112,6	4411	4412
P113,6	4413	4414
P117,5	4415	4416
P19,7	4417	4418
P74,6	4419	4420
P8,8	4421	4421
P78,5	4422	4422
P29,7	4423	4424
P198,5	4425	4426
P69,5	4427	4428
P128,4	4429	4430
P143,3	4431	4432
P79,5	4433	4434
P129,4	4435	4435
P195,6	4436	4437
P77,5	4438	4439
P5,11	4440	4441
P35,6	4442	4443
P2,7	4444	4445
P48,6	4446	4447
P131,5	4448	4449
P123,5	4450	4451
P33,7	4452	4453
P137,5	4454	4455
P126,5	4456	4457
P124,5	4458	4459
P18,6	4460	4461
P130,4	4462	4463
P80,5	4464	4465
P127,5	4466	4467
P132,5	4468	4469
P119,6	4470	4471
P88,5	4472	4472
P122,6	4473	4474
P14,8	4475	4476
P49,6	4477	4478
P83,5	4479	4479
P11,8	4480	4481
P23,7	4482	4483
P3,7	4484	4485
P141,6	4486	4486
P17,6	4487	4487
P47,7	4488	4489
P64,7	4490	4491
P135,5	4492	4493
P145,4	4494	4495
P154,4	4496	4497
P144,4	4498	4499
P87,5	4500	4500
P134,6	4501	4502
P152,4	4503	4504
P147,4	4505	4506
P20,9	4507	4508
P93,4	4509	4509
P162,4	4510	4511
P55,6	4512	4513
P81,7	4514	4515
P148,4	4516	4517
P133,6	4518	4518
P138,5	4519	4520
P96,4	4521	4522
P90,5	4523	4524
P149,5	4525	4526
P158,4	4527	4528
P84,6	4529	4529
P95,4	4530	4531
P26,6	4532	4533
P140,6	4534	4535
P45,5	4536	4537
P91,6	4538	4539
P156,4	4540	4540
P107,4	4541	4542
P50,7	4543	4544
P86,6	4545	4545
P53,6	4546	4547
P62,6	4548	4548
P159,4	4549	4549
P160,5	4550	4550
P57,7	4551	4551
P151,5	4552	4553
P155,5	4554	4555
P142,6	4556	4557
P46,5	4558	4559
P136,7	4560	4561
P58,6	4562	4563
P98,5	4564	4564
P82,6	4565	4566
P150,5	4567	4568
P161,5	4569	4570
P121,8	4571	4572
P61,6	4573	4574
P104,5	4575	4576
P164,4	4577	4578
P146,6	4579	4580
P109,4	4581	4582
P99,5	4583	4583
P94,5	4584	4584
P25,7	4585	4585
P100,4	4586	4587
P174,5	4588	4588
P16,8	4589	4589
P24,8	4590	4591
P166,5	4592	4593
P178,4	4594	4595
P173,6	4596	4597
P39,8	4598	4599
P183,4	4600	4601
P40,7	4602	4603
P180,5	4604	4605
P181,4	4606	4607
P101,5	4608	4609
P28,6	4610	4610
P172,5	4611	4612
P59,7	4613	4614
P187,4	4615	4616
P37,8	4617	4618
P108,5	4619	4620
P9,8	4621	4622
P184,4	4623	4624
P168,6	4625	4626
P171,5	4627	4628
P163,5	4629	4630
P71,5	4631	4632
P186,5	4633	4633
P12,6	4634	4635
P68,6	4636	4637
P105,6	4638	4638
P188,4	4639	4640
P185,5	4641	4642
P170,6	4643	4644
P167,5	4645	4646
P85,9	4647	4648
P70,6	4649	4650
P177,6	4651	4652
P114,4	4653	4654
P176,6	4655	4656
P60,5	4657	4657
P165,7	4658	4659
P182,5	4660	4661
P190,5	4662	4662
P106,5	4663	4664
P200,4	4665	4665
P10,8	4666	4666
P115,4	4667	4668
P103,7	4669	4670
P102,6	4671	4671
P32,5	4672	4672
P116,5	4673	4674
P120,5	4675	4676
P125,5	4677	4677
P72,5	4678	4679
P66,7	4680	4681
P199,4	4682	4683
P73,5	4684	4684
P63,8	4685	4686
P192,5	4687	4688
P111,6	4689	4689
P193,4	4690	4691
P110,6	4692	4693
P112,6	4694	4695
P30,7	4696	4697
P113,6	4698	4699
P75,6	4700	4701
P117,5	4702	4702
P191,6	4703	4704
P19,7	4705	4706
P29,7	4707	4708
P198,5	4709	4709
P69,5	4710	4710
P128,4	4711	4712
P79,5	4713	4714
P195,6	4715	4716
P118,5	4717	4717
P77,5	4718	4719
P5,11	4720	4721
P31,6	4722	4723
P51,6	4724	4725
P35,6	4726	4727
P175,7	4728	4729
P2,7	4730	4730
P78,6	4731	4732
P123,5	4733	4734
P33,7	4735	4736
P126,5	4737	4738
P129,5	4739	4740
P18,6	4741	4741
P8,9	4742	4743
P130,4	4744	4744
P80,5	4745	4746
P127,5	4747	4748
P132,5	4749	4749
P143,4	4750	4751
P119,6	4752	4752
P122,6	4753	4754
P14,8	4755	4756
P49,6	4757	4757
P48,7	4758	4759
P11,8	4760	4760
P47,7	4761	4762
P131,6	4763	4764
P124,6	4765	4765
P135,5	4766	4766
P145,4	4767	4768
P88,6	4769	4770
P144,4	4771	4771
P152,4	4772	4773
P147,4	4774	4774
P20,9	4775	4776
P162,4	4777	4778
P55,6	4779	4780
P137,6	4781	4782
P3,8	4783	4784
P148,4	4785	4786
P138,5	4787	4787
P23,8	4788	4788
P141,7	4789	4789
P90,5	4790	4791
P149,5	4792	4793
P154,5	4794	4795
P26,6	4796	4797
P140,6	4798	4798
P64,8	4799	4800
P81,8	4801	4802
P45,5	4803	4804
P91,6	4805	4806
P133,7	4807	4808
P151,5	4809	4810
P134,7	4811	4811
P84,7	4812	4813
P155,5	4814	4815
P142,6	4816	4817
P93,5	4818	4819
P46,5	4820	4821
P136,7	4822	4823
P156,5	4824	4824
P58,6	4825	4825
P82,6	4826	4827
P161,5	4828	4828
P61,6	4829	4830
P86,7	4831	4832
P159,5	4833	4833
P50,8	4834	4835
P104,5	4836	4836
P158,5	4837	4838
P96,5	4839	4840
P146,6	4841	4842
P95,5	4843	4844
P150,6	4845	4846
P57,8	4847	4847
P24,8	4848	4849
P178,4	4850	4851
P62,7	4852	4853
P173,6	4854	4855
P107,5	4856	4857
P39,8	4858	4859
P98,6	4860	4861
P183,4	4862	4863
P40,7	4864	4865
P53,7	4866	4867
P180,5	4868	4868
P164,5	4869	4869
P181,4	4870	4871
P174,6	4872	4873
P172,5	4874	4874
P94,6	4875	4876
P59,7	4877	4878
P187,4	4879	4880
P37,8	4881	4882
P108,5	4883	4883
P168,6	4884	4884
P171,5	4885	4886
P163,5	4887	4888
P25,8	4889	4890
P28,7	4891	4892
P12,6	4893	4894
P100,5	4895	4896
P68,6	4897	4898
P109,5	4899	4900
P185,5	4901	4902
P166,6	4903	4904
P167,5	4905	4906
P85,9	4907	4908
P101,6	4909	4910
P177,6	4911	4912
P186,6	4913	4914
P114,4	4915	4916
P165,7	4917	4918
P182,5	4919	4919
P188,5	4920	4921
P184,5	4922	4923
P115,4	4924	4924
P103,7	4925	4926
P9,9	4927	4928
P120,5	4929	4930
P72,5	4931	4932
P66,7	4933	4933
P105,7	4934	4935
P63,8	4936	4937
P70,7	4938	4939
P190,6	4940	4941
P176,7	4942	4943
P193,4	4944	4945
P110,6	4946	4946
P200,5	4947	4948
P112,6	4949	4950
P106,6	4951	4952
P30,7	4953	4953
P102,7	4954	4955
P113,6	4956	4956
P60,6	4957	4958
P191,6	4959	4959
P29,7	4960	4961
P195,6	4962	4963
P116,6	4964	4965
P111,7	4966	4967
P77,5	4968	4969
P10,9	4970	4971
P5,11	4972	4973
P31,6	4974	4975
P51,6	4976	4977
P175,7	4978	4979
P69,6	4980	4981
P78,6	4982	4983
P123,5	4984	4984
P19,8	4985	4986
P33,7	4987	4988
P199,5	4989	4990
P73,6	4991	4992
P126,5	4993	4993
P192,6	4994	4995
P128,5	4996	4997
P129,5	4998	4999
P8,9	5000	5001
P79,6	5002	5003
P117,6	5004	5005
P75,7	5006	5007
P143,4	5008	5009
P2,8	5010	5011
P118,6	5012	5012
P198,6	5013	5013
P14,8	5014	5014
P47,7	5015	5015
P131,6	5016	5017
P35,7	5018	5019
P145,4	5020	5021
P88,6	5022	5023
P80,6	5024	5025
P152,4	5026	5027
P20,9	5028	5029
P162,4	5030	5031
P55,6	5032	5032
P137,6	5033	5034
P119,7	5035	5036
P3,8	5037	5038
P127,6	5039	5040
P135,6	5041	5042
P49,7	5043	5044
P48,8	5045	5046
P149,5	5047	5048
P18,7	5049	5050
P154,5	5051	5052
P132,6	5053	5053
P64,8	5054	5054
P130,5	5055	5056
P81,8	5057	5058
P144,5	5059	5059
P147,5	5060	5061
P91,6	5062	5063
P133,7	5064	5065
P151,5	5066	5067
P84,7	5068	5069
P155,5	5070	5071
P138,6	5072	5073
P124,7	5074	5075
P141,8	5076	5077
P93,5	5078	5079
P46,5	5080	5080
P136,7	5081	5082
P23,9	5083	5084
P61,6	5085	5086
P86,7	5087	5088
P50,8	5089	5089
P96,5	5090	5090
P148,5	5091	5092
P146,6	5093	5093
P90,6	5094	5095
P26,7	5096	5097
P95,5	5098	5099
P140,7	5100	5101
P150,6	5102	5103
P142,7	5104	5105
P161,6	5106	5107
P24,8	5108	5109
P45,6	5110	5111
P62,7	5112	5113
P173,6	5114	5114
P107,5	5115	5116
P158,6	5117	5118
P39,8	5119	5120
P183,4	5121	5122
P156,6	5123	5123
P181,4	5124	5124
P57,9	5125	5126
P174,6	5127	5128
P94,6	5129	5130
P59,7	5131	5132
P159,6	5133	5134
P187,4	5135	5136
P58,7	5137	5138
P163,5	5139	5140
P25,8	5141	5142
P98,7	5143	5144
P28,7	5145	5146
P12,6	5147	5147
P100,5	5148	5149
P178,5	5150	5151
P109,5	5152	5153
P185,5	5154	5155
P166,6	5156	5157
P40,8	5158	5159
P85,9	5160	5161
P101,6	5162	5163
P53,8	5164	5165
P108,6	5166	5167
P168,7	5168	5169
P114,4	5170	5171
P164,6	5172	5172
P165,7	5173	5174
P171,6	5175	5175
P172,6	5176	5177
P37,9	5178	5179
P184,5	5180	5181
P105,7	5182	5183
P177,7	5184	5185
P70,7	5186	5187
P190,6	5188	5189
P176,7	5190	5191
P182,6	5192	5193
P193,4	5194	5194
P200,5	5195	5196
P167,6	5197	5198
P106,6	5199	5199
P103,8	5200	5201
P9,10	5202	5203
P72,6	5204	5205
P102,7	5206	5207
P68,7	5208	5209
P60,6	5210	5211
P115,5	5212	5213
P120,6	5214	5215
P111,7	5216	5216
P77,5	5217	5217
P10,9	5218	5218
P66,8	5219	5219
P188,6	5220	5221
P51,6	5222	5223
P175,7	5224	5224
P69,6	5225	5226
P78,6	5227	5227
P30,8	5228	5229
P19,8	5230	5231
P33,7	5232	5232
P199,5	5233	5234
P195,7	5235	5236
P192,6	5237	5238
P116,7	5239	5240
P31,7	5241	5242
P113,7	5243	5244
P129,5	5245	5246
P8,9	5247	5248
P191,7	5249	5250
P79,6	5251	5252
P112,7	5253	5254
P117,6	5255	5255
P75,7	5256	5257
P143,4	5258	5259
P2,8	5260	5261
P131,6	5262	5263
P35,7	5264	5265
P88,6	5266	5267
P80,6	5268	5269
P152,4	5270	5270
P137,6	5271	5272
P119,7	5273	5274
P14,9	5275	5276
P3,8	5277	5278
P127,6	5279	5280
P123,6	5281	5282
P128,6	5283	5284
P49,7	5285	5286
P48,8	5287	5288
P18,7	5289	5289
P73,7	5290	5291
P154,5	5292	5293
P47,8	5294	5295
P130,5	5296	5296
P81,8	5297	5298
P147,5	5299	5300
P20,10	5301	5302
P91,6	5303	5304
P145,5	5305	5305
P133,7	5306	5306
P84,7	5307	5308
P118,7	5309	5310
P149,6	5311	5312
P138,6	5313	5314
P124,7	5315	5316
P141,8	5317	5317
P93,5	5318	5319
P23,9	5320	5321
P132,7	5322	5323
P61,6	5324	5324
P162,5	5325	5326
P86,7	5327	5328
P55,7	5329	5330
P151,6	5331	5332
P135,7	5333	5334
P90,6	5335	5336
P26,7	5337	5338
P144,6	5339	5340
P95,5	5341	5342
P140,7	5343	5344
P150,6	5345	5345
P142,7	5346	5347
P64,9	5348	5349
P161,6	5350	5351
P24,8	5352	5352
P45,6	5353	5354
P107,5	5355	5356
P96,6	5357	5358
P158,6	5359	5360
P46,6	5361	5362
P136,8	5363	5364
P57,9	5365	5366
P94,6	5367	5367
P59,7	5368	5369
P148,6	5370	5371
P159,6	5372	5373
P187,4	5374	5375
P146,7	5376	5377
P58,7	5378	5379
P39,9	5380	5381
P25,8	5382	5383
P62,8	5384	5385
P98,7	5386	5387
P28,7	5388	5389
P100,5	5390	5390
P178,5	5391	5392
P166,6	5393	5393
P183,5	5394	5394
P40,8	5395	5396
P181,5	5397	5398
P53,8	5399	5400
P108,6	5401	5402
P168,7	5403	5404
P174,7	5405	5406
P114,4	5407	5408
P163,6	5409	5410
P165,7	5411	5411
P172,6	5412	5413
P37,9	5414	5414
P184,5	5415	5415
P156,7	5416	5417
P105,7	5418	5419
P177,7	5420	5421
P70,7	5422	5422
P109,6	5423	5423
P185,6	5424	5425
P182,6	5426	5427
P85,10	5428	5428
P200,5	5429	5430
P103,8	5431	5432
P9,10	5433	5434
P12,7	5435	5436
P101,7	5437	5438
P72,6	5439	5440
P102,7	5441	5442
P68,7	5443	5444
P115,5	5445	5446
P120,6	5447	5448
P188,6	5449	5450
P193,5	5451	5451
P167,7	5452	5453
P51,6	5454	5455
P69,6	5456	5457
P30,8	5458	5458
P19,8	5459	5460
P199,5	5461	5462
P171,7	5463	5464
P190,7	5465	5466
P195,7	5467	5468
P176,8	5469	5470
P31,7	5471	5472
P111,8	5473	5473
P113,7	5474	5475
P175,8	5476	5476
P129,5	5477	5477
P66,9	5478	5478
P191,7	5479	5480
P79,6	5481	5482
P112,7	5483	5483
P106,7	5484	5484
P75,7	5485	5485
P78,7	5486	5487
P143,4	5488	5488
P131,6	5489	5490
P35,7	5491	5492
P88,6	5493	5494
P116,8	5495	5496
P80,6	5497	5498
P137,6	5499	5500
P77,6	5501	5502
P192,7	5503	5504
P14,9	5505	5506
P3,8	5507	5508
P127,6	5509	5509
P128,6	5510	5511
P49,7	5512	5513
P48,8	5514	5515
P8,10	5516	5517
P73,7	5518	5519
P33,8	5520	5521
P154,5	5522	5523
P117,7	5524	5525
P47,8	5526	5527
P81,8	5528	5528
P20,10	5529	5530
P123,7	5531	5532
P84,7	5533	5534
P118,7	5535	5536
P149,6	5537	5537
P119,8	5538	5539
P124,7	5540	5541
P2,9	5542	5543
P93,5	5544	5544
P23,9	5545	5545
P132,7	5546	5547
P152,5	5548	5549
P91,7	5550	5551
P162,5	5552	5553
P86,7	5554	5555
P130,6	5556	5557
P55,7	5558	5559
P151,6	5560	5561
P135,7	5562	5562
P18,8	5563	5564
P90,6	5565	5566
P26,7	5567	5568
P144,6	5569	5570
P145,6	5571	5572
P133,8	5573	5573
P95,5	5574	5574
P140,7	5575	5576
P61,7	5577	5578
P142,7	5579	5580
P64,9	5581	5582
P161,6	5583	5583
P45,6	5584	5585
P107,5	5586	5586
P147,6	5587	5588
P96,6	5589	5590
P46,6	5591	5592
P136,8	5593	5594
P148,6	5595	5596
P159,6	5597	5598
P58,7	5599	5600
P39,9	5601	5602
P24,9	5603	5604
P25,8	5605	5606
P62,8	5607	5608
P98,7	5609	5610
P178,5	5611	5612
P40,8	5613	5613
P150,7	5614	5615
P181,5	5616	5617
P158,7	5618	5619
P53,8	5620	5621
P108,6	5622	5622
P168,7	5623	5623
P174,7	5624	5625
P57,10	5626	5627
P163,6	5628	5629
P156,7	5630	5631
P183,6	5632	5632
P146,8	5633	5634
P28,8	5635	5636
P187,5	5637	5638
P100,6	5639	5640
P200,5	5641	5641
P103,8	5642	5642
P9,10	5643	5644
P12,7	5645	5646
P101,7	5647	5648
P72,6	5649	5650
P68,7	5651	5652
P166,7	5653	5654
P115,5	5655	5655
P114,5	5656	5657
P120,6	5658	5658
P188,6	5659	5659
P167,7	5660	5661
P69,6	5662	5662
P70,8	5663	5664
P19,8	5665	5665
P105,8	5666	5666
P177,8	5667	5668
P182,7	5669	5670
P199,5	5671	5672
P172,7	5673	5674
P109,7	5675	5675
P190,7	5676	5677
P37,10	5678	5679
P184,6	5680	5681
P176,8	5682	5682
P31,7	5683	5684
P113,7	5685	5686
P185,7	5687	5688
P191,7	5689	5690
P30,9	5691	5692
P79,6	5693	5694
P78,7	5695	5695
P35,7	5696	5697
P116,8	5698	5698
P193,6	5699	5700
P66,10	5701	5702
P77,6	5703	5703
P192,7	5704	5705
P14,9	5706	5707
P51,7	5708	5709
P171,8	5710	5710
P128,6	5711	5712
P111,9	5713	5713
P195,8	5714	5714
P48,8	5715	5715
P8,10	5716	5717
P88,7	5718	5719
P33,8	5720	5720
P175,9	5721	5721
P143,5	5722	5723
P80,7	5724	5724
P47,8	5725	5726
P123,7	5727	5728
P127,7	5729	5730
P129,6	5731	5732
P118,7	5733	5734
P112,8	5735	5736
P119,8	5737	5738
P3,9	5739	5740
P154,6	5741	5742
P73,8	5743	5744
P132,7	5745	5745
P152,5	5746	5747
P91,7	5748	5749
P162,5	5750	5751
P137,7	5752	5753
P130,6	5754	5754
P55,7	5755	5756
P151,6	5757	5758
P18,8	5759	5760
P26,7	5761	5762
P144,6	5763	5763
P49,8	5764	5765
P124,8	5766	5767
P145,6	5768	5769
P140,7	5770	5770
P23,10	5771	5772
P61,7	5773	5774
P142,7	5775	5776
P117,8	5777	5778
P84,8	5779	5780
P149,7	5781	5782
P93,6	5783	5783
P45,6	5784	5784
P81,9	5785	5786
P135,8	5787	5788
P147,6	5789	5790
P96,6	5791	5792
P46,6	5793	5794
P90,7	5795	5796
P148,6	5797	5798
P159,6	5799	5800
P58,7	5801	5802
P39,9	5803	5803
P86,8	5804	5805
P64,10	5806	5807
P24,9	5808	5808
P62,8	5809	5810
P98,7	5811	5812
P95,6	5813	5814
P178,5	5815	5816
P158,7	5817	5818
P53,8	5819	5819
P174,7	5820	5820
P57,10	5821	5822
P133,9	5823	5824
P161,7	5825	5826
P146,8	5827	5828
P107,6	5829	5830
P28,8	5831	5832
P187,5	5833	5834
P9,10	5835	5835
P136,9	5836	5837
P12,7	5838	5839
P101,7	5840	5841
P72,6	5842	5843
P163,7	5844	5844
P166,7	5845	5846
P108,7	5847	5848
P114,5	5849	5850
P181,6	5851	5852
P168,8	5853	5854
P167,7	5855	5855
P70,8	5856	5857
P25,9	5858	5859
P40,9	5860	5861
P177,8	5862	5863
P200,6	5864	5865
P172,7	5866	5866
P100,7	5867	5868
P190,7	5869	5869
P37,10	5870	5871
P120,7	5872	5873
P184,6	5874	5875
P113,7	5876	5876
P188,7	5877	5878
P185,7	5879	5880
P68,8	5881	5882
P191,7	5883	5883
P182,8	5884	5885
P30,9	5886	5887
P103,9	5888	5889
P69,7	5890	5891
P193,6	5892	5893
P199,6	5894	5895
P192,7	5896	5896
P176,9	5897	5898
P14,9	5899	5900
P51,7	5901	5902
P128,6	5903	5904
P109,8	5905	5906
P8,10	5907	5908
P88,7	5909	5910
P35,8	5911	5912
P19,9	5913	5914
P47,8	5915	5916
P123,7	5917	5918
P127,7	5919	5920
P118,7	5921	5921
P112,8	5922	5923
P3,9	5924	5925
P31,8	5926	5927
P154,6	5928	5929
P171,9	5930	5931
P116,9	5932	5933
P73,8	5934	5935
P79,7	5936	5937
P111,10	5938	5938
P195,9	5939	5940
P152,5	5941	5942
P77,7	5943	5944
P162,5	5945	5945
P78,8	5946	5947
P137,7	5948	5949
P175,10	5950	5950
P119,9	5951	5952
P151,6	5953	5953
P18,8	5954	5955
P80,8	5956	5957
P49,8	5958	5959
P48,9	5960	5961
P124,8	5962	5963
P145,6	5964	5965
P23,10	5966	5967
P61,7	5968	5969
P143,6	5970	5971
P117,8	5972	5973
P84,8	5974	5975
P129,7	5976	5976
P149,7	5977	5978
P81,9	5979	5980
P135,8	5981	5982
P147,6	5983	5984
P91,8	5985	5986
P90,7	5987	5988
P132,8	5989	5990
P55,8	5991	5991
P130,7	5992	5992
P95,6	5993	5994
P158,7	5995	5996
P26,8	5997	5998
P140,8	5999	5999
P133,9	6000	6000
P142,8	6001	6001
P96,7	6002	6003
P161,7	6004	6005
P146,8	6006	6007
P93,7	6008	6009
P107,6	6010	6011
P58,8	6012	6013
P28,8	6014	6015
P45,7	6016	6017
P86,9	6018	6019
P187,5	6020	6021
P136,9	6022	6023
P12,7	6024	6024
P148,7	6025	6025
P166,7	6026	6026
P57,11	6027	6028
P108,7	6029	6030
P159,7	6031	6032
P24,10	6033	6034
P98,8	6035	6036
P181,6	6037	6038
P168,8	6039	6040
P70,8	6041	6042
P40,9	6043	6044
P177,8	6045	6046
P200,6	6047	6048
P100,7	6049	6049
P37,10	6050	6051
P114,6	6052	6053
P120,7	6054	6055
P178,6	6056	6057
P184,6	6058	6059
P188,7	6060	6061
P53,9	6062	6063
P167,8	6064	6065
P185,7	6066	6066
P25,10	6067	6067
P68,8	6068	6069
P101,8	6070	6071
P182,8	6072	6073
P72,7	6074	6075
P30,9	6076	6077
P103,9	6078	6078
P199,6	6079	6080
P163,8	6081	6082
P176,9	6083	6084
P51,7	6085	6086
P109,8	6087	6088
P190,8	6089	6090
P8,10	6091	6092
P88,7	6093	6094
P69,8	6095	6096
P35,8	6097	6097
P193,7	6098	6099
P172,8	6100	6101
P123,7	6102	6103
P127,7	6104	6105
P112,8	6106	6106
P3,9	6107	6108
P14,10	6109	6110
P31,8	6111	6112
P154,6	6113	6114
P171,9	6115	6116
P73,8	6117	6118
P79,7	6119	6120
P195,9	6121	6122
P152,5	6123	6123
P77,7	6124	6125
P128,7	6126	6127
P47,9	6128	6129
P78,8	6130	6131
P192,8	6132	6133
P137,7	6134	6134
P118,8	6135	6136
P119,9	6137	6138
P80,8	6139	6139
P49,8	6140	6141
P48,9	6142	6142
P124,8	6143	6144
P162,6	6145	6146
P145,6	6147	6148
P23,10	6149	6150
P61,7	6151	6151
P116,10	6152	6153
P117,8	6154	6155
P84,8	6156	6157
P149,7	6158	6159
P81,9	6160	6161
P135,8	6162	6163
P147,6	6164	6165
P111,11	6166	6166
P132,8	6167	6168
P95,6	6169	6169
P26,8	6170	6171
P96,7	6172	6173
P175,11	6174	6175
P161,7	6176	6177
P146,8	6178	6179
P93,7	6180	6181
P107,6	6182	6183
P91,9	6184	6185
P58,8	6186	6187
P28,8	6188	6188
P45,7	6189	6190
P86,9	6191	6192
P136,9	6193	6194
P140,9	6195	6196
P130,8	6197	6198
P57,11	6199	6200
P129,8	6201	6201
P158,8	6202	6203
P108,7	6204	6205
P159,7	6206	6206
P24,10	6207	6207
P98,8	6208	6209
P181,6	6210	6211
P168,8	6212	6212
P55,9	6213	6214
P70,8	6215	6215
P40,9	6216	6217
P177,8	6218	6218
P12,8	6219	6220
P200,6	6221	6222
P187,6	6223	6224
P120,7	6225	6226
P133,10	6227	6228
P178,6	6229	6230
P184,6	6231	6232
P188,7	6233	6234
P53,9	6235	6235
P167,8	6236	6237
P68,8	6238	6239
P37,11	6240	6241
P101,8	6242	6242
P182,8	6243	6244
P72,7	6245	6246
P30,9	6247	6248
P166,8	6249	6249
P199,6	6250	6250
P148,8	6251	6252
P163,8	6253	6254
P176,9	6255	6256
P109,8	6257	6258
P190,8	6259	6260
P100,8	6261	6262
P88,7	6263	6264
P193,7	6265	6266
P172,8	6267	6268
P103,10	6269	6270
P127,7	6271	6272
P3,9	6273	6274
P31,8	6275	6276
P185,8	6277	6278
P69,9	6279	6280
P73,8	6281	6281
P79,7	6282	6283
P195,9	6284	6285
P77,7	6286	6287
P128,7	6288	6289
P78,8	6290	6291
P118,8	6292	6293
P51,8	6294	6295
P49,8	6296	6297
P8,11	6298	6299
P123,8	6300	6301
P124,8	6302	6303
P162,6	6304	6305
P112,9	6306	6307
P23,10	6308	6309
P35,9	6310	6311
P47,10	6312	6313
P116,10	6314	6315
P154,7	6316	6317
P117,8	6318	6319
P81,9	6320	6320
P135,8	6321	6321
P137,8	6322	6323
P132,8	6324	6325
P14,11	6326	6327
P152,6	6328	6329
P26,8	6330	6331
P96,7	6332	6333
P175,11	6334	6335
P161,7	6336	6337
P93,7	6338	6339
P48,10	6340	6341
P91,9	6342	6342
P119,10	6343	6344
P58,8	6345	6345
P192,9	6346	6346
P145,7	6347	6348
P45,7	6349	6350
P147,7	6351	6352
P86,9	6353	6354
P136,9	6355	6355
P130,8	6356	6357
P57,11	6358	6358
P84,9	6359	6360
P158,8	6361	6362
P108,7	6363	6363
P149,8	6364	6365
P95,7	6366	6367
P98,8	6368	6369
P181,6	6370	6370
P28,9	6371	6372
P55,9	6373	6374
P40,9	6375	6376
P107,7	6377	6378
P140,10	6379	6380
P200,6	6381	6381
P187,6	6382	6383
P159,8	6384	6385
P133,10	6386	6387
P178,6	6388	6389
P188,7	6390	6391
P146,9	6392	6393
P167,8	6394	6395
P68,8	6396	6397
P37,11	6398	6399
P182,8	6400	6400
P72,7	6401	6402
P148,8	6403	6404
P163,8	6405	6406
P176,9	6407	6408
P109,8	6409	6410
P53,10	6411	6412
P190,8	6413	6414
P100,8	6415	6416
P168,9	6417	6418
P101,9	6419	6420
P70,9	6421	6422
P12,9	6423	6424
P172,8	6425	6426
P103,10	6427	6428
P177,9	6429	6430
P120,8	6431	6432
P185,8	6433	6434
P79,7	6435	6435
P88,8	6436	6437
P184,7	6438	6439
P195,9	6440	6440
P128,7	6441	6442
P166,9	6443	6443
P199,7	6444	6445
P8,11	6446	6446
P123,8	6447	6448
P127,8	6449	6450
P73,9	6451	6452
P30,10	6453	6454
P112,9	6455	6456
P69,10	6457	6458
P35,9	6459	6460
P47,10	6461	6462
P116,10	6463	6463
P154,7	6464	6465
P193,8	6466	6467
P77,8	6468	6468
P132,8	6469	6470
P14,11	6471	6471
P152,6	6472	6473
P31,9	6474	6475
P96,7	6476	6477
P3,10	6478	6479
P51,9	6480	6481
P49,9	6482	6483
P175,11	6484	6485
P93,7	6486	6486
P162,7	6487	6488
P48,10	6489	6490
P135,9	6491	6492
P119,10	6493	6494
P124,9	6495	6496
P145,7	6497	6498
P81,10	6499	6500
P45,7	6501	6502
P118,9	6503	6504
P147,7	6505	6506
P86,9	6507	6507
P26,9	6508	6509
P130,8	6510	6511
P84,9	6512	6513
P158,8	6514	6515
P149,8	6516	6517
P95,7	6518	6518
P28,9	6519	6519
P192,10	6520	6520
P55,9	6521	6521
P187,6	6522	6523
P159,8	6524	6525
P133,10	6526	6527
P108,8	6528	6529
P167,8	6530	6531
P37,11	6532	6533
P72,7	6534	6534
P148,8	6535	6535
P57,12	6536	6537
P178,7	6538	6539
P53,10	6540	6541
P98,9	6542	6543
P168,9	6544	6545
P107,8	6546	6547
P200,7	6548	6549
P103,10	6550	6550
P177,9	6551	6552
P120,8	6553	6554
P185,8	6555	6556
P88,8	6557	6557
P184,7	6558	6559
P146,10	6560	6561
P101,10	6562	6562
P100,9	6563	6564
P128,7	6565	6565
P163,9	6566	6567
P199,7	6568	6569
P123,8	6570	6571
P182,9	6572	6573
P172,9	6574	6575
P127,8	6576	6577
P68,9	6578	6579
P73,9	6580	6581
P30,10	6582	6582
P176,10	6583	6584
P112,9	6585	6586
P69,10	6587	6587
P12,10	6588	6589
P35,9	6590	6591
P47,10	6592	6593
P79,8	6594	6595
P154,7	6596	6597
P193,8	6598	6599
P109,9	6600	6601
P195,10	6602	6602
P152,6	6603	6604
P31,9	6605	6606
P3,10	6607	6608
P51,9	6609	6609
P49,9	6610	6611
P175,11	6612	6612
P162,7	6613	6614
P48,10	6615	6616
P135,9	6617	6618
P119,10	6619	6619
P124,9	6620	6621
P96,8	6622	6623
P81,10	6624	6625
P147,7	6626	6627
P130,8	6628	6629
P84,9	6630	6631
P158,8	6632	6632
P93,8	6633	6634
P149,8	6635	6635
P77,9	6636	6637
P132,9	6638	6639
P159,8	6640	6641
P133,10	6642	6643
P108,8	6644	6645
P57,12	6646	6647
P178,7	6648	6649
P53,10	6650	6650
P145,8	6651	6651
P45,8	6652	6653
P98,9	6654	6655
P168,9	6656	6657
P95,8	6658	6659
P107,8	6660	6661
P55,10	6662	6663
P200,7	6664	6665
P86,10	6666	6667
P120,8	6668	6669
P185,8	6670	6670
P28,10	6671	6672
P26,10	6673	6674
P118,10	6675	6676
P163,9	6677	6678
P199,7	6679	6680
P72,8	6681	6681
P123,8	6682	6682
P182,9	6683	6683
P177,10	6684	6685
P127,8	6686	6687
P68,9	6688	6689
P167,9	6690	6691
P73,9	6692	6693
P176,10	6694	6695
P128,8	6696	6697
P112,9	6698	6699
P148,9	6700	6701
P12,10	6702	6703
P47,10	6704	6704
P79,8	6705	6706
P154,7	6707	6708
P146,11	6709	6709
P193,8	6710	6710
P88,9	6711	6712
P101,11	6713	6714
P100,10	6715	6716
P109,9	6717	6718
P152,6	6719	6720
P3,10	6721	6722
P184,8	6723	6724
P49,9	6725	6725
P162,7	6726	6727
P48,10	6728	6728
P172,10	6729	6729
P135,9	6730	6731
P124,9	6732	6733
P96,8	6734	6735
P147,7	6736	6737
P93,8	6738	6739
P35,10	6740	6741
P51,10	6742	6743
P77,9	6744	6744
P132,9	6745	6745
P31,10	6746	6747
P108,8	6748	6748
P57,12	6749	6750
P130,9	6751	6751
P45,8	6752	6752
P119,11	6753	6754
P168,9	6755	6756
P95,8	6757	6758
P158,9	6759	6760
P107,8	6761	6762
P55,10	6763	6763
P84,10	6764	6765
P200,7	6766	6766
P86,10	6767	6768
P120,8	6769	6769
P28,10	6770	6771
P26,10	6772	6773
P118,10	6774	6775
P163,9	6776	6777
P199,7	6778	6779
P81,11	6780	6780
P127,8	6781	6781
P68,9	6782	6782
P167,9	6783	6784
P176,10	6785	6786
P128,8	6787	6788
P145,9	6789	6789
P148,9	6790	6791
P178,8	6792	6793
P53,11	6794	6795
P79,8	6796	6797
P98,10	6798	6799
P88,9	6800	6800
P182,10	6801	6802
P101,11	6803	6804
P109,9	6805	6806
P184,8	6807	6808
P162,7	6809	6809
P112,10	6810	6811
P135,9	6812	6812
P96,8	6813	6814
P73,10	6815	6816
P93,8	6817	6818
P72,9	6819	6820
P177,11	6821	6822
P51,10	6823	6824
P31,10	6825	6826
P47,11	6827	6828
P172,11	6829	6830
P57,12	6831	6831
P154,8	6832	6833
P119,11	6834	6835
P193,9	6836	6837
P95,8	6838	6839
P158,9	6840	6841
P3,11	6842	6842
P107,8	6843	6843
P84,10	6844	6845
P48,11	6846	6847
P146,12	6848	6848
P28,10	6849	6849
P147,8	6850	6851
P26,10	6852	6853
P124,10	6854	6855
P118,10	6856	6857
P35,11	6858	6859
P77,10	6860	6861
P148,9	6862	6863
P178,8	6864	6865
P53,11	6866	6867
P108,9	6868	6869
P79,8	6870	6870
P98,10	6871	6872
P182,10	6873	6873
P81,12	6874	6875
P109,9	6876	6877
P45,9	6878	6879
P184,8	6880	6881
P86,11	6882	6883
P127,9	6884	6885
P112,10	6886	6887
P168,10	6888	6889
P73,10	6890	6891
P120,9	6892	6893
P72,9	6894	6895
P177,11	6896	6897
P200,8	6898	6899
P167,10	6900	6901
P51,10	6902	6903
P128,9	6904	6905
P31,10	6906	6906
P47,11	6907	6908
P199,8	6909	6909
P172,11	6910	6911
P163,10	6912	6913
P88,10	6914	6915
P96,9	6916	6917
P119,11	6918	6919
P193,9	6920	6921
P135,10	6922	6923
P68,10	6924	6925
P158,9	6926	6926
P176,11	6927	6928
P84,10	6929	6929
P48,11	6930	6931
P162,8	6932	6933
P93,9	6934	6934
P147,8	6935	6936
P124,10	6937	6938
P118,10	6939	6940
P35,11	6941	6942
P148,9	6943	6944
P178,8	6945	6946
P95,9	6947	6948
P154,9	6949	6950
P108,9	6951	6952
P81,12	6953	6953
P45,9	6954	6955
P77,11	6956	6957
P86,11	6958	6958
P127,9	6959	6960
P112,10	6961	6961
P168,10	6962	6963
P107,9	6964	6964
P73,10	6965	6965
P26,11	6966	6967
P120,9	6968	6969
P72,9	6970	6970
P177,11	6971	6972
P200,8	6973	6974
P167,10	6975	6976
P79,9	6977	6978
P98,11	6979	6980
P51,10	6981	6982
P128,9	6983	6984
P28,11	6985	6985
P47,11	6986	6987
P182,11	6988	6989
P172,11	6990	6991
P163,10	6992	6993
P96,9	6994	6995
P119,11	6996	6997
P193,9	6998	6998
P53,12	6999	7000
P135,10	7001	7002
P109,10	7003	7004
P68,10	7005	7006
P176,11	7007	7008
P147,8	7009	7010
P124,10	7011	7011
P178,8	7012	7012
P95,9	7013	7014
P108,9	7015	7016
P45,9	7017	7018
P77,11	7019	7020
P88,11	7021	7022
P127,9	7023	7024
P168,10	7025	7025
P199,9	7026	7027
P31,11	7028	7028
P26,11	7029	7030
P120,9	7031	7032
P177,11	7033	7033
P200,8	7034	7035
P167,10	7036	7036
P48,12	7037	7038
P79,9	7039	7040
P98,11	7041	7042
P162,9	7043	7044
P107,10	7045	7046
P128,9	7047	7048
P158,10	7049	7050
P84,11	7051	7051
P47,11	7052	7052
P118,11	7053	7054
P154,10	7055	7056
P182,11	7057	7058
P172,11	7059	7059
P96,9	7060	7061
P112,11	7062	7063
P73,11	7064	7065
P53,12	7066	7067
P135,10	7068	7069
P72,10	7070	7071
P109,10	7072	7073
P51,11	7074	7075
P68,10	7076	7077
P176,11	7078	7078
P147,8	7079	7079
P28,12	7080	7081
P108,9	7082	7083
P45,9	7084	7084
P119,12	7085	7086
P88,11	7087	7088
P127,9	7089	7090
P199,9	7091	7092
P26,11	7093	7093
P120,9	7094	7094
P193,10	7095	7096
P48,12	7097	7098
P79,9	7099	7100
P98,11	7101	7101
P162,9	7102	7103
P107,10	7104	7104
P158,10	7105	7106
P95,10	7107	7107
P77,12	7108	7108
P182,11	7109	7110
P168,11	7111	7112
P112,11	7113	7113
P73,11	7114	7115
P53,12	7116	7117
P135,10	7118	7119
P31,12	7120	7121
P109,10	7122	7123
P167,11	7124	7125
P118,12	7126	7127
P51,11	7128	7129
P68,10	7130	7130
P128,10	7131	7132
P28,12	7133	7133
P119,12	7134	7135
P88,11	7136	7136
P47,12	7137	7138
P96,10	7139	7140
P199,9	7141	7142
P193,10	7143	7144
P79,9	7145	7145
P162,9	7146	7147
P158,10	7148	7148
P84,12	7149	7150
P182,11	7151	7152
P172,12	7153	7154
P168,11	7155	7156
P45,10	7157	7158
P154,11	7159	7160
P73,11	7161	7161
P53,12	7162	7163
P176,12	7164	7165
P31,12	7166	7166
P109,10	7167	7167
P26,12	7168	7169
P167,11	7170	7171
P118,12	7172	7173
P108,10	7174	7174
P51,11	7175	7176
P128,10	7177	7178
P95,11	7179	7180
P127,10	7181	7182
P119,12	7183	7184
P47,12	7185	7186
P96,10	7187	7188
P193,10	7189	7190
P84,12	7191	7192
P135,11	7193	7194
P172,12	7195	7196
P88,12	7197	7198
P154,11	7199	7200
P176,12	7201	7202
P79,10	7203	7203
P26,12	7204	7205
P167,11	7206	7206
P118,12	7207	7208
P51,11	7209	7209
P128,10	7210	7211
P95,11	7212	7213
P127,10	7214	7214
P199,10	7215	7216
P119,12	7217	7218
P47,12	7219	7220
P96,10	7221	7222
P193,10	7223	7223
P84,12	7224	7225
P135,11	7226	7227
P109,11	7228	7229
P172,12	7230	7230
P88,12	7231	7232
P162,10	7233	7234
P154,11	7235	7236
P176,12	7237	7237
P158,11	7238	7239
P26,12	7240	7241
P182,12	7242	7242
P73,12	7243	7244
P128,10	7245	7245
P95,11	7246	7247
P199,10	7248	7249
P47,12	7250	7251
P84,12	7252	7252
P135,11	7253	7253
P108,11	7254	7254
P88,12	7255	7256
P162,10	7257	7258
P79,11	7259	7260
P26,12	7261	7262
P73,12	7263	7264
P162,10	7265	7266
P96,11	7267	7268
P193,11	7269	7270
P73,12	7271	7271
P162,10	7272	7272
P96,11	7273	7274
P193,11	7275	7276
P96,11	7277	7278
P128,11	7279	7280
P108,12	7281	7282
P96,11	7283	7283
P128,11	7284	7285
P108,12	7286	7287
P109,12	7288	7289
P128,11	7290	7291
P109,12	7292	7293
P154,12	7294	7294
P199,11	7295	7295
P109,12	7296	7297
P158,12	7298	7299
P109,12	7300	7300
P158,12	7301	7301
P79,12	7305	7309
P162,11	7312	7313
P135,12	7314	7315
P162,11	7316	7317
P135,12	7318	7319
P162,11	7320	7320
P135,12	7321	7321
P199,12	7322	7326
P96,12	7332	7335
