CPU0
P1,1	0	2
P2,1	3	4
P4,1	5	6
P3,1	7	8
P2,1	9	10
P3,1	11	12
P2,1	13	13
P6,1	14	20
P8,1	23	24
P10,1	27	28
P1,2	30	31
P12,1	33	38
P14,1	39	39
P12,1	40	41
P4,2	42	43
P17,1	44	45
P8,2	46	47
P2,2	48	49
P19,1	50	50
P17,1	51	52
P20,1	53	54
P7,2	55	55
P21,1	57	58
P1,3	59	60
P22,1	61	62
P21,1	63	64
P23,1	65	66
P21,1	67	68
P13,2	69	70
P3,2	71	72
P24,1	73	74
P10,2	75	76
P24,1	77	78
P3,2	79	79
P12,2	80	81
P25,1	82	83
P17,2	84	85
P27,1	86	87
P12,2	88	89
P16,2	90	91
P9,2	92	93
P26,1	94	95
P30,1	96	97
P11,2	98	98
P27,1	99	100
P12,2	101	101
P16,2	102	102
P32,1	103	104
P8,3	105	106
P26,1	107	108
P29,1	109	110
P31,1	111	112
P3,3	113	114
P27,1	115	116
P18,2	117	118
P32,1	119	120
P35,1	121	122
P8,3	123	124
P19,2	125	126
P20,2	127	128
P36,1	129	129
P10,3	130	130
P5,3	131	132
P33,1	133	134
P3,3	135	136
P2,3	137	137
P28,2	138	139
P6,3	140	141
P39,1	142	143
P11,3	144	145
P35,1	146	147
P41,1	148	149
P42,1	150	151
P43,1	152	153
P1,4	154	155
P14,3	156	157
P46,1	158	159
P37,1	160	160
P3,3	161	162
P47,1	163	164
P30,2	165	166
P28,2	167	168
P48,1	169	170
P39,1	171	172
P11,3	173	174
P12,3	175	176
P35,1	177	178
P41,1	179	180
P51,1	181	182
P15,3	183	184
P43,1	185	186
P1,4	187	187
P45,1	188	189
P14,3	190	191
P46,1	192	193
P26,2	194	195
P34,1	196	197
P54,1	198	199
P17,3	200	201
P16,3	202	202
P36,2	203	204
P13,3	205	205
P56,1	206	207
P6,3	208	209
P8,4	210	211
P11,3	212	212
P12,3	213	214
P29,2	215	216
P32,2	217	218
P37,2	219	220
P19,3	221	222
P51,1	223	224
P42,1	225	226
P15,3	227	228
P43,1	229	229
P2,4	230	231
P45,1	232	233
P62,1	234	235
P14,3	236	236
P63,1	237	238
P26,2	239	240
P65,1	241	242
P7,4	243	243
P27,2	244	245
P17,3	246	247
P49,2	248	249
P36,2	250	251
P28,2	252	253
P56,1	254	255
P24,3	256	257
P22,3	258	259
P8,4	260	261
P5,4	262	262
P70,1	263	264
P29,2	265	266
P41,1	267	268
P3,4	269	270
P10,4	271	272
P51,1	273	273
P72,1	274	275
P50,2	276	276
P20,3	277	278
P73,1	279	280
P74,1	281	282
P76,1	283	284
P61,1	285	286
P11,4	287	288
P45,1	289	290
P62,1	291	292
P23,3	293	294
P9,3	295	296
P65,1	297	298
P27,2	299	300
P33,2	301	302
P66,1	303	303
P67,1	304	305
P49,2	306	307
P36,2	308	309
P68,1	310	311
P16,4	312	313
P40,2	314	315
P56,1	316	317
P24,3	318	319
P84,1	320	321
P22,3	322	323
P8,4	324	325
P70,1	326	327
P29,2	328	329
P43,2	330	331
P86,1	332	333
P35,2	334	335
P3,4	336	337
P15,4	338	339
P46,2	340	341
P38,3	342	343
P88,1	344	345
P25,3	346	346
P28,3	347	348
P53,2	349	350
P89,1	351	351
P6,4	352	353
P75,1	354	355
P2,4	356	357
P61,1	358	359
P11,4	360	361
P26,3	362	363
P31,2	364	364
P91,1	365	366
P18,4	367	368
P92,1	369	370
P14,4	371	371
P79,1	372	373
P65,1	374	374
P94,1	375	375
P95,1	376	377
P57,2	378	378
P80,1	379	379
P41,2	380	381
P98,1	382	383
P34,2	384	385
P49,2	386	387
P100,1	388	388
P50,3	389	390
P47,2	391	392
P16,4	393	394
P102,1	395	395
P45,2	396	397
P83,1	398	398
P5,5	399	400
P13,4	401	401
P104,1	402	403
P106,1	404	405
P59,2	406	407
P107,1	408	409
P32,2	410	411
P109,1	412	413
P71,1	414	415
P37,3	416	417
P110,1	418	419
P15,4	420	421
P46,2	422	423
P40,3	424	425
P112,1	426	427
P88,1	428	429
P9,4	430	431
P114,1	432	433
P39,3	434	434
P73,1	435	435
P74,1	436	436
P75,1	437	438
P82,2	439	440
P60,2	441	442
P85,2	443	444
P11,4	445	445
P1,5	446	447
P48,3	448	449
P12,4	450	451
P36,3	452	453
P91,1	454	455
P44,2	456	457
P92,1	458	459
P119,1	460	461
P7,6	462	463
P89,2	464	465
P96,1	466	467
P121,1	468	469
P122,1	470	471
P98,1	472	473
P4,5	474	475
P29,3	476	477
P49,2	478	478
P123,1	479	480
P125,1	481	482
P68,1	483	484
P64,3	485	486
P127,1	487	488
P3,5	489	490
P65,2	491	492
P24,3	493	494
P103,1	495	495
P128,1	496	497
P84,1	498	498
P104,1	499	500
P106,1	501	502
P131,1	503	503
P132,1	504	505
P134,1	506	507
P108,1	508	509
P33,3	510	510
P76,2	511	512
P135,1	513	514
P136,1	515	516
P137,1	517	518
P34,3	519	520
P110,1	521	522
P15,4	523	524
P46,2	525	525
P140,1	526	527
P67,2	528	529
P23,4	530	531
P141,1	532	533
P72,1	534	534
P143,1	535	536
P57,3	537	538
P47,3	539	540
P9,4	541	542
P145,1	543	544
P83,2	545	546
P146,1	547	547
P100,2	548	549
P8,5	550	551
P75,1	552	552
P82,2	553	554
P60,2	555	556
P85,2	557	558
P148,1	559	560
P13,5	561	562
P26,3	563	563
P22,4	564	565
P150,1	566	567
P152,1	568	569
P117,1	570	570
P36,3	571	572
P70,2	573	574
P88,2	575	575
P153,1	576	577
P28,4	578	579
P92,1	580	581
P154,1	582	583
P93,1	584	585
P73,2	586	587
P95,1	588	589
P90,2	590	591
P121,1	592	593
P157,1	594	594
P158,1	595	595
P10,5	596	597
P159,1	598	599
P87,2	600	601
P162,1	602	603
P4,5	604	605
P11,5	606	607
P54,3	608	609
P69,2	610	611
P123,1	612	613
P53,3	614	615
P126,1	616	617
P164,1	618	619
P165,1	620	621
P20,4	622	623
P77,2	624	625
P7,7	626	627
P2,5	628	629
P166,1	630	630
P168,1	631	632
P45,2	633	634
P171,1	635	636
P52,3	637	638
P128,1	639	640
P14,5	641	642
P104,1	643	644
P106,1	645	646
P130,1	647	648
P132,1	649	650
P134,1	651	652
P6,5	653	653
P175,1	654	655
P79,2	656	657
P176,1	658	659
P118,2	660	661
P42,3	662	663
P177,1	664	665
P138,1	666	666
P178,1	667	668
P29,4	669	670
P49,3	671	672
P179,1	673	673
P180,1	674	675
P182,1	676	677
P103,2	678	679
P184,1	680	681
P185,1	682	682
P131,2	683	684
P186,1	685	686
P24,4	687	688
P94,2	689	690
P80,2	691	692
P47,3	693	694
P81,2	695	696
P9,4	697	697
P145,1	698	699
P56,2	700	701
P133,2	702	703
P189,1	704	705
P139,2	706	707
P100,2	708	709
P27,4	710	711
P58,4	712	713
P115,1	714	715
P82,2	716	717
P102,2	718	719
P60,2	720	720
P71,2	721	722
P35,3	723	724
P46,3	725	726
P194,1	727	728
P38,4	729	730
P196,1	731	732
P112,2	733	734
P197,1	735	736
P150,1	737	738
P199,1	739	740
P151,1	741	742
P152,1	743	744
P36,3	745	745
P5,7	746	747
P32,3	748	749
P146,2	750	751
P55,3	752	753
P154,1	754	755
P93,1	756	756
P73,2	757	758
P95,1	759	760
P116,2	761	762
P121,1	763	763
P156,1	764	765
P41,2	766	766
P10,5	767	768
P159,1	769	770
P70,3	771	772
P30,5	773	774
P162,1	775	776
P4,5	777	778
P85,3	779	780
P62,2	781	782
P54,3	783	784
P69,2	785	785
P63,4	786	787
P163,1	788	789
P126,1	790	791
P164,1	792	793
P165,1	794	795
P61,2	796	797
P120,2	798	799
P7,7	800	800
P2,5	801	802
P167,1	803	804
P168,1	805	806
P169,1	807	808
P153,2	809	810
P171,1	811	811
P52,3	812	813
P128,1	814	815
P14,5	816	817
P104,1	818	819
P51,3	820	821
P130,1	822	823
P74,3	824	825
P98,2	826	827
P134,1	828	828
P20,5	829	829
P43,4	830	831
P76,2	832	833
P176,1	834	835
P118,2	836	837
P42,3	838	839
P177,1	840	841
P170,2	842	843
P178,1	844	845
P29,4	846	847
P49,3	848	849
P111,1	850	850
P107,2	851	852
P181,1	853	854
P182,1	855	856
P103,2	857	858
P184,1	859	860
P131,2	861	862
P24,4	863	863
P106,2	864	865
P94,2	866	867
P105,2	868	869
P84,2	870	871
P145,1	872	873
P175,2	874	875
P140,2	876	877
P133,2	878	879
P189,1	880	881
P139,2	882	883
P100,2	884	885
P27,4	886	887
P108,2	888	889
P102,2	890	891
P186,2	892	893
P33,4	894	895
P23,5	896	897
P9,5	898	898
P148,1	899	900
P57,4	901	902
P47,4	903	904
P149,1	905	906
P112,2	907	908
P185,2	909	910
P198,1	911	912
P200,1	913	914
P5,7	915	916
P28,4	917	918
P146,2	919	919
P75,2	920	920
P40,4	921	922
P154,1	923	924
P67,4	925	926
P8,6	927	928
P22,5	929	929
P115,2	930	931
P116,2	932	933
P156,1	934	935
P26,4	936	937
P66,3	938	939
P196,2	940	941
P159,1	942	943
P147,2	944	945
P30,5	946	947
P4,5	948	948
P151,2	949	950
P62,2	951	952
P18,5	953	954
P155,2	955	956
P126,1	957	958
P164,1	959	959
P93,2	960	961
P13,6	962	963
P120,2	964	965
P121,2	966	967
P2,5	968	968
P87,3	969	970
P54,4	971	972
P123,2	973	974
P41,3	975	976
P11,6	977	978
P161,2	979	980
P153,2	981	981
P89,3	982	983
P99,2	984	985
P128,1	986	987
P69,3	988	989
P122,2	990	990
P158,2	991	992
P130,1	993	993
P50,4	994	995
P39,5	996	996
P98,2	997	998
P53,4	999	1000
P165,2	1001	1002
P63,5	1003	1004
P166,2	1005	1006
P118,2	1007	1008
P136,1	1009	1009
P7,8	1010	1010
P170,2	1011	1012
P178,1	1013	1014
P29,4	1015	1016
P3,6	1017	1018
P64,4	1019	1020
P107,2	1021	1022
P77,3	1023	1024
P181,1	1025	1026
P182,1	1027	1028
P173,2	1029	1030
P183,1	1031	1032
P184,1	1033	1034
P42,4	1035	1035
P124,2	1036	1037
P177,2	1038	1039
P143,1	1040	1040
P79,3	1041	1042
P105,2	1043	1043
P84,2	1044	1045
P145,1	1046	1046
P175,2	1047	1048
P179,2	1049	1050
P133,2	1051	1052
P190,1	1053	1054
P138,2	1055	1056
P27,4	1057	1058
P20,6	1059	1060
P186,2	1061	1062
P33,4	1063	1064
P23,5	1065	1066
P111,2	1067	1068
P148,1	1069	1070
P57,4	1071	1071
P195,1	1072	1073
P38,4	1074	1075
P94,3	1076	1077
P114,2	1078	1079
P80,3	1080	1081
P191,2	1082	1083
P56,3	1084	1085
P55,3	1086	1087
P81,3	1088	1089
P8,6	1090	1091
P65,4	1092	1093
P116,2	1094	1094
P83,3	1095	1096
P101,3	1097	1097
P66,3	1098	1099
P110,3	1100	1101
P149,2	1102	1103
P91,2	1104	1105
P159,1	1106	1107
P147,2	1108	1109
P162,1	1110	1110
P9,6	1111	1111
P150,2	1112	1112
P112,3	1113	1114
P192,3	1115	1116
P163,1	1117	1117
P28,5	1118	1119
P155,2	1120	1121
P5,8	1122	1123
P75,3	1124	1124
P93,2	1125	1125
P72,3	1126	1126
P15,7	1127	1128
P120,2	1129	1129
P21,6	1130	1131
P82,4	1132	1133
P167,1	1134	1135
P168,1	1136	1136
P157,2	1137	1138
P10,6	1139	1140
P11,6	1141	1142
P125,2	1143	1144
P92,3	1145	1146
P196,3	1147	1148
P126,2	1149	1150
P95,2	1151	1152
P69,3	1153	1154
P19,5	1155	1156
P50,4	1157	1157
P74,3	1158	1159
P98,2	1160	1160
P97,4	1161	1162
P53,4	1163	1164
P172,2	1165	1166
P2,6	1167	1168
P121,3	1169	1169
P132,2	1170	1171
P29,4	1172	1173
P3,6	1174	1175
P64,4	1176	1177
P180,1	1178	1179
P181,1	1180	1181
P31,4	1182	1182
P174,2	1183	1183
P41,4	1184	1185
P104,3	1186	1187
P183,1	1188	1188
P122,3	1189	1190
P63,6	1191	1192
P52,4	1193	1194
P124,2	1195	1195
P128,2	1196	1197
P160,3	1198	1199
P79,3	1200	1201
P137,2	1202	1202
P84,2	1203	1204
P175,2	1205	1206
P107,3	1207	1208
P130,2	1209	1210
P189,1	1211	1211
P190,1	1212	1213
P58,4	1214	1214
P20,6	1215	1215
P68,3	1216	1216
P141,2	1217	1218
P136,2	1219	1220
P23,5	1221	1222
P111,2	1223	1224
P182,2	1225	1226
P194,1	1227	1228
P103,3	1229	1230
P42,5	1231	1232
P185,2	1233	1234
P114,2	1235	1236
P135,3	1237	1238
P100,3	1239	1240
P108,3	1241	1241
P145,2	1242	1243
P81,3	1244	1245
P143,2	1246	1247
P117,2	1248	1249
P83,3	1250	1251
P26,4	1252	1253
P102,3	1254	1255
P110,3	1256	1257
P200,2	1258	1259
P197,2	1260	1261
P199,2	1262	1263
P70,3	1264	1265
P147,2	1266	1267
P57,5	1268	1269
P151,2	1270	1271
P112,3	1272	1273
P192,3	1274	1274
P8,7	1275	1276
P28,5	1277	1278
P116,3	1279	1280
P5,8	1281	1281
P47,5	1282	1283
P48,4	1284	1285
P113,3	1286	1287
P13,6	1288	1289
P82,4	1290	1291
P24,6	1292	1293
P66,4	1294	1294
P54,4	1295	1296
P91,3	1297	1298
P10,6	1299	1300
P86,4	1301	1302
P4,6	1303	1304
P125,2	1305	1306
P55,4	1307	1308
P75,4	1309	1310
P90,3	1311	1311
P196,3	1312	1313
P95,2	1314	1315
P69,3	1316	1316
P74,3	1317	1318
P164,2	1319	1320
P159,2	1321	1322
P127,2	1323	1324
P72,4	1325	1326
P150,3	1327	1328
P157,3	1329	1330
P161,3	1331	1332
P61,3	1333	1333
P3,6	1334	1334
P44,4	1335	1336
P64,4	1337	1337
P126,3	1338	1339
P51,4	1340	1341
P168,2	1342	1343
P104,3	1344	1345
P62,4	1346	1347
P122,3	1348	1349
P63,6	1350	1351
P39,6	1352	1353
P128,2	1354	1354
P165,3	1355	1355
P160,3	1356	1357
P79,3	1358	1359
P99,3	1360	1361
P45,4	1362	1363
P14,7	1364	1365
P107,3	1366	1367
P130,2	1368	1369
P29,5	1370	1370
P85,5	1371	1372
P170,3	1373	1374
P173,3	1375	1375
P131,3	1376	1376
P187,2	1377	1378
P23,5	1379	1379
P177,3	1380	1381
P182,2	1382	1383
P94,3	1384	1385
P185,2	1386	1387
P114,2	1388	1389
P124,3	1390	1391
P191,2	1392	1393
P190,2	1394	1395
P145,2	1396	1396
P68,4	1397	1398
P20,7	1399	1399
P46,4	1400	1401
P138,3	1402	1403
P38,5	1404	1404
P83,3	1405	1405
P140,3	1406	1407
P171,3	1408	1409
P27,5	1410	1411
P186,3	1412	1413
P149,2	1414	1415
P197,2	1416	1417
P144,2	1418	1418
P34,5	1419	1420
P108,4	1421	1422
P57,5	1423	1424
P71,4	1425	1426
P139,3	1427	1428
P193,2	1429	1430
P32,4	1431	1432
P81,4	1433	1434
P195,2	1435	1436
P47,5	1437	1438
P135,4	1439	1440
P67,5	1441	1442
P40,5	1443	1444
P65,5	1445	1446
P54,4	1447	1448
P117,3	1449	1450
P16,8	1451	1452
P146,3	1453	1453
P70,4	1454	1455
P147,3	1456	1457
P96,3	1458	1459
P115,3	1460	1461
P60,4	1462	1463
P48,5	1464	1465
P9,7	1466	1467
P155,3	1468	1469
P101,4	1470	1471
P92,3	1472	1472
P37,6	1473	1474
P119,3	1475	1476
P87,4	1477	1478
P88,4	1479	1480
P164,2	1481	1481
P10,7	1482	1483
P78,4	1484	1485
P163,2	1486	1487
P8,8	1488	1489
P150,3	1490	1491
P59,5	1492	1493
P132,2	1494	1494
P192,4	1495	1496
P123,3	1497	1498
P44,4	1499	1500
P113,4	1501	1502
P77,3	1503	1503
P1,7	1504	1505
P104,3	1506	1506
P90,4	1507	1508
P62,4	1509	1510
P82,5	1511	1512
P2,7	1513	1514
P19,6	1515	1516
P98,3	1517	1517
P49,4	1518	1519
P97,5	1520	1521
P169,3	1522	1523
P45,4	1524	1525
P14,7	1526	1527
P107,3	1528	1529
P118,3	1530	1531
P181,2	1532	1533
P180,2	1534	1535
P168,3	1536	1537
P17,6	1538	1538
P177,3	1539	1540
P182,2	1541	1542
P94,3	1543	1543
P176,3	1544	1545
P129,3	1546	1547
P114,2	1548	1549
P50,6	1550	1551
P124,3	1552	1553
P128,3	1554	1555
P76,4	1556	1557
P160,4	1558	1559
P190,2	1560	1561
P58,5	1562	1563
P52,5	1564	1565
P143,2	1566	1567
P138,3	1568	1568
P153,4	1569	1570
P131,4	1571	1572
P171,3	1573	1574
P185,3	1575	1576
P166,4	1577	1578
P186,3	1579	1579
P200,2	1580	1581
P179,3	1582	1583
P148,2	1584	1584
P57,5	1585	1586
P71,4	1587	1588
P145,3	1589	1590
P193,2	1591	1592
P32,4	1593	1594
P195,2	1595	1596
P141,4	1597	1598
P135,4	1599	1600
P40,5	1601	1601
P83,4	1602	1603
P80,4	1604	1605
P162,2	1606	1607
P20,8	1608	1608
P30,6	1609	1610
P110,4	1611	1612
P112,4	1613	1614
P144,3	1615	1616
P134,5	1617	1618
P96,3	1619	1620
P4,6	1621	1622
P12,6	1623	1624
P48,5	1625	1626
P18,6	1627	1628
P151,3	1629	1630
P55,4	1631	1631
P101,4	1632	1633
P196,3	1634	1635
P199,3	1636	1637
P119,3	1638	1638
P87,4	1639	1640
P88,4	1641	1642
P159,2	1643	1644
P116,4	1645	1646
P78,4	1647	1648
P125,3	1649	1650
P72,4	1651	1652
P172,2	1653	1653
P157,3	1654	1654
P59,5	1655	1656
P146,4	1657	1658
P26,6	1659	1660
P73,4	1661	1662
P123,3	1663	1663
P93,3	1664	1665
P126,3	1666	1667
P1,7	1668	1668
P89,4	1669	1670
P90,4	1671	1672
P122,3	1673	1673
P82,5	1674	1675
P63,6	1676	1677
P39,6	1678	1679
P69,4	1680	1681
P97,5	1682	1683
P169,3	1684	1685
P45,4	1686	1687
P92,4	1688	1689
P14,7	1690	1691
P95,3	1692	1693
P107,3	1694	1695
P25,6	1696	1697
P184,2	1698	1699
P44,5	1700	1701
P31,5	1702	1703
P53,5	1704	1705
P109,3	1706	1707
P178,2	1708	1708
P163,3	1709	1710
P188,2	1711	1712
P51,5	1713	1714
P50,6	1715	1716
P100,3	1717	1717
P128,3	1718	1719
P168,4	1720	1721
P173,4	1722	1723
P64,5	1724	1725
P68,4	1726	1727
P143,2	1728	1729
P170,4	1730	1731
P99,4	1732	1733
P98,4	1734	1735
P27,5	1736	1736
P166,4	1737	1738
P124,4	1739	1740
P57,5	1741	1742
P71,4	1743	1744
P33,6	1745	1745
P114,3	1746	1747
P193,2	1748	1748
P32,4	1749	1749
P176,4	1750	1751
P141,4	1752	1753
P135,4	1754	1755
P194,3	1756	1757
P191,3	1758	1759
P106,4	1760	1761
P102,4	1762	1763
P117,3	1764	1764
P133,4	1765	1766
P142,4	1767	1767
P110,4	1768	1769
P16,8	1770	1771
P70,4	1772	1772
P121,6	1773	1774
P134,5	1775	1776
P96,3	1777	1778
P148,3	1779	1780
P85,7	1781	1782
P35,6	1783	1784
P81,5	1785	1785
P151,3	1786	1787
P149,3	1788	1789
P101,4	1790	1790
P24,7	1791	1792
P139,4	1793	1794
P105,5	1795	1796
P91,4	1797	1798
P154,3	1799	1800
P159,2	1801	1801
P28,6	1802	1803
P78,4	1804	1805
P125,3	1806	1807
P47,6	1808	1809
P8,8	1810	1810
P48,6	1811	1812
P146,4	1813	1814
P192,4	1815	1816
P9,8	1817	1818
P73,4	1819	1820
P136,5	1821	1822
P126,3	1823	1823
P54,5	1824	1825
P158,3	1826	1826
P119,4	1827	1827
P88,5	1828	1829
P62,4	1830	1830
P75,5	1831	1832
P86,5	1833	1834
P127,3	1835	1835
P157,4	1836	1837
P113,5	1838	1839
P169,3	1840	1841
P92,4	1842	1842
P59,6	1843	1844
P14,7	1845	1845
P183,2	1846	1847
P164,3	1848	1849
P89,5	1850	1850
P11,8	1851	1852
P31,5	1853	1853
P109,3	1854	1855
P163,3	1856	1856
P129,3	1857	1858
P51,5	1859	1860
P50,6	1861	1862
P122,4	1863	1864
P168,4	1865	1866
P173,4	1867	1867
P107,4	1868	1869
P68,4	1870	1871
P177,4	1872	1873
P131,4	1874	1875
P99,4	1876	1877
P188,3	1878	1878
P98,4	1879	1880
P39,7	1881	1881
P166,4	1882	1883
P108,4	1884	1884
P130,3	1885	1885
P132,4	1886	1887
P71,4	1888	1888
P3,8	1889	1890
P187,3	1891	1892
P114,3	1893	1894
P176,4	1895	1896
P143,3	1897	1898
P184,3	1899	1900
P186,4	1901	1902
P64,6	1903	1904
P79,5	1905	1906
P138,4	1907	1908
P185,4	1909	1910
P57,6	1911	1912
P140,4	1913	1913
P30,6	1914	1915
P52,6	1916	1917
P152,3	1918	1919
P144,3	1920	1921
P49,6	1922	1923
P170,5	1924	1925
P115,3	1926	1926
P60,4	1927	1927
P29,7	1928	1929
P18,6	1930	1930
P117,4	1931	1932
P149,3	1933	1934
P20,9	1935	1936
P199,3	1937	1938
P139,4	1939	1939
P175,5	1940	1940
P193,3	1941	1942
P154,3	1943	1944
P111,5	1945	1946
P28,6	1947	1947
P197,4	1948	1949
P165,6	1950	1951
P102,5	1952	1953
P83,5	1954	1955
P194,4	1956	1957
P26,6	1958	1959
P101,5	1960	1961
P96,4	1962	1963
P159,3	1964	1965
P10,8	1966	1966
P72,5	1967	1968
P90,4	1969	1969
P81,6	1970	1971
P55,5	1972	1973
P2,7	1974	1974
P157,4	1975	1976
P113,5	1977	1978
P120,4	1979	1980
P151,4	1981	1982
P91,5	1983	1984
P93,4	1985	1986
P74,5	1987	1987
P8,9	1988	1989
P73,5	1990	1991
P53,5	1992	1992
P40,7	1993	1994
P156,4	1995	1996
P51,5	1997	1997
P150,4	1998	1998
P128,3	1999	1999
P136,6	2000	2001
P160,4	2002	2002
P66,6	2003	2004
P174,4	2005	2006
P107,4	2007	2008
P61,5	2009	2009
P177,4	2010	2011
P180,3	2012	2013
P19,7	2014	2015
P69,5	2016	2017
P63,7	2018	2019
P166,4	2020	2020
P183,3	2021	2022
P182,3	2023	2023
P132,4	2024	2025
P82,6	2026	2027
P86,6	2028	2029
P25,7	2030	2030
P104,5	2031	2032
P145,3	2033	2034
P94,4	2035	2035
P171,4	2036	2036
P141,4	2037	2037
P181,3	2038	2039
P92,5	2040	2041
P186,4	2042	2043
P189,4	2044	2045
P79,5	2046	2047
P172,4	2048	2049
P185,4	2050	2051
P163,4	2052	2053
P58,6	2054	2055
P52,6	2056	2056
P131,5	2057	2058
P167,4	2059	2060
P121,6	2061	2061
P68,5	2062	2063
P130,4	2064	2065
P29,7	2066	2067
P117,4	2068	2068
P188,4	2069	2070
P20,9	2071	2072
P71,5	2073	2074
P199,3	2075	2076
P193,3	2077	2078
P57,7	2079	2080
P111,5	2081	2082
P197,4	2083	2084
P106,5	2085	2086
P103,5	2087	2088
P84,5	2089	2089
P112,5	2090	2090
P83,5	2091	2092
P134,6	2093	2094
P146,4	2095	2096
P30,7	2097	2098
P196,4	2099	2099
P64,7	2100	2101
P96,4	2102	2103
P115,4	2104	2105
P28,7	2106	2107
P147,4	2108	2109
P81,6	2110	2111
P75,5	2112	2113
P47,7	2114	2115
P113,5	2116	2117
P120,4	2118	2119
P151,4	2120	2121
P18,7	2122	2123
P59,6	2124	2125
P175,6	2126	2127
P93,4	2128	2129
P70,6	2130	2131
P161,4	2132	2132
P78,5	2133	2133
P102,6	2134	2135
P90,5	2136	2137
P2,8	2138	2139
P136,6	2140	2141
P158,4	2142	2143
P74,6	2144	2145
P107,4	2146	2147
P14,8	2148	2149
P19,7	2150	2151
P69,5	2152	2153
P63,7	2154	2155
P10,9	2156	2157
P160,5	2158	2159
P77,5	2160	2161
P178,3	2162	2163
P173,5	2164	2165
P9,10	2166	2167
P37,8	2168	2169
P168,5	2170	2171
P187,3	2172	2173
P109,4	2174	2175
P114,3	2176	2176
P143,3	2177	2178
P181,3	2179	2179
P184,3	2180	2180
P92,5	2181	2181
P46,5	2182	2183
P126,5	2184	2185
P189,4	2186	2187
P79,5	2188	2189
P180,4	2190	2191
P185,4	2192	2192
P50,7	2193	2194
P58,6	2195	2196
P152,3	2197	2198
P61,6	2199	2200
P94,5	2201	2202
P49,6	2203	2203
P130,4	2204	2205
P29,7	2206	2207
P177,5	2208	2209
P190,4	2210	2211
P20,9	2212	2213
P162,3	2214	2215
P166,5	2216	2217
P108,5	2218	2219
P105,5	2220	2221
P57,7	2222	2222
P111,5	2223	2223
P106,5	2224	2225
P135,5	2226	2227
P200,4	2228	2229
P83,5	2230	2230
P171,5	2231	2232
P194,4	2233	2233
P121,7	2234	2235
P144,4	2236	2237
P149,4	2238	2238
P140,5	2239	2239
P96,4	2240	2241
P35,7	2242	2243
P115,4	2244	2245
P125,4	2246	2247
P72,5	2248	2249
P147,4	2250	2251
P103,6	2252	2252
P170,6	2253	2254
P148,4	2255	2256
P12,7	2257	2258
P85,9	2259	2260
P192,5	2261	2262
P48,7	2263	2264
P175,6	2265	2266
P93,4	2267	2267
P70,6	2268	2269
P73,5	2270	2270
P102,6	2271	2272
P195,5	2273	2274
P156,4	2275	2276
P120,5	2277	2278
P136,6	2279	2280
P112,6	2281	2282
P158,4	2283	2284
P155,5	2285	2286
P5,11	2287	2288
P107,4	2289	2290
P14,8	2291	2291
P142,6	2292	2293
P69,5	2294	2294
P55,6	2295	2296
P10,9	2297	2297
P129,4	2298	2298
P77,5	2299	2300
P82,6	2301	2302
P86,6	2303	2303
P37,8	2304	2305
P168,5	2306	2306
P104,5	2307	2308
P164,4	2309	2310
P63,8	2311	2312
P66,7	2313	2314
P51,6	2315	2316
P99,5	2317	2317
P123,5	2318	2319
P126,5	2320	2321
P189,4	2322	2323
P39,8	2324	2325
P127,5	2326	2327
P178,4	2328	2329
P163,4	2330	2330
P58,6	2331	2331
P137,5	2332	2333
P131,5	2334	2335
P61,6	2336	2337
P94,5	2338	2338
P130,4	2339	2340
P33,7	2341	2341
P188,4	2342	2343
P80,5	2344	2345
P114,4	2346	2347
P166,5	2348	2349
P25,8	2350	2351
P176,5	2352	2352
P106,5	2353	2354
P165,6	2355	2355
P145,4	2356	2357
P153,6	2358	2359
P134,6	2360	2361
P49,7	2362	2363
P181,4	2364	2365
P101,5	2366	2367
P154,4	2368	2369
P199,4	2370	2371
P115,4	2372	2373
P20,10	2374	2375
P172,5	2376	2377
P72,5	2378	2379
P152,4	2380	2381
P167,5	2382	2383
P191,5	2384	2385
P47,7	2386	2386
P23,9	2387	2388
P116,5	2389	2390
P85,9	2391	2392
P117,5	2393	2393
P175,6	2394	2394
P133,6	2395	2395
P30,8	2396	2397
P90,5	2398	2399
P156,4	2400	2400
P113,6	2401	2402
P103,7	2403	2404
P193,4	2405	2406
P26,7	2407	2408
P64,8	2409	2410
P155,5	2411	2412
P151,5	2413	2414
P121,8	2415	2416
P55,6	2417	2417
P96,5	2418	2419
P48,8	2420	2421
P59,7	2422	2423
P9,10	2424	2425
P136,7	2426	2427
P195,6	2428	2429
P18,8	2430	2431
P84,7	2432	2433
P119,6	2434	2434
P8,10	2435	2436
P14,9	2437	2438
P40,8	2439	2440
P69,6	2441	2442
P19,8	2443	2444
P150,5	2445	2446
P174,5	2447	2447
P118,5	2448	2448
P129,5	2449	2450
P45,6	2451	2452
P127,5	2453	2454
P146,6	2455	2456
P122,6	2457	2458
P2,9	2459	2460
P3,9	2461	2462
P183,4	2463	2464
P130,4	2465	2465
P31,7	2466	2467
P188,4	2468	2469
P186,5	2470	2470
P114,4	2471	2472
P98,6	2473	2474
P108,5	2475	2475
P25,8	2476	2477
P143,4	2478	2479
P135,5	2480	2480
P168,6	2481	2482
P200,4	2483	2483
P46,6	2484	2485
P62,7	2486	2487
P181,4	2488	2489
P162,4	2490	2491
P94,6	2492	2493
P199,4	2494	2495
P80,6	2496	2497
P176,6	2498	2499
P131,6	2500	2501
P163,5	2502	2503
P147,4	2504	2504
P167,5	2505	2506
P106,6	2507	2508
P148,4	2509	2510
P58,7	2511	2512
P85,9	2513	2514
P192,5	2515	2516
P149,5	2517	2518
P141,7	2519	2519
P113,6	2520	2520
P88,6	2521	2522
P103,7	2523	2524
P193,4	2525	2526
P101,6	2527	2528
P140,6	2529	2529
P64,8	2530	2530
P12,8	2531	2532
P110,6	2533	2533
P24,9	2534	2535
P191,6	2536	2537
P142,6	2538	2539
P105,7	2540	2541
P96,5	2542	2542
P133,7	2543	2544
P53,8	2545	2546
P59,7	2547	2548
P111,7	2549	2550
P9,10	2551	2551
P136,7	2552	2553
P18,8	2554	2555
P68,7	2556	2557
P84,7	2558	2559
P117,6	2560	2561
P14,9	2562	2563
P40,8	2564	2565
P69,6	2566	2567
P19,8	2568	2569
P161,5	2570	2570
P90,6	2571	2572
P175,7	2573	2574
P128,5	2575	2576
P173,6	2577	2578
P86,7	2579	2580
P75,7	2581	2582
P95,5	2583	2584
P61,6	2585	2585
P31,7	2586	2587
P150,6	2588	2589
P37,9	2590	2590
P107,5	2591	2592
P39,9	2593	2594
P25,8	2595	2596
P66,8	2597	2597
P79,6	2598	2599
P145,4	2600	2601
P118,6	2602	2602
P180,5	2603	2603
P49,7	2604	2605
P186,6	2606	2607
P162,4	2608	2609
P127,6	2610	2611
P35,7	2612	2613
P80,6	2614	2615
P132,6	2616	2616
P172,5	2617	2617
P163,5	2618	2619
P152,4	2620	2621
P108,6	2622	2623
P100,5	2624	2625
P58,7	2626	2627
P184,5	2628	2629
P137,6	2630	2631
P149,5	2632	2633
P130,5	2634	2635
P88,6	2636	2637
P193,4	2638	2639
P101,6	2640	2641
P165,7	2642	2643
P190,6	2644	2645
P115,5	2646	2647
P147,5	2648	2649
P24,9	2650	2650
P151,5	2651	2652
P57,9	2653	2654
P91,6	2655	2656
P133,7	2657	2658
P53,8	2659	2660
P59,7	2661	2662
P199,5	2663	2664
P111,7	2665	2665
P103,8	2666	2667
P136,7	2668	2669
P195,6	2670	2671
P81,8	2672	2673
P84,7	2674	2675
P8,10	2676	2677
P14,9	2678	2679
P148,5	2680	2681
P192,6	2682	2683
P19,8	2684	2684
P142,7	2685	2686
P90,6	2687	2688
P175,7	2689	2690
P146,6	2691	2691
P173,6	2692	2692
P86,7	2693	2694
P64,9	2695	2696
P3,9	2697	2698
P183,4	2699	2700
P187,4	2701	2702
P150,6	2703	2704
P174,6	2705	2706
P114,4	2707	2708
P55,7	2709	2710
P143,4	2711	2712
P79,6	2713	2714
P77,6	2715	2716
P61,7	2717	2718
P127,6	2719	2720
P131,6	2721	2722
P98,7	2723	2724
P152,4	2725	2725
P128,6	2726	2727
P178,5	2728	2729
P123,6	2730	2731
P66,9	2732	2732
P58,7	2733	2734
P168,7	2735	2736
P62,8	2737	2738
P171,6	2739	2739
P130,5	2740	2740
P88,6	2741	2742
P177,7	2743	2744
P166,6	2745	2746
P138,6	2747	2748
P37,10	2749	2750
P190,6	2751	2752
P176,7	2753	2754
P147,5	2755	2756
P30,9	2757	2758
P105,7	2759	2760
P23,10	2761	2762
P133,7	2763	2763
P53,8	2764	2765
P118,7	2766	2767
P49,8	2768	2769
P85,10	2770	2770
P199,5	2771	2772
P162,5	2773	2774
P102,7	2775	2776
P135,7	2777	2778
P81,8	2779	2779
P144,6	2780	2781
P91,7	2782	2783
P113,7	2784	2785
P14,9	2786	2787
P93,5	2788	2788
P101,7	2789	2790
P96,6	2791	2792
P129,5	2793	2793
P78,7	2794	2794
P175,7	2795	2795
P111,8	2796	2796
P24,10	2797	2798
P86,7	2799	2800
P112,7	2801	2801
P26,8	2802	2803
P195,7	2804	2805
P70,8	2806	2807
P107,5	2808	2808
P39,9	2809	2809
P136,8	2810	2811
P158,6	2812	2813
P79,6	2814	2815
P159,6	2816	2817
P148,6	2818	2819
P98,7	2820	2821
P128,6	2822	2823
P178,5	2824	2825
P200,5	2826	2827
P58,7	2828	2829
P45,7	2830	2831
P183,5	2832	2832
P137,6	2833	2834
P72,6	2835	2836
P35,8	2837	2837
P19,9	2838	2839
P177,7	2840	2841
P174,7	2842	2843
P185,6	2844	2845
P37,10	2846	2847
P132,7	2848	2849
P73,8	2850	2851
P66,10	2852	2853
P3,10	2854	2855
P182,6	2856	2857
P23,10	2858	2859
P53,8	2860	2860
P118,7	2861	2862
P100,6	2863	2864
P49,8	2865	2866
P172,6	2867	2868
P199,5	2869	2870
P162,5	2871	2872
P120,6	2873	2873
P144,6	2874	2875
P25,10	2876	2876
P91,7	2877	2878
P151,6	2879	2880
P109,7	2881	2881
P142,7	2882	2883
P190,7	2884	2885
P167,7	2886	2887
P171,7	2888	2889
P176,8	2890	2891
P26,8	2892	2893
P70,8	2894	2895
P147,6	2896	2897
P48,9	2898	2899
P61,7	2900	2901
P159,6	2902	2903
P98,7	2904	2905
P64,10	2906	2907
P90,7	2908	2909
P69,7	2910	2911
P116,8	2912	2912
P200,5	2913	2913
P40,9	2914	2915
P84,8	2916	2917
P8,11	2918	2919
P81,9	2920	2921
P127,7	2922	2923
P114,5	2924	2925
P37,10	2926	2927
P143,5	2928	2929
P181,5	2930	2931
P78,8	2932	2933
P123,7	2934	2935
P163,6	2936	2937
P3,10	2938	2939
P30,9	2940	2941
P187,5	2942	2943
P58,8	2944	2945
P55,8	2946	2946
P23,10	2947	2948
P77,7	2949	2950
P88,7	2951	2952
P49,8	2953	2954
P199,5	2955	2956
P162,5	2957	2958
P144,6	2959	2959
P146,8	2960	2961
P113,7	2962	2962
P72,7	2963	2964
P101,7	2965	2966
P184,6	2967	2968
P80,8	2969	2970
P167,7	2971	2972
P137,7	2973	2974
P176,8	2975	2975
P182,7	2976	2977
P166,7	2978	2979
P26,8	2980	2981
P120,7	2982	2983
P185,7	2984	2985
P100,7	2986	2987
P68,8	2988	2989
P148,6	2990	2991
P128,6	2992	2993
P178,5	2994	2995
P57,11	2996	2997
P96,7	2998	2999
P84,8	3000	3001
P193,6	3002	3003
P109,8	3004	3005
P95,6	3006	3007
P127,7	3008	3009
P103,9	3010	3011
P78,8	3012	3013
P171,8	3014	3014
P158,7	3015	3016
P195,8	3017	3017
P3,10	3018	3019
P119,9	3020	3021
P107,6	3022	3023
P161,7	3024	3025
P58,8	3026	3027
P175,9	3028	3028
P136,9	3029	3030
P154,6	3031	3032
P77,7	3033	3034
P79,7	3035	3036
P49,8	3037	3038
P14,11	3039	3040
P86,9	3041	3042
P162,5	3043	3043
P152,5	3044	3045
P93,7	3046	3047
P28,9	3048	3048
P72,7	3049	3050
P184,6	3051	3052
P190,7	3053	3053
P181,6	3054	3055
P35,9	3056	3057
P166,7	3058	3059
P70,8	3060	3060
P132,8	3061	3062
P31,9	3063	3064
P147,6	3065	3066
P135,8	3067	3068
P199,6	3069	3070
P149,7	3071	3072
P57,11	3073	3074
P30,10	3075	3076
P182,8	3077	3078
P45,7	3079	3080
P172,7	3081	3081
P47,10	3082	3083
P53,9	3084	3084
P109,8	3085	3086
P95,6	3087	3087
P127,7	3088	3089
P103,9	3090	3090
P73,8	3091	3091
P130,7	3092	3092
P158,7	3093	3094
P142,8	3095	3095
P108,7	3096	3097
P133,9	3098	3098
P187,5	3099	3100
P98,8	3101	3102
P200,6	3103	3104
P37,11	3105	3106
P69,9	3107	3108
P128,7	3109	3110
P77,7	3111	3112
P148,7	3113	3113
P168,8	3114	3115
P117,8	3116	3117
P86,9	3118	3119
P171,9	3120	3121
P195,9	3122	3123
P72,7	3124	3125
P184,6	3126	3127
P181,6	3128	3129
P35,9	3130	3131
P3,11	3132	3132
P132,8	3133	3134
P162,6	3135	3136
P31,9	3137	3138
P147,6	3139	3140
P135,8	3141	3142
P68,8	3143	3144
P55,9	3145	3146
P30,10	3147	3147
P167,8	3148	3149
P182,8	3150	3151
P51,9	3152	3153
P111,11	3154	3154
P109,8	3155	3156
P28,10	3157	3158
P101,8	3159	3159
P163,8	3160	3161
P161,7	3162	3163
P200,6	3164	3165
P193,7	3166	3167
P136,9	3168	3169
P128,7	3170	3171
P70,9	3172	3173
P103,10	3174	3175
P79,7	3176	3176
P159,7	3177	3177
P86,9	3178	3179
P140,9	3180	3181
P93,7	3182	3183
P192,8	3184	3185
P72,7	3186	3186
P95,7	3187	3188
P130,8	3189	3190
P158,8	3191	3192
P181,6	3193	3194
P88,8	3195	3196
P123,8	3197	3198
P132,8	3199	3200
P107,7	3201	3202
P188,7	3203	3204
P112,9	3205	3206
P135,8	3207	3207
P199,6	3208	3208
P55,9	3209	3209
P49,9	3210	3211
P77,8	3212	3212
P176,9	3213	3214
P96,7	3215	3216
P116,10	3217	3218
P47,10	3219	3220
P28,10	3221	3222
P145,7	3223	3224
P137,8	3225	3226
P200,6	3227	3227
P152,6	3228	3229
P193,7	3230	3231
P136,9	3232	3232
P53,10	3233	3234
P100,8	3235	3236
P103,10	3237	3238
P35,10	3239	3240
P101,9	3241	3242
P81,10	3243	3244
P120,8	3245	3246
P127,8	3247	3248
P130,8	3249	3250
P149,8	3251	3252
P158,8	3253	3254
P178,6	3255	3256
P88,8	3257	3257
P172,8	3258	3259
P68,9	3260	3261
P132,8	3262	3263
P26,10	3264	3265
P140,10	3266	3267
P98,9	3268	3269
P119,10	3270	3271
P167,8	3272	3273
P182,8	3274	3274
P116,10	3275	3275
P47,10	3276	3276
P72,8	3277	3277
P190,8	3278	3279
P163,8	3280	3281
P48,10	3282	3282
P135,9	3283	3284
P148,8	3285	3286
P128,7	3287	3287
P96,8	3288	3289
P162,7	3290	3291
P73,9	3292	3293
P192,9	3294	3294
P146,9	3295	3296
P195,9	3297	3297
P184,7	3298	3299
P81,10	3300	3301
P185,8	3302	3303
P84,9	3304	3305
P175,11	3306	3307
P149,8	3308	3309
P158,8	3310	3311
P159,8	3312	3313
P172,8	3314	3315
P68,9	3316	3317
P187,6	3318	3319
P101,10	3320	3320
P79,8	3321	3322
P98,9	3323	3324
P119,10	3325	3325
P154,7	3326	3327
P167,8	3328	3329
P95,8	3330	3331
P109,9	3332	3333
P168,9	3334	3335
P86,10	3336	3337
P147,7	3338	3339
P148,8	3340	3340
P55,10	3341	3341
P31,10	3342	3342
P162,7	3343	3344
P45,9	3345	3346
P51,10	3347	3348
P107,8	3349	3350
P120,8	3351	3352
P127,8	3353	3354
P175,11	3355	3356
P128,8	3357	3358
P158,8	3359	3359
P108,8	3360	3360
P123,8	3361	3361
P132,9	3362	3363
P47,11	3364	3365
P48,11	3366	3367
P79,8	3368	3369
P145,8	3370	3370
P112,9	3371	3372
P154,7	3373	3374
P35,11	3375	3376
P133,10	3377	3378
P178,7	3379	3380
P168,9	3381	3382
P72,9	3383	3384
P135,9	3385	3386
P84,10	3387	3388
P147,7	3389	3390
P53,11	3391	3392
P146,10	3393	3394
P124,9	3395	3396
P51,10	3397	3398
P88,9	3399	3399
P185,8	3400	3400
P127,8	3401	3401
P175,11	3402	3402
P128,8	3403	3404
P57,12	3405	3405
P81,11	3406	3406
P119,11	3407	3408
P47,11	3409	3410
P48,11	3411	3412
P177,10	3413	3414
P118,10	3415	3416
P200,7	3417	3417
P95,8	3418	3419
P109,9	3420	3421
P168,9	3422	3423
P135,9	3424	3424
P158,9	3425	3426
P193,8	3427	3427
P53,11	3428	3429
P162,7	3430	3430
P51,10	3431	3432
P184,8	3433	3434
P199,7	3435	3436
P101,11	3437	3438
P108,9	3439	3440
P119,11	3441	3442
P163,9	3443	3444
P96,9	3445	3446
P154,8	3447	3448
P167,9	3449	3450
P109,9	3451	3452
P72,9	3453	3453
P147,8	3454	3455
P158,9	3456	3457
P127,9	3458	3459
P172,10	3460	3460
P45,9	3461	3461
P178,8	3462	3463
P184,8	3464	3465
P124,10	3466	3467
P28,12	3468	3468
P128,9	3469	3470
P47,11	3471	3471
P79,9	3472	3473
P96,9	3474	3475
P118,10	3476	3477
P135,10	3478	3479
P86,11	3480	3480
P51,11	3481	3482
P48,12	3483	3484
P148,9	3485	3486
P81,12	3487	3487
P184,8	3488	3489
P124,10	3490	3491
P162,8	3492	3493
P119,11	3494	3495
P193,9	3496	3497
P200,8	3498	3499
P31,12	3500	3501
P120,9	3502	3503
P107,9	3504	3504
P135,10	3505	3506
P172,11	3507	3508
P168,10	3509	3510
P98,11	3511	3512
P53,12	3513	3514
P77,11	3515	3516
P148,9	3517	3518
P199,8	3519	3519
P167,10	3520	3521
P45,10	3522	3523
P108,9	3524	3525
P177,11	3526	3527
P193,9	3528	3529
P200,8	3530	3531
P109,10	3532	3533
P120,9	3534	3535
P68,10	3536	3536
P88,11	3537	3538
P147,8	3539	3539
P47,12	3540	3541
P51,11	3542	3543
P53,12	3544	3545
P119,12	3546	3547
P167,10	3548	3549
P112,11	3550	3551
P177,11	3552	3553
P193,9	3554	3554
P200,8	3555	3556
P96,10	3557	3558
P182,11	3559	3560
P120,9	3561	3561
P95,10	3562	3562
P88,11	3563	3564
P168,10	3565	3565
P158,10	3566	3567
P51,11	3568	3568
P53,12	3569	3570
P154,10	3571	3572
P167,10	3573	3573
P112,11	3574	3574
P118,11	3575	3576
P128,10	3577	3578
P109,10	3579	3580
P176,11	3581	3581
P88,11	3582	3582
P47,12	3583	3584
P162,9	3585	3586
P119,12	3587	3588
P79,10	3589	3589
P26,12	3590	3591
P96,10	3592	3593
P47,12	3594	3595
P162,9	3596	3597
P95,11	3598	3599
P127,10	3600	3601
P128,10	3602	3603
P135,11	3604	3605
P95,11	3606	3607
P168,11	3608	3609
P84,12	3610	3611
P135,11	3612	3613
P88,12	3614	3615
P168,11	3616	3617
P84,12	3618	3619
P135,11	3620	3620
P88,12	3621	3622
P84,12	3623	3624
P73,12	3625	3626
P88,12	3627	3628
P84,12	3629	3629
P73,12	3630	3631
P176,12	3632	3633
P96,11	3634	3635
P154,11	3636	3637
P96,11	3638	3639
P172,12	3640	3641
P108,11	3642	3642
P96,11	3643	3643
P128,11	3645	3648
P199,10	3650	3653
P162,10	3654	3658
P193,11	3660	3663
P108,12	3666	3669
P79,12	3676	3679
P135,12	3680	3684
P109,12	3685	3687
P96,12	3692	3695
P199,11	3696	3696
P162,11	3698	3702
P158,12	3712	3714
P199,12	3723	3727
CPU1
P3,1	3	4
P2,1	5	6
P4,1	7	8
P5,1	9	10
P4,1	11	12
P5,1	13	17
P7,1	19	19
P9,1	24	24
P11,1	31	33
P13,1	36	39
P15,1	40	41
P13,1	42	42
P16,1	43	43
P2,2	44	45
P17,1	46	47
P18,1	48	49
P8,2	50	50
P18,1	51	51
P7,2	52	53
P17,1	54	54
P20,1	55	56
P21,1	59	60
P5,2	61	62
P22,1	63	64
P13,2	65	66
P23,1	67	68
P24,1	69	70
P14,2	71	71
P10,2	72	73
P3,2	74	75
P25,1	76	77
P6,2	78	78
P15,2	79	80
P16,2	81	82
P9,2	83	84
P26,1	85	86
P15,2	87	88
P18,2	89	90
P28,1	91	92
P17,2	93	94
P29,1	95	96
P31,1	97	98
P15,2	99	100
P18,2	101	102
P9,2	103	104
P17,2	105	106
P4,3	107	108
P30,1	109	109
P22,2	110	111
P33,1	112	113
P34,1	114	115
P2,3	116	117
P6,3	118	119
P9,2	120	121
P23,2	122	123
P17,2	124	124
P7,3	125	126
P4,3	127	128
P1,4	129	130
P22,2	131	132
P37,1	133	134
P34,1	135	136
P38,1	137	137
P13,3	138	139
P32,1	140	141
P21,2	142	142
P25,2	143	144
P12,3	145	146
P40,1	147	148
P23,2	149	150
P7,3	151	152
P44,1	153	154
P45,1	155	156
P22,2	157	158
P33,1	159	160
P34,1	161	162
P24,2	163	164
P16,3	165	166
P13,3	167	168
P6,3	169	170
P25,2	171	172
P49,1	173	174
P50,1	175	175
P29,2	176	177
P40,1	178	179
P23,2	180	181
P42,1	182	183
P20,3	184	185
P52,1	186	187
P31,2	188	189
P9,3	190	191
P53,1	192	192
P33,1	193	193
P3,3	194	195
P47,1	196	197
P27,2	198	199
P38,2	200	200
P30,2	201	201
P55,1	202	203
P28,2	204	205
P18,3	206	207
P39,1	208	209
P57,1	210	211
P5,4	212	213
P4,4	214	215
P35,1	216	217
P58,1	218	218
P41,1	219	220
P10,4	221	222
P59,1	223	224
P60,1	225	226
P20,3	227	228
P52,1	229	229
P61,1	230	231
P31,2	232	233
P44,2	234	235
P9,3	236	237
P46,1	238	239
P64,1	240	241
P21,3	242	242
P54,1	243	244
P66,1	245	246
P67,1	247	248
P55,1	249	250
P68,1	251	252
P40,2	253	254
P18,3	255	256
P69,1	257	258
P48,2	259	260
P57,1	261	261
P12,3	262	262
P4,4	263	264
P32,2	265	266
P71,1	267	268
P19,3	269	270
P38,3	271	272
P59,1	273	274
P42,1	275	275
P25,3	276	277
P53,2	278	279
P6,4	280	281
P75,1	282	283
P2,4	284	285
P77,1	286	287
P1,5	288	289
P31,2	290	291
P44,2	292	293
P78,1	294	295
P79,1	296	297
P54,1	298	299
P80,1	300	301
P30,3	302	303
P34,2	304	305
P55,1	306	307
P81,1	308	309
P47,2	310	311
P58,2	312	313
P39,2	314	315
P82,1	316	317
P83,1	318	319
P13,4	320	321
P48,2	322	323
P21,4	324	324
P85,1	325	326
P4,4	327	328
P32,2	329	330
P63,2	331	331
P71,1	332	333
P37,3	334	335
P19,3	336	337
P87,1	338	339
P10,4	340	341
P52,2	342	342
P72,1	343	344
P7,5	345	345
P64,2	346	347
P20,3	348	349
P73,1	350	351
P74,1	352	353
P76,1	354	355
P90,1	356	356
P60,2	357	358
P77,1	359	360
P1,5	361	362
P12,4	363	364
P62,1	365	366
P44,2	367	368
P23,3	369	369
P78,1	370	371
P17,4	372	373
P93,1	374	375
P96,1	376	377
P42,2	378	379
P97,1	380	381
P51,2	382	383
P99,1	384	385
P69,2	386	387
P81,1	388	389
P68,1	390	391
P101,1	392	393
P58,2	394	394
P56,1	395	395
P24,3	396	397
P103,1	398	399
P84,1	400	401
P105,1	402	403
P22,3	404	404
P8,4	405	405
P70,1	406	407
P108,1	408	409
P33,3	410	411
P86,1	412	413
P35,2	414	415
P27,3	416	417
P19,3	418	419
P111,1	420	421
P10,4	422	422
P67,2	423	424
P38,3	425	426
P72,1	427	428
P113,1	429	430
P28,3	431	432
P54,2	433	433
P53,2	434	434
P63,3	435	435
P115,1	436	437
P55,2	438	438
P2,4	439	440
P116,1	441	441
P66,2	442	442
P61,1	443	443
P77,1	444	444
P30,4	445	446
P26,3	447	448
P43,3	449	450
P117,1	451	452
P21,5	453	454
P18,4	455	456
P118,1	457	457
P78,1	458	459
P120,1	460	460
P17,4	461	462
P93,1	463	464
P95,1	465	466
P90,2	467	468
P41,2	469	470
P87,2	471	472
P51,2	473	473
P99,1	474	475
P62,2	476	477
P69,2	478	479
P124,1	480	480
P50,3	481	481
P126,1	482	483
P25,4	484	485
P20,4	486	487
P16,4	488	489
P31,3	490	491
P45,2	492	493
P52,3	494	495
P129,1	496	497
P14,5	498	499
P105,1	500	501
P130,1	502	503
P133,1	504	505
P107,1	506	507
P6,5	508	509
P79,2	510	511
P109,1	512	513
P42,3	514	515
P71,1	516	516
P138,1	517	518
P37,3	519	519
P27,3	520	521
P139,1	522	523
P111,1	524	525
P58,3	526	526
P5,6	527	527
P40,3	528	529
P38,3	530	530
P112,1	531	532
P142,1	533	534
P94,2	535	536
P80,2	537	538
P113,1	539	539
P81,2	540	541
P144,1	542	543
P56,2	544	545
P114,1	546	547
P97,2	548	548
P101,2	549	550
P115,1	551	552
P147,1	553	553
P102,2	554	555
P86,2	556	557
P35,3	558	559
P30,4	560	560
P149,1	561	562
P48,3	563	564
P12,4	565	566
P151,1	567	568
P59,3	569	570
P21,5	571	572
P91,1	573	574
P18,4	575	576
P32,3	577	578
P55,3	579	580
P78,1	581	581
P119,1	582	583
P155,1	584	585
P89,2	586	587
P96,1	588	589
P116,2	590	591
P156,1	592	593
P41,2	594	595
P66,3	596	597
P160,1	598	598
P161,1	599	600
P98,1	601	601
P19,4	602	603
P99,1	604	605
P62,2	606	607
P74,2	608	609
P63,4	610	611
P163,1	612	613
P125,1	614	615
P39,4	616	617
P25,4	618	619
P64,3	620	620
P61,2	621	622
P127,1	623	623
P120,2	624	625
P16,4	626	626
P3,5	627	628
P31,3	629	629
P167,1	630	631
P169,1	632	633
P170,1	634	634
P172,1	635	636
P1,6	637	638
P129,1	639	640
P173,1	641	642
P122,2	643	644
P51,3	645	646
P50,4	647	648
P174,1	649	650
P107,1	651	651
P44,3	652	653
P43,4	654	655
P76,2	656	657
P109,1	658	659
P135,1	660	661
P136,1	662	663
P137,1	664	665
P34,3	666	667
P17,5	668	669
P68,2	670	671
P111,1	672	673
P181,1	674	675
P140,1	676	677
P183,1	678	679
P23,4	680	681
P141,1	682	683
P142,1	684	685
P124,2	686	687
P143,1	688	689
P57,3	690	690
P187,1	691	692
P105,2	693	694
P84,2	695	696
P144,1	697	698
P188,1	699	700
P83,2	701	702
P114,1	703	704
P190,1	705	706
P67,3	707	708
P65,3	709	710
P101,2	711	712
P108,2	713	714
P191,1	715	716
P192,1	717	718
P110,2	719	720
P86,2	721	721
P33,4	722	723
P193,1	724	725
P148,1	726	727
P195,1	728	729
P149,1	730	731
P48,3	732	733
P22,4	734	734
P12,4	735	735
P15,5	736	737
P198,1	738	739
P37,4	740	740
P200,1	741	742
P59,3	743	744
P91,1	745	745
P18,4	746	747
P28,4	748	749
P75,2	750	751
P40,4	752	753
P113,2	754	755
P155,1	756	756
P8,6	757	758
P96,1	759	759
P90,2	760	761
P117,2	762	763
P72,2	764	765
P26,4	766	767
P66,3	768	769
P161,1	770	771
P147,2	772	773
P78,2	774	774
P19,4	775	776
P99,1	777	778
P97,3	779	779
P11,5	780	781
P92,2	782	783
P88,3	784	785
P123,1	786	787
P53,3	788	788
P125,1	789	789
P39,4	790	791
P25,4	792	793
P13,6	794	795
P77,2	796	797
P21,6	798	799
P119,2	800	801
P87,3	802	803
P160,2	804	805
P157,2	806	807
P45,2	808	808
P89,3	809	810
P172,1	811	812
P1,6	813	814
P129,1	815	815
P173,1	816	817
P122,2	818	819
P158,2	820	821
P50,4	822	823
P132,1	824	824
P174,1	825	826
P127,2	827	828
P44,3	829	830
P79,2	831	832
P166,2	833	834
P109,1	835	836
P135,1	837	837
P136,1	838	839
P137,1	840	841
P34,3	842	843
P17,5	844	845
P68,2	846	847
P3,6	848	849
P64,4	850	851
P180,1	852	853
P31,4	854	855
P16,5	856	856
P183,1	857	858
P141,1	859	860
P142,1	861	861
P124,2	862	863
P143,1	864	865
P80,2	866	866
P187,1	867	868
P81,2	869	870
P144,1	871	872
P188,1	873	874
P179,2	875	876
P83,2	877	878
P114,1	879	880
P190,1	881	882
P138,2	883	884
P65,3	885	886
P58,4	887	888
P191,1	889	890
P110,2	891	892
P71,2	893	893
P35,3	894	895
P193,1	896	897
P46,3	898	899
P194,1	900	901
P195,1	902	903
P38,4	904	905
P48,3	906	906
P197,1	907	908
P150,1	909	910
P199,1	911	912
P82,3	913	913
P152,1	914	915
P32,3	916	917
P56,3	918	919
P55,3	920	921
P12,5	922	923
P113,2	924	925
P73,2	926	926
P192,2	927	927
P60,3	928	929
P90,2	930	931
P117,2	932	933
P101,3	934	935
P10,5	936	936
P15,6	937	938
P86,3	939	940
P91,2	941	942
P70,3	943	944
P37,5	945	946
P162,1	947	948
P85,3	949	950
P88,3	951	952
P163,1	953	954
P59,4	955	956
P96,2	957	958
P78,3	959	960
P72,3	961	962
P61,2	963	963
P21,6	964	965
P119,2	966	967
P36,4	968	969
P167,1	970	971
P168,1	972	973
P157,2	974	975
P169,1	976	977
P125,2	978	979
P92,3	980	981
P172,1	982	983
P1,6	984	985
P95,2	986	987
P14,5	988	989
P51,3	990	991
P19,5	992	993
P74,3	994	995
P25,5	996	997
P97,4	998	999
P127,2	1000	1001
P43,4	1002	1003
P76,2	1004	1004
P176,1	1005	1006
P104,2	1007	1008
P137,1	1009	1010
P34,3	1011	1011
P132,2	1012	1013
P17,5	1014	1014
P68,2	1015	1015
P49,3	1016	1017
P44,4	1018	1019
P129,2	1020	1021
P180,1	1022	1023
P45,3	1024	1025
P31,4	1026	1027
P174,2	1028	1029
P109,2	1030	1031
P134,2	1032	1033
P141,1	1034	1034
P52,4	1035	1036
P160,3	1037	1038
P106,2	1039	1040
P187,1	1041	1042
P171,2	1043	1044
P144,1	1045	1045
P188,1	1046	1047
P135,2	1048	1049
P140,2	1050	1050
P189,1	1051	1052
P139,2	1053	1054
P100,2	1055	1056
P58,4	1057	1058
P108,2	1059	1059
P16,6	1060	1061
P131,3	1062	1063
P35,3	1064	1064
P193,1	1065	1066
P142,2	1067	1067
P46,3	1068	1069
P194,1	1070	1071
P47,4	1072	1073
P103,3	1074	1075
P185,2	1076	1077
P198,1	1078	1078
P71,3	1079	1080
P200,1	1081	1081
P152,1	1082	1082
P32,3	1083	1084
P24,5	1085	1085
P40,4	1086	1087
P12,5	1088	1088
P113,2	1089	1089
P60,3	1090	1091
P115,2	1092	1093
P117,2	1094	1095
P156,1	1096	1096
P26,4	1097	1098
P102,3	1099	1100
P86,3	1101	1101
P197,2	1102	1103
P199,2	1104	1105
P70,3	1106	1107
P30,5	1108	1109
P151,2	1110	1111
P154,2	1112	1113
P88,3	1114	1115
P18,5	1116	1117
P73,3	1118	1119
P59,4	1120	1121
P96,2	1122	1123
P78,3	1124	1125
P48,4	1126	1127
P13,6	1128	1129
P67,5	1130	1131
P87,3	1132	1133
P54,4	1134	1135
P123,2	1136	1137
P146,3	1138	1139
P169,1	1140	1141
P4,6	1142	1143
P161,2	1144	1144
P90,3	1145	1146
P37,6	1147	1148
P99,2	1149	1150
P119,3	1151	1152
P51,3	1153	1153
P158,2	1154	1155
P85,4	1156	1157
P25,5	1158	1159
P164,2	1160	1161
P62,3	1162	1162
P127,2	1163	1164
P43,4	1165	1166
P166,2	1167	1168
P118,2	1169	1170
P61,3	1171	1172
P49,3	1173	1173
P44,4	1174	1175
P129,2	1176	1177
P77,3	1178	1179
P1,7	1180	1181
P14,6	1182	1183
P173,2	1184	1184
P89,4	1185	1186
P109,2	1187	1188
P184,1	1189	1189
P153,3	1190	1191
P76,3	1192	1193
P39,6	1194	1195
P165,3	1196	1197
P177,2	1198	1199
P187,1	1200	1200
P171,2	1201	1202
P176,2	1203	1203
P34,4	1204	1205
P45,4	1206	1207
P179,2	1208	1209
P133,2	1210	1211
P139,2	1212	1212
P27,4	1213	1213
P170,3	1214	1215
P131,3	1216	1217
P33,4	1218	1219
P17,6	1220	1221
P193,1	1222	1222
P178,2	1223	1224
P46,3	1225	1226
P195,1	1227	1227
P105,3	1228	1228
P134,3	1229	1230
P94,3	1231	1232
P188,2	1233	1234
P71,3	1235	1236
P80,3	1237	1238
P191,2	1239	1240
P56,3	1241	1241
P40,4	1242	1243
P60,3	1244	1245
P115,2	1246	1246
P138,3	1247	1248
P38,5	1249	1250
P140,3	1251	1252
P106,3	1253	1254
P142,3	1255	1256
P186,3	1257	1258
P149,2	1259	1260
P144,2	1261	1262
P148,2	1263	1264
P16,7	1265	1266
P30,5	1267	1267
P152,2	1268	1269
P35,4	1270	1270
P154,2	1271	1272
P88,3	1273	1274
P18,5	1275	1275
P32,4	1276	1277
P73,3	1278	1278
P155,2	1279	1280
P96,2	1281	1282
P78,3	1283	1284
P198,2	1285	1286
P15,7	1287	1288
P67,5	1289	1290
P87,3	1291	1292
P65,5	1293	1294
P162,2	1295	1296
P123,2	1297	1297
P146,3	1298	1299
P156,2	1300	1301
P11,6	1302	1303
P12,6	1304	1305
P9,7	1306	1307
P101,4	1308	1309
P92,3	1310	1311
P37,6	1312	1313
P119,3	1314	1315
P120,3	1316	1317
P25,5	1318	1319
P97,4	1320	1321
P53,4	1322	1323
P163,2	1324	1325
P172,2	1326	1327
P2,6	1328	1328
P59,5	1329	1330
P132,2	1331	1332
P169,2	1333	1334
P93,3	1335	1336
P129,2	1337	1337
P77,3	1338	1339
P1,7	1340	1341
P89,4	1342	1343
P158,3	1344	1345
P109,2	1346	1346
P167,2	1347	1348
P153,3	1349	1349
P52,4	1350	1351
P50,5	1352	1352
P19,6	1353	1354
P98,3	1355	1356
P49,4	1357	1358
P121,4	1359	1359
P166,3	1360	1361
P174,3	1362	1363
P183,2	1364	1365
P179,2	1366	1367
P118,3	1368	1369
P184,2	1370	1371
P181,2	1372	1373
P180,2	1374	1375
P31,5	1376	1377
P17,6	1378	1379
P178,2	1380	1381
P84,3	1382	1383
P176,3	1384	1385
P188,2	1386	1387
P137,3	1388	1389
P100,3	1390	1391
P76,4	1392	1393
P33,5	1394	1394
P189,2	1395	1395
P58,5	1396	1397
P141,3	1398	1399
P143,2	1400	1401
P175,3	1402	1403
P111,3	1404	1405
P106,3	1406	1406
P102,3	1407	1408
P142,3	1409	1409
P110,3	1410	1411
P200,2	1412	1413
P136,3	1414	1414
P194,2	1415	1416
P133,3	1417	1417
P199,2	1418	1419
P148,2	1420	1421
P56,4	1422	1422
P152,2	1423	1424
P151,2	1425	1426
P154,2	1427	1428
P103,4	1429	1430
P28,5	1431	1431
P134,4	1432	1433
P116,3	1434	1435
P105,4	1436	1437
P198,2	1438	1438
P15,7	1439	1440
P24,6	1441	1442
P35,5	1443	1444
P80,4	1445	1446
P162,2	1447	1448
P26,5	1449	1449
P30,6	1450	1451
P112,4	1452	1453
P156,2	1454	1455
P86,4	1456	1457
P11,6	1458	1459
P4,6	1460	1461
P12,6	1462	1463
P125,2	1464	1465
P18,6	1466	1467
P55,4	1468	1469
P75,4	1470	1471
P196,3	1472	1473
P95,2	1474	1475
P120,3	1476	1477
P91,4	1478	1479
P25,5	1480	1480
P159,2	1481	1482
P53,4	1483	1484
P5,9	1485	1486
P72,4	1487	1488
P172,2	1489	1490
P157,3	1491	1492
P161,3	1493	1494
P73,4	1495	1496
P66,5	1497	1498
P93,3	1499	1500
P13,7	1501	1501
P126,3	1502	1503
P89,4	1504	1505
P158,3	1506	1507
P74,4	1508	1509
P122,3	1510	1511
P63,6	1512	1513
P39,6	1514	1515
P127,3	1516	1517
P79,3	1518	1518
P69,4	1519	1520
P99,3	1521	1521
P61,4	1522	1523
P174,3	1524	1525
P183,2	1526	1527
P130,2	1528	1529
P184,2	1530	1531
P170,3	1532	1533
P31,5	1534	1535
P187,2	1536	1537
P109,3	1538	1539
P178,2	1540	1541
P84,3	1542	1543
P188,2	1544	1545
P51,5	1546	1547
P137,3	1548	1549
P167,3	1550	1551
P100,3	1552	1553
P191,2	1554	1555
P3,7	1556	1557
P173,4	1558	1559
P64,5	1560	1561
P68,4	1562	1563
P46,4	1564	1565
P121,5	1566	1566
P85,6	1567	1568
P29,6	1569	1569
P140,3	1570	1571
P102,3	1572	1573
P23,6	1574	1575
P27,5	1576	1577
P165,4	1578	1579
P149,2	1580	1580
P189,3	1581	1582
P197,2	1583	1583
P108,4	1584	1585
P152,2	1586	1587
P33,6	1588	1589
P154,2	1590	1590
P103,4	1591	1592
P175,4	1593	1593
P81,4	1594	1595
P105,4	1596	1597
P47,5	1598	1598
P15,7	1599	1600
P35,5	1601	1601
P194,3	1602	1603
P106,4	1604	1605
P117,3	1606	1607
P133,4	1608	1609
P142,4	1610	1611
P16,8	1612	1613
P70,4	1614	1615
P147,3	1616	1617
P198,3	1618	1619
P115,3	1620	1621
P60,4	1622	1623
P111,4	1624	1625
P9,7	1626	1627
P136,4	1628	1629
P155,3	1630	1631
P75,4	1632	1633
P24,7	1634	1635
P139,4	1636	1637
P120,3	1638	1639
P91,4	1640	1641
P56,5	1642	1643
P28,6	1644	1645
P10,7	1646	1647
P5,9	1648	1648
P156,3	1649	1650
P8,8	1651	1652
P150,3	1653	1654
P67,6	1655	1656
P161,3	1657	1658
P192,4	1659	1660
P65,6	1661	1662
P66,5	1663	1664
P11,7	1665	1666
P54,5	1667	1668
P158,3	1669	1670
P74,4	1671	1671
P62,4	1672	1673
P86,5	1674	1675
P2,7	1676	1677
P19,6	1678	1678
P127,3	1679	1680
P37,7	1681	1682
P113,5	1683	1684
P61,4	1685	1686
P174,3	1687	1688
P77,4	1689	1690
P183,2	1691	1692
P164,3	1693	1694
P130,2	1695	1696
P118,3	1697	1698
P181,2	1699	1700
P180,2	1701	1702
P187,2	1703	1704
P79,4	1705	1706
P177,3	1707	1707
P182,2	1708	1709
P84,3	1710	1710
P129,3	1711	1712
P104,4	1713	1714
P167,3	1715	1716
P132,3	1717	1718
P49,5	1719	1719
P160,4	1720	1721
P190,2	1722	1723
P58,5	1724	1725
P46,4	1726	1727
P153,4	1728	1729
P140,3	1730	1730
P131,4	1731	1732
P23,6	1733	1733
P185,3	1734	1734
P137,4	1735	1736
P189,3	1737	1738
P108,4	1739	1740
P152,2	1741	1742
P3,8	1743	1744
P145,3	1745	1746
P94,4	1747	1748
P195,2	1749	1749
P171,4	1750	1751
P76,5	1752	1752
P165,5	1753	1753
P186,4	1754	1755
P200,3	1756	1757
P80,4	1758	1759
P138,4	1760	1761
P162,2	1762	1763
P197,3	1764	1765
P30,6	1766	1767
P52,6	1768	1769
P112,4	1770	1771
P144,3	1772	1773
P147,3	1774	1775
P198,3	1776	1777
P115,3	1778	1779
P60,4	1780	1781
P12,6	1782	1782
P29,7	1783	1784
P18,6	1785	1786
P155,3	1787	1788
P20,9	1789	1790
P199,3	1791	1792
P120,3	1793	1793
P175,5	1794	1795
P87,4	1796	1797
P179,4	1798	1798
P56,5	1799	1800
P111,5	1801	1802
P116,4	1803	1804
P103,5	1805	1806
P156,3	1807	1808
P72,4	1809	1809
P83,5	1810	1811
P150,3	1812	1812
P161,3	1813	1813
P26,6	1814	1815
P40,6	1816	1817
P196,4	1818	1819
P65,6	1820	1821
P66,5	1822	1823
P10,8	1824	1825
P4,7	1826	1827
P90,4	1828	1829
P55,5	1830	1831
P82,5	1832	1832
P2,7	1833	1834
P37,7	1835	1836
P97,5	1837	1838
P5,10	1839	1840
P174,3	1841	1841
P77,4	1842	1843
P93,4	1844	1845
P95,3	1846	1847
P74,5	1848	1849
P118,3	1850	1850
P181,2	1851	1851
P44,5	1852	1852
P53,5	1853	1854
P123,4	1855	1856
P172,3	1857	1857
P45,5	1858	1859
P104,4	1860	1861
P167,3	1862	1862
P128,3	1863	1864
P160,4	1865	1866
P190,2	1867	1868
P58,5	1869	1869
P46,4	1870	1870
P61,5	1871	1872
P180,3	1873	1874
P19,7	1875	1876
P69,5	1877	1878
P63,7	1879	1880
P137,4	1881	1882
P124,4	1883	1884
P182,3	1885	1886
P178,3	1887	1888
P25,7	1889	1890
P145,3	1891	1892
P94,4	1893	1894
P171,4	1895	1896
P141,4	1897	1898
P135,4	1899	1900
P200,3	1901	1902
P189,4	1903	1904
P106,4	1905	1906
P23,7	1907	1908
P84,4	1909	1909
P153,5	1910	1911
P133,4	1912	1913
P110,4	1914	1915
P16,8	1916	1916
P112,4	1917	1918
P100,4	1919	1920
P121,6	1921	1922
P147,3	1923	1923
P134,5	1924	1925
P148,3	1926	1926
P35,6	1927	1928
P195,3	1929	1929
P33,7	1930	1931
P155,3	1932	1932
P80,5	1933	1934
P162,3	1935	1936
P32,5	1937	1937
P70,5	1938	1939
P105,5	1940	1941
P198,4	1942	1943
P56,5	1944	1945
P85,8	1946	1947
P78,4	1948	1949
P103,5	1950	1951
P191,4	1952	1953
P48,6	1954	1955
P146,4	1956	1957
P142,5	1958	1958
P192,4	1959	1959
P196,4	1960	1961
P87,5	1962	1963
P54,5	1964	1965
P125,4	1966	1967
P88,5	1968	1969
P24,8	1970	1971
P75,5	1972	1973
P37,7	1974	1974
P97,5	1975	1975
P47,7	1976	1977
P12,7	1978	1979
P116,5	1980	1981
P77,4	1982	1982
P59,6	1983	1984
P95,3	1985	1985
P164,3	1986	1986
P119,5	1987	1988
P161,4	1989	1990
P11,8	1991	1991
P109,3	1992	1992
P123,4	1993	1994
P129,3	1995	1995
P45,5	1996	1997
P50,6	1998	1998
P126,4	1999	1999
P168,4	2000	2001
P9,9	2002	2003
P158,4	2004	2005
P5,11	2006	2007
P118,4	2008	2009
P14,8	2010	2011
P62,5	2012	2013
P99,4	2014	2015
P98,4	2016	2017
P137,4	2018	2019
P124,4	2020	2020
P122,5	2021	2022
P127,4	2023	2024
P178,3	2025	2026
P173,5	2027	2028
P3,8	2029	2030
P187,3	2031	2032
P114,3	2033	2034
P169,4	2035	2035
P143,3	2036	2037
P184,3	2038	2039
P46,5	2040	2041
P200,3	2042	2042
P31,6	2043	2044
P39,8	2045	2046
P190,3	2047	2048
P138,4	2049	2050
P153,5	2051	2052
P133,4	2053	2053
P110,4	2054	2055
P152,3	2056	2057
P100,4	2058	2059
P144,3	2060	2060
P49,6	2061	2062
P170,5	2063	2064
P35,6	2065	2066
P33,7	2067	2068
P149,3	2069	2069
P80,5	2070	2071
P162,3	2072	2073
P108,5	2074	2075
P105,5	2076	2077
P198,4	2078	2078
P154,3	2079	2079
P23,8	2080	2080
P85,8	2081	2082
P176,5	2083	2084
P165,6	2085	2086
P135,5	2087	2088
P191,4	2089	2090
P48,6	2091	2092
P194,4	2093	2094
P26,6	2095	2096
P155,4	2097	2097
P101,5	2098	2099
P140,5	2100	2101
P87,5	2102	2103
P159,3	2104	2104
P125,4	2105	2106
P72,5	2107	2108
P88,5	2109	2110
P24,8	2111	2112
P195,4	2113	2113
P148,4	2114	2115
P12,7	2116	2117
P116,5	2118	2119
P192,5	2120	2121
P91,5	2122	2123
P139,5	2124	2125
P60,5	2126	2127
P119,5	2128	2129
P8,9	2130	2131
P73,5	2132	2133
P40,7	2134	2135
P156,4	2136	2137
P45,5	2138	2139
P95,4	2140	2141
P157,5	2142	2142
P174,4	2143	2144
P5,11	2145	2146
P118,4	2147	2148
P142,6	2149	2150
P99,4	2151	2152
P55,6	2153	2154
P137,4	2155	2156
P129,4	2157	2158
P183,3	2159	2159
P127,4	2160	2160
P132,4	2161	2161
P82,6	2162	2163
P86,6	2164	2165
P3,8	2166	2167
P128,4	2168	2169
P104,5	2170	2171
P164,4	2172	2173
P66,7	2174	2175
P98,5	2176	2177
P51,6	2178	2179
P123,5	2180	2181
P150,5	2182	2183
P62,6	2184	2184
P31,6	2185	2186
P39,8	2187	2188
P53,6	2189	2190
P172,4	2191	2192
P153,5	2193	2193
P163,4	2194	2195
P122,6	2196	2197
P131,5	2198	2199
P100,4	2200	2201
P167,4	2202	2202
P141,5	2203	2203
P124,5	2204	2205
P33,7	2206	2207
P182,4	2208	2208
P188,4	2209	2210
P80,5	2211	2212
P186,5	2213	2214
P71,5	2215	2216
P133,5	2217	2218
P25,8	2219	2220
P193,3	2221	2222
P176,5	2223	2224
P165,6	2225	2226
P145,4	2227	2228
P191,4	2229	2230
P134,6	2231	2232
P110,5	2233	2234
P30,7	2235	2235
P101,5	2236	2237
P64,7	2238	2239
P87,5	2240	2240
P154,4	2241	2242
P199,4	2243	2244
P68,6	2245	2246
P28,7	2247	2248
P138,5	2249	2250
P88,5	2251	2251
P24,8	2252	2253
P47,7	2254	2255
P23,9	2256	2257
P116,5	2258	2259
P151,4	2260	2261
P18,7	2262	2262
P117,5	2263	2264
P60,5	2265	2265
P198,5	2266	2267
P8,9	2268	2269
P197,5	2270	2270
P40,7	2271	2272
P90,5	2273	2274
P113,6	2275	2276
P2,8	2277	2278
P95,4	2279	2280
P26,7	2281	2282
P174,4	2283	2283
P84,6	2284	2284
P75,6	2285	2286
P81,7	2287	2288
P118,4	2289	2289
P159,4	2290	2291
P146,5	2292	2293
P91,6	2294	2295
P78,6	2296	2297
P160,5	2298	2299
P59,7	2300	2301
P173,5	2302	2302
P9,10	2303	2304
P128,4	2305	2306
P187,3	2307	2308
P119,6	2309	2310
P109,4	2311	2312
P98,5	2313	2313
P143,3	2314	2315
P19,8	2316	2317
P46,5	2318	2318
P150,5	2319	2320
P161,5	2321	2322
P45,6	2323	2324
P79,5	2325	2326
P132,5	2327	2328
P180,4	2329	2330
P122,6	2331	2332
P3,9	2333	2334
P183,4	2335	2336
P100,4	2337	2338
P124,5	2339	2340
P31,7	2341	2342
P190,4	2343	2344
P186,5	2345	2346
P184,4	2347	2348
P108,5	2349	2350
P185,5	2351	2352
P50,8	2353	2354
P135,5	2355	2356
P200,4	2357	2358
P171,5	2359	2360
P62,7	2361	2362
P141,6	2363	2363
P144,4	2364	2365
P162,4	2366	2367
P35,7	2368	2369
P177,6	2370	2371
P105,6	2372	2372
P68,6	2373	2374
P53,7	2375	2376
P28,7	2377	2378
P138,5	2379	2380
P147,4	2381	2382
P24,8	2383	2383
P170,6	2384	2385
P148,4	2386	2387
P12,7	2388	2388
P182,5	2389	2390
P57,8	2391	2391
P192,5	2392	2393
P198,5	2394	2395
P111,6	2396	2396
P102,6	2397	2397
P125,5	2398	2398
P149,5	2399	2400
P88,6	2401	2402
P120,5	2403	2404
P112,6	2405	2406
P140,6	2407	2408
P158,4	2409	2410
P110,6	2411	2412
P159,4	2413	2413
P142,6	2414	2415
P91,6	2416	2417
P78,6	2418	2419
P160,5	2420	2420
P77,5	2421	2422
P82,6	2423	2424
P70,7	2425	2426
P128,4	2427	2428
P104,5	2429	2429
P81,8	2430	2431
P164,4	2432	2433
P60,6	2434	2435
P63,8	2436	2437
P66,7	2438	2438
P93,5	2439	2440
P51,6	2441	2442
P123,5	2443	2444
P126,5	2445	2446
P161,5	2447	2448
P73,6	2449	2450
P39,8	2451	2452
P132,5	2453	2453
P178,4	2454	2455
P173,6	2456	2457
P86,7	2458	2459
P75,7	2460	2461
P95,5	2462	2463
P61,6	2464	2465
P187,4	2466	2467
P37,9	2468	2469
P107,5	2470	2471
P184,4	2472	2473
P166,5	2474	2475
P185,5	2476	2477
P50,8	2478	2478
P79,6	2479	2480
P145,4	2481	2482
P171,5	2483	2484
P180,5	2485	2486
P49,7	2487	2488
P144,4	2489	2489
P109,5	2490	2491
P35,7	2492	2493
P177,6	2494	2495
P124,6	2496	2496
P115,4	2497	2497
P20,10	2498	2499
P172,5	2500	2501
P138,5	2502	2502
P152,4	2503	2504
P190,5	2505	2505
P170,6	2506	2507
P100,5	2508	2509
P23,9	2510	2510
P182,5	2511	2512
P137,6	2513	2514
P198,5	2515	2515
P30,8	2516	2516
P33,8	2517	2518
P72,6	2519	2520
P154,5	2521	2522
P120,5	2523	2524
P112,6	2525	2526
P26,7	2527	2528
P165,7	2529	2530
P155,5	2531	2532
P28,8	2533	2534
P134,7	2535	2535
P151,5	2536	2537
P57,9	2538	2539
P91,6	2540	2541
P78,6	2542	2542
P48,8	2543	2544
P156,5	2545	2545
P77,5	2546	2546
P47,8	2547	2548
P102,7	2549	2550
P70,7	2551	2552
P195,6	2553	2554
P81,8	2555	2556
P116,6	2557	2558
P60,6	2559	2560
P8,10	2561	2562
P159,5	2563	2563
P93,5	2564	2565
P51,6	2566	2567
P123,5	2568	2568
P126,5	2569	2569
P129,5	2570	2571
P45,6	2572	2573
P178,4	2574	2575
P146,6	2576	2577
P158,5	2578	2579
P164,5	2580	2580
P3,9	2581	2582
P183,4	2583	2584
P119,7	2585	2586
P187,4	2587	2588
P174,6	2589	2590
P114,4	2591	2592
P55,7	2593	2594
P185,5	2595	2596
P143,4	2597	2598
P168,6	2599	2599
P171,5	2600	2601
P46,6	2602	2603
P181,4	2604	2605
P188,5	2606	2607
P109,5	2608	2609
P94,6	2610	2611
P177,6	2612	2613
P135,6	2614	2615
P131,6	2616	2617
P98,7	2618	2619
P167,5	2620	2621
P106,6	2622	2622
P73,7	2623	2624
P200,5	2625	2626
P182,5	2627	2627
P85,9	2628	2629
P62,8	2630	2631
P33,8	2632	2632
P72,6	2633	2634
P144,5	2635	2635
P154,5	2636	2637
P166,6	2638	2639
P26,7	2640	2641
P138,6	2642	2643
P155,5	2644	2645
P176,7	2646	2647
P28,8	2648	2649
P191,6	2650	2650
P30,9	2651	2652
P105,7	2653	2654
P23,10	2655	2656
P48,8	2657	2658
P124,7	2659	2660
P47,8	2661	2662
P141,8	2663	2664
P102,7	2665	2666
P70,7	2667	2667
P120,6	2668	2669
P18,8	2670	2671
P68,7	2672	2673
P198,6	2674	2674
P117,6	2675	2675
P113,7	2676	2677
P40,8	2678	2678
P93,5	2679	2680
P69,6	2681	2682
P96,6	2683	2684
P129,5	2685	2686
P45,6	2687	2687
P78,7	2688	2689
P140,7	2690	2691
P12,9	2692	2693
P112,7	2694	2695
P75,7	2696	2696
P95,5	2697	2698
P156,6	2699	2699
P119,7	2700	2701
P116,7	2702	2703
P161,6	2704	2705
P107,5	2706	2707
P39,9	2708	2709
P185,5	2710	2711
P158,6	2712	2713
P46,6	2714	2715
P181,4	2716	2716
P159,6	2717	2718
P94,6	2719	2719
P80,6	2720	2721
P163,5	2722	2723
P51,7	2724	2725
P108,6	2726	2727
P73,7	2728	2729
P100,5	2730	2730
P200,5	2731	2732
P164,6	2733	2733
P184,5	2734	2735
P137,6	2736	2737
P72,6	2738	2739
P35,8	2740	2741
P154,5	2742	2743
P193,4	2744	2744
P165,7	2745	2746
P145,5	2747	2747
P31,8	2748	2749
P109,6	2750	2750
P115,5	2751	2752
P132,7	2753	2754
P28,8	2755	2756
P182,6	2757	2758
P25,9	2759	2760
P149,6	2761	2762
P48,8	2763	2763
P124,7	2764	2765
P47,8	2766	2767
P188,6	2768	2769
P172,6	2770	2771
P141,8	2772	2772
P167,6	2773	2774
P103,8	2775	2776
P120,6	2777	2778
P68,7	2779	2780
P84,7	2781	2782
P8,10	2783	2784
P151,6	2785	2786
P106,7	2787	2787
P69,6	2788	2788
P192,6	2789	2790
P142,7	2791	2792
P90,6	2793	2794
P140,7	2795	2796
P191,7	2797	2798
P57,10	2799	2800
P64,9	2801	2802
P95,5	2803	2803
P187,4	2804	2805
P150,6	2806	2806
P161,6	2807	2808
P55,7	2809	2810
P143,4	2811	2811
P117,7	2812	2813
P77,6	2814	2814
P61,7	2815	2816
P127,6	2817	2817
P131,6	2818	2819
P51,7	2820	2821
P108,6	2822	2822
P12,10	2823	2824
P116,8	2825	2826
P40,9	2827	2828
P184,5	2829	2829
P146,7	2830	2831
P168,7	2832	2833
P62,8	2834	2835
P119,8	2836	2837
P154,5	2838	2839
P166,6	2840	2840
P165,7	2841	2841
P114,5	2842	2843
P80,7	2844	2844
P31,8	2845	2846
P115,5	2847	2847
P181,5	2848	2849
P123,7	2850	2851
P28,8	2852	2852
P163,6	2853	2854
P30,9	2855	2856
P156,7	2857	2858
P149,6	2859	2859
P124,7	2860	2861
P47,8	2862	2863
P88,7	2864	2865
P188,6	2866	2867
P193,5	2868	2868
P130,6	2869	2870
P103,8	2871	2871
P135,7	2872	2872
P152,5	2873	2874
P145,6	2875	2876
P113,7	2877	2878
P101,7	2879	2880
P96,6	2881	2882
P140,7	2883	2884
P133,8	2885	2885
P24,10	2886	2886
P191,7	2887	2888
P57,10	2889	2890
P105,8	2891	2891
P195,7	2892	2893
P161,6	2894	2894
P136,8	2895	2896
P14,10	2897	2898
P175,8	2899	2899
P68,8	2900	2901
P148,6	2902	2903
P51,7	2904	2905
P128,6	2906	2907
P12,10	2908	2909
P178,5	2910	2911
P192,7	2912	2913
P93,6	2914	2914
P45,7	2915	2916
P168,7	2917	2917
P111,9	2918	2918
P119,8	2919	2920
P95,6	2921	2922
P174,7	2923	2924
P31,8	2925	2926
P86,8	2927	2928
P132,7	2929	2929
P129,6	2930	2931
P73,8	2932	2933
P158,7	2934	2935
P112,8	2936	2937
P108,7	2938	2939
P107,6	2940	2941
P150,7	2942	2943
P183,6	2944	2944
P156,7	2945	2946
P154,6	2947	2948
P118,7	2949	2950
P79,7	2951	2952
P188,6	2953	2953
P117,8	2954	2955
P130,6	2956	2956
P152,5	2957	2958
P145,6	2959	2960
P28,9	2961	2962
P151,6	2963	2964
P177,8	2965	2966
P142,7	2967	2968
P140,7	2969	2969
P190,7	2970	2971
P191,7	2972	2973
P35,9	2974	2975
P124,8	2976	2977
P47,9	2978	2979
P70,8	2980	2981
P147,6	2982	2983
P135,8	2984	2985
P48,9	2986	2986
P61,7	2987	2987
P159,6	2988	2989
P149,7	2990	2991
P90,7	2992	2993
P192,7	2994	2995
P40,9	2996	2997
P45,7	2998	2999
P172,7	3000	3001
P8,11	3002	3002
P53,9	3003	3004
P81,9	3005	3006
P91,8	3007	3008
P174,7	3009	3009
P69,8	3010	3011
P73,8	3012	3013
P123,7	3014	3015
P112,8	3016	3017
P108,7	3018	3019
P133,9	3020	3021
P187,5	3022	3023
P98,8	3024	3025
P200,6	3026	3027
P37,11	3028	3029
P114,6	3030	3031
P111,10	3032	3032
P118,7	3033	3033
P88,7	3034	3035
P168,8	3036	3037
P117,8	3038	3039
P51,8	3040	3041
P116,9	3042	3043
P163,7	3044	3044
P145,6	3045	3046
P146,8	3047	3048
P151,6	3049	3049
P177,8	3050	3051
P80,8	3052	3052
P167,7	3053	3053
P191,7	3054	3054
P137,7	3055	3056
P124,8	3057	3058
P129,7	3059	3059
P143,6	3060	3061
P188,7	3062	3063
P120,7	3064	3065
P185,7	3066	3067
P100,7	3068	3068
P68,8	3069	3070
P192,7	3071	3071
P55,9	3072	3073
P40,9	3074	3075
P176,9	3076	3077
P96,7	3078	3079
P84,8	3080	3081
P193,6	3082	3083
P26,9	3084	3085
P81,9	3086	3087
P101,8	3088	3089
P78,8	3090	3091
P123,7	3092	3093
P112,8	3094	3094
P140,8	3095	3095
P119,9	3096	3097
P107,6	3098	3099
P161,7	3100	3101
P58,8	3102	3102
P48,10	3103	3104
P136,9	3105	3106
P154,6	3107	3108
P91,9	3109	3110
P88,7	3111	3112
P79,7	3113	3114
P159,7	3115	3116
P14,11	3117	3117
P152,5	3118	3118
P145,6	3119	3120
P93,7	3121	3122
P146,8	3123	3124
P177,8	3125	3126
P178,6	3127	3128
P137,7	3129	3129
P124,8	3130	3131
P166,7	3132	3132
P118,8	3133	3134
P188,7	3135	3136
P175,10	3137	3137
P120,7	3138	3139
P185,7	3140	3140
P199,6	3141	3142
P149,7	3143	3144
P57,11	3145	3145
P49,9	3146	3147
P176,9	3148	3149
P96,7	3150	3151
P116,10	3152	3153
P47,10	3154	3155
P81,9	3156	3156
P127,7	3157	3158
P190,8	3159	3160
P108,7	3161	3161
P98,8	3162	3163
P48,10	3164	3165
P37,11	3166	3167
P53,10	3168	3169
P91,9	3170	3170
P129,8	3171	3171
P100,8	3172	3173
P73,9	3174	3175
P168,8	3176	3176
P117,8	3177	3178
P45,8	3179	3180
P171,9	3181	3182
P195,9	3183	3184
P146,8	3185	3186
P177,8	3187	3187
P84,9	3188	3189
P184,6	3190	3191
P178,6	3192	3193
P124,8	3194	3195
P172,8	3196	3197
P187,6	3198	3199
P118,8	3200	3201
P162,6	3202	3203
P26,10	3204	3205
P69,10	3206	3207
P119,10	3208	3209
P154,7	3210	3211
P167,8	3212	3213
P182,8	3214	3215
P51,9	3216	3216
P133,10	3217	3218
P109,8	3219	3220
P190,8	3221	3222
P163,8	3223	3224
P161,7	3225	3226
P48,10	3227	3228
P147,7	3229	3230
P148,8	3231	3232
P128,7	3233	3234
P31,10	3235	3236
P73,9	3237	3238
P86,9	3239	3239
P45,8	3240	3240
P93,7	3241	3241
P195,9	3242	3243
P166,8	3244	3244
P185,8	3245	3246
P95,7	3247	3247
P84,9	3248	3249
P175,11	3250	3251
P57,12	3252	3253
P108,8	3254	3255
P181,6	3256	3256
P159,8	3257	3258
P123,8	3259	3260
P187,6	3261	3262
P188,7	3263	3264
P79,8	3265	3266
P112,9	3267	3268
P69,10	3269	3269
P49,9	3270	3270
P154,7	3271	3272
P176,9	3273	3274
P133,10	3275	3276
P28,10	3277	3277
P145,7	3278	3279
P168,9	3280	3281
P152,6	3282	3283
P147,7	3284	3285
P53,10	3286	3286
P55,10	3287	3288
P31,10	3289	3290
P103,10	3291	3291
P124,9	3292	3293
P177,9	3294	3295
P51,10	3296	3297
P107,8	3298	3299
P120,8	3300	3301
P127,8	3302	3303
P130,8	3304	3305
P199,7	3306	3307
P57,12	3308	3309
P108,8	3310	3311
P118,9	3312	3313
P123,8	3314	3315
P100,9	3316	3317
P77,9	3318	3319
P26,10	3320	3321
P112,9	3322	3323
P93,8	3324	3325
P200,7	3326	3327
P35,11	3328	3329
P133,10	3330	3331
P178,7	3332	3333
P152,6	3334	3335
P135,9	3336	3337
P193,8	3338	3339
P166,9	3340	3340
P96,8	3341	3342
P124,9	3343	3344
P177,9	3345	3346
P184,7	3347	3348
P88,9	3349	3350
P185,8	3351	3352
P130,8	3353	3354
P199,7	3355	3356
P149,8	3357	3357
P57,12	3358	3359
P159,8	3360	3361
P68,9	3362	3362
P77,9	3363	3363
P163,9	3364	3365
P192,10	3366	3366
P176,10	3367	3368
P182,9	3369	3370
P93,8	3371	3372
P200,7	3373	3374
P195,10	3375	3375
P95,8	3376	3377
P109,9	3378	3379
P28,11	3380	3380
P152,6	3381	3382
P86,10	3383	3384
P73,10	3385	3386
P172,9	3387	3388
P193,8	3389	3390
P96,8	3391	3392
P162,7	3393	3394
P45,9	3395	3396
P107,8	3397	3398
P120,8	3399	3399
P100,10	3400	3401
P199,7	3402	3403
P101,11	3404	3405
P26,11	3406	3407
P132,9	3408	3408
P163,9	3409	3410
P176,10	3411	3412
P79,8	3413	3413
P182,9	3414	3414
P93,8	3415	3416
P130,9	3417	3417
P167,9	3418	3419
P98,10	3420	3421
P72,9	3422	3423
P73,10	3424	3425
P84,10	3426	3427
P148,9	3428	3429
P45,9	3430	3431
P107,8	3432	3432
P31,11	3433	3433
P112,10	3434	3435
P77,10	3436	3437
P26,11	3438	3439
P28,12	3440	3441
P47,11	3442	3443
P176,10	3444	3445
P118,10	3446	3447
P145,9	3448	3448
P68,10	3449	3450
P98,10	3451	3452
P86,11	3453	3454
P73,10	3455	3455
P84,10	3456	3456
P148,9	3457	3458
P81,12	3459	3460
P146,11	3461	3461
P88,10	3462	3463
P112,10	3464	3465
P26,11	3466	3466
P108,9	3467	3468
P119,11	3469	3470
P182,10	3471	3472
P95,9	3473	3474
P120,9	3475	3476
P93,9	3477	3477
P68,10	3478	3479
P147,8	3480	3481
P158,9	3482	3482
P77,11	3483	3484
P127,9	3485	3486
P178,8	3487	3488
P112,10	3489	3489
P108,9	3490	3491
P128,9	3492	3493
P177,11	3494	3495
P182,10	3496	3496
P79,9	3497	3498
P95,9	3499	3500
P96,9	3501	3502
P118,10	3503	3504
P68,10	3505	3506
P147,8	3507	3508
P154,9	3509	3510
P51,11	3511	3512
P48,12	3513	3514
P72,10	3515	3516
P127,9	3517	3518
P178,8	3519	3520
P73,11	3521	3522
P124,10	3523	3523
P128,9	3524	3525
P26,12	3526	3527
P79,9	3528	3529
P163,10	3530	3531
P31,12	3532	3532
P176,11	3533	3534
P135,10	3535	3536
P172,11	3537	3538
P168,10	3539	3540
P98,11	3541	3542
P84,11	3543	3543
P127,9	3544	3545
P178,8	3546	3546
P146,12	3547	3547
P73,11	3548	3549
P107,10	3550	3551
P26,12	3552	3553
P79,9	3554	3554
P163,10	3555	3556
P109,10	3557	3558
P176,11	3559	3560
P135,10	3561	3562
P172,11	3563	3564
P47,12	3565	3566
P98,11	3567	3567
P162,9	3568	3569
P119,12	3570	3571
P77,12	3572	3572
P73,11	3573	3573
P107,10	3574	3574
P177,11	3575	3575
P26,12	3576	3577
P96,10	3578	3579
P182,11	3580	3581
P172,11	3582	3582
P158,10	3583	3584
P108,10	3585	3585
P53,12	3586	3587
P199,9	3588	3589
P128,10	3590	3591
P109,10	3592	3592
P182,11	3593	3594
P158,10	3595	3595
P119,12	3596	3597
P199,9	3598	3599
P193,10	3600	3601
P182,11	3602	3603
P118,12	3604	3605
P199,9	3606	3607
P127,10	3608	3608
P193,10	3609	3610
P128,10	3611	3611
P118,12	3612	3613
P95,11	3614	3615
P193,10	3616	3617
P167,11	3618	3619
P118,12	3620	3621
P193,10	3622	3622
P167,11	3623	3624
P109,11	3625	3626
P176,12	3627	3628
P167,11	3629	3629
P79,11	3630	3631
P154,11	3632	3633
P73,12	3634	3634
P176,12	3635	3635
P172,12	3636	3637
P154,11	3638	3639
P96,11	3640	3641
P172,12	3642	3642
P128,11	3643	3644
P162,10	3651	3652
P158,11	3653	3654
P182,12	3661	3661
P79,12	3680	3680
P109,12	3681	3684
P154,12	3695	3695
