CPU0
P1,1	2	33
P4,1	34	34
P5,1	35	38
P6,1	39	40
P8,1	41	44
P9,1	45	50
P3,1	51	82
P12,1	83	85
P5,2	86	89
P4,2	90	94
P16,1	95	100
P2,3	101	101
P17,1	102	103
P9,2	104	106
P1,1	107	138
P21,1	139	143
P22,1	144	146
P23,1	147	150
P24,1	151	182
P14,2	183	187
P10,2	188	190
P16,2	191	194
P28,1	195	200
P11,2	201	203
P15,1	204	233
P6,3	234	238
P31,1	239	241
P32,1	242	273
P9,3	274	278
P34,1	279	280
P18,2	281	282
P20,2	283	285
P35,1	286	290
P36,1	291	294
P19,2	295	295
P21,2	296	297
P37,1	298	301
P8,3	302	305
P38,1	306	337
P41,1	338	341
P22,2	342	346
P23,2	347	352
P42,1	353	356
P43,1	357	388
P47,1	389	393
P49,1	394	399
P50,1	400	405
P10,3	406	411
P28,2	412	414
P51,1	415	446
P53,1	447	450
P16,3	451	454
P54,1	455	459
P11,3	460	465
P55,1	466	471
P4,4	472	474
P56,1	475	475
P57,1	476	478
P58,1	479	481
P59,1	482	484
P60,1	485	489
P61,1	490	490
P29,2	491	496
P13,3	497	499
P2,5	500	504
P63,1	505	536
P64,1	537	541
P6,4	542	544
P32,1	545	576
P70,1	577	579
P31,2	580	581
P71,1	582	586
P73,1	587	618
P77,1	619	619
P78,1	620	622
P34,2	623	626
P9,4	627	628
P36,2	629	629
P19,3	630	630
P79,1	631	631
P18,3	632	634
P80,1	635	639
P8,4	640	644
P81,1	645	676
P84,1	677	679
P38,1	680	711
P39,2	712	714
P87,1	715	715
P40,2	716	718
P24,1	719	750
P93,1	751	752
P94,1	753	755
P42,2	756	760
P95,1	761	762
P43,1	763	794
P97,1	795	796
P5,5	797	799
P46,2	800	800
P47,2	801	803
P14,4	804	806
P100,1	807	811
P27,1	812	843
P48,2	844	845
P28,3	846	847
P104,1	848	853
P105,1	854	885
P10,4	886	887
P107,1	888	892
P52,1	893	924
P11,4	925	927
P115,1	928	959
P55,2	960	964
P116,1	965	970
P117,1	971	973
P60,2	974	979
P4,5	980	983
P120,1	984	986
P59,2	987	990
P2,6	991	994
P121,1	995	996
P17,4	997	999
P122,1	1000	1005
P30,3	1006	1007
P123,1	1008	1012
P1,2	1013	1044
P126,1	1045	1046
P127,1	1047	1050
P128,1	1051	1055
P65,2	1056	1058
P6,5	1059	1060
P129,1	1061	1062
P130,1	1063	1064
P131,1	1065	1066
P132,1	1067	1071
P32,1	1072	1103
P69,1	1104	1135
P140,1	1136	1140
P74,2	1141	1141
P143,1	1142	1173
P31,3	1174	1174
P75,2	1175	1175
P71,2	1176	1181
P72,2	1182	1182
P145,1	1183	1187
P76,2	1188	1191
P147,1	1192	1196
P33,1	1197	1202
P148,1	1203	1203
P77,2	1204	1204
P149,1	1205	1209
P150,1	1210	1210
P151,1	1211	1211
P36,3	1212	1215
P34,3	1216	1219
P20,4	1220	1221
P153,1	1222	1222
P78,2	1223	1224
P19,4	1225	1229
P154,1	1230	1232
P9,5	1233	1233
P80,2	1234	1235
P8,5	1236	1240
P155,1	1241	1272
P79,2	1273	1278
P81,1	1279	1310
P162,1	1311	1342
P163,1	1343	1346
P38,1	1347	1378
P169,1	1379	1380
P170,1	1381	1381
P40,3	1382	1385
P22,4	1386	1389
P171,1	1390	1391
P88,2	1392	1393
P24,1	1394	1425
P41,3	1426	1430
P174,1	1431	1436
P176,1	1437	1442
P92,1	1443	1474
P93,2	1475	1478
P178,1	1479	1484
P95,2	1485	1489
P43,1	1490	1521
P96,2	1522	1524
P46,3	1525	1526
P97,2	1527	1528
P47,3	1529	1529
P98,2	1530	1531
P100,2	1532	1535
P14,5	1536	1539
P27,1	1540	1544
P181,1	1545	1576
P102,2	1577	1582
P28,4	1583	1583
P104,2	1584	1584
P182,1	1585	1616
P183,1	1617	1648
P108,2	1649	1651
P10,5	1652	1655
P52,1	1656	1687
P56,3	1688	1690
P113,2	1691	1695
P115,1	1696	1727
P58,3	1728	1729
P55,3	1730	1731
P60,3	1732	1734
P119,2	1735	1739
P57,3	1740	1745
P118,2	1746	1747
P4,6	1748	1752
P121,2	1753	1756
P186,1	1757	1788
P62,3	1789	1789
P63,1	1790	1810
P1,2	1811	1831
P124,2	1832	1837
P125,1	1838	1869
P65,3	1870	1871
P131,2	1872	1876
P130,2	1877	1881
P133,2	1882	1882
P32,1	1883	1886
P189,1	1887	1918
P67,3	1919	1919
P137,1	1920	1951
P140,2	1952	1955
P139,2	1956	1959
P70,3	1960	1965
P142,2	1966	1969
P141,2	1970	1970
P144,2	1971	1975
P74,3	1976	1980
P191,1	1981	2012
P192,1	2013	2044
P75,3	2045	2047
P145,2	2048	2050
P72,3	2051	2056
P193,1	2057	2088
P150,2	2089	2091
P147,2	2092	2094
P34,4	2095	2095
P77,3	2096	2101
P151,2	2102	2106
P154,2	2107	2112
P36,4	2113	2113
P19,5	2114	2119
P80,3	2120	2125
P152,1	2126	2157
P8,6	2158	2158
P156,2	2159	2161
P195,1	2162	2193
P35,4	2194	2197
P81,1	2198	2229
P160,2	2230	2233
P162,1	2234	2265
P84,3	2266	2268
P164,2	2269	2270
P165,2	2271	2273
P167,2	2274	2277
P163,2	2278	2278
P38,1	2279	2302
P166,2	2303	2305
P37,4	2306	2308
P86,3	2309	2311
P87,3	2312	2313
P85,3	2314	2316
P169,2	2317	2319
P39,4	2320	2324
P88,3	2325	2330
P171,2	2331	2331
P199,1	2332	2363
P24,1	2364	2395
P89,3	2396	2400
P23,5	2401	2404
P91,3	2405	2409
P176,2	2410	2414
P174,2	2415	2420
P92,1	2421	2451
P93,3	2452	2454
P95,3	2455	2460
P180,1	2461	2492
P44,4	2493	2496
P14,6	2497	2502
P12,6	2503	2505
P100,3	2506	2508
P181,1	2509	2540
P102,3	2541	2541
P28,5	2542	2543
P49,4	2544	2544
P182,1	2545	2576
P51,2	2577	2608
P106,3	2609	2611
P108,3	2612	2612
P184,1	2613	2643
P111,3	2644	2649
P109,3	2650	2652
P107,3	2653	2653
P53,4	2654	2657
P54,4	2658	2661
P11,6	2662	2667
P56,4	2668	2673
P16,6	2674	2679
P114,3	2680	2685
P185,1	2686	2717
P55,4	2718	2720
P119,3	2721	2722
P116,3	2723	2724
P13,6	2725	2730
P186,1	2731	2762
P62,4	2763	2764
P123,3	2765	2767
P30,5	2768	2772
P188,1	2773	2804
P126,3	2805	2809
P128,3	2810	2811
P127,3	2812	2816
P68,4	2817	2817
P6,7	2818	2823
P129,3	2824	2824
P131,3	2825	2828
P65,4	2829	2829
P132,3	2830	2834
P130,3	2835	2840
P64,4	2841	2845
P135,3	2846	2846
P66,4	2847	2847
P134,3	2848	2851
P190,1	2852	2883
P67,4	2884	2886
P69,1	2887	2918
P70,4	2919	2922
P191,1	2923	2954
P192,1	2955	2986
P145,3	2987	2989
P31,5	2990	2993
P193,1	2994	3025
P150,3	3026	3029
P34,5	3030	3031
P36,5	3032	3032
P194,1	3033	3064
P78,4	3065	3065
P153,3	3066	3068
P155,1	3069	3100
P79,4	3101	3105
P157,3	3106	3107
P159,3	3108	3109
P81,1	3110	3125
P82,4	3126	3126
P161,3	3127	3128
P158,3	3129	3133
P162,1	3134	3165
P197,1	3166	3197
P166,3	3198	3198
P87,4	3199	3203
P37,5	3204	3204
P86,4	3205	3208
P169,3	3209	3210
P171,3	3211	3215
P168,1	3216	3230
P22,6	3231	3235
P172,3	3236	3237
P170,3	3238	3243
P24,1	3244	3247
P40,5	3248	3250
P200,1	3251	3282
P41,5	3283	3286
P92,2	3287	3318
P178,3	3319	3320
P94,4	3321	3322
P180,1	3323	3354
P96,4	3355	3358
P47,5	3359	3364
P99,4	3365	3370
P45,5	3371	3373
P101,4	3374	3378
P14,7	3379	3384
P100,4	3385	3386
P103,1	3387	3418
P102,4	3419	3420
P48,5	3421	3424
P28,6	3425	3430
P104,4	3431	3436
P105,1	3437	3437
P51,2	3438	3469
P106,4	3470	3471
P108,4	3472	3472
P184,2	3473	3504
P112,4	3505	3508
P110,4	3509	3509
P11,7	3510	3514
P56,5	3515	3520
P16,7	3521	3526
P114,4	3527	3527
P185,1	3528	3543
P118,4	3544	3549
P117,4	3550	3554
P13,7	3555	3557
P119,4	3558	3562
P121,4	3563	3563
P59,5	3564	3565
P186,1	3566	3597
P30,6	3598	3598
P124,4	3599	3599
P126,4	3600	3603
P125,1	3604	3635
P129,4	3636	3639
P65,5	3640	3641
P64,5	3642	3646
P189,1	3647	3678
P134,4	3679	3679
P137,1	3680	3711
P67,5	3712	3715
P141,4	3716	3717
P74,5	3718	3718
P143,2	3719	3750
P138,4	3751	3756
P73,1	3757	3788
P75,5	3789	3793
P71,5	3794	3797
P146,1	3798	3829
P148,4	3830	3835
P147,4	3836	3837
P34,6	3838	3843
P36,6	3844	3849
P76,5	3850	3853
P77,5	3854	3854
P18,7	3855	3856
P150,4	3857	3861
P154,4	3862	3865
P19,7	3866	3868
P152,1	3869	3900
P153,4	3901	3903
P156,4	3904	3904
P9,8	3905	3906
P195,1	3907	3938
P79,5	3939	3941
P35,6	3942	3945
P161,4	3946	3951
P162,1	3952	3955
P197,1	3956	3967
P164,4	3968	3968
P160,4	3969	3970
P163,4	3971	3976
P84,5	3977	3980
P165,4	3981	3981
P198,1	3982	3999
P85,5	4000	4002
P88,5	4003	4003
P24,2	4004	4035
P22,7	4036	4038
P40,6	4039	4042
P172,4	4043	4048
P89,5	4049	4053
P90,5	4054	4058
P175,2	4059	4090
P176,4	4091	4091
P92,2	4092	4123
P94,5	4124	4124
P180,1	4125	4156
P47,6	4157	4160
P12,8	4161	4163
P99,5	4164	4166
P26,7	4167	4169
P181,1	4170	4201
P14,8	4202	4206
P50,6	4207	4207
P48,6	4208	4211
P49,6	4212	4212
P28,7	4213	4218
P102,5	4219	4222
P51,2	4223	4254
P52,2	4255	4286
P107,5	4287	4288
P54,6	4289	4293
P53,6	4294	4299
P109,5	4300	4303
P111,5	4304	4309
P113,5	4310	4313
P112,5	4314	4316
P110,5	4317	4318
P16,8	4319	4324
P185,2	4325	4356
P121,5	4357	4361
P117,5	4362	4362
P187,2	4363	4394
P122,5	4395	4399
P29,7	4400	4404
P61,6	4405	4406
P30,7	4407	4411
P188,1	4412	4443
P127,5	4444	4445
P6,9	4446	4451
P128,5	4452	4456
P133,5	4457	4459
P129,5	4460	4462
P64,6	4463	4465
P132,5	4466	4470
P66,6	4471	4471
P136,5	4472	4476
P190,1	4477	4508
P134,5	4509	4513
P69,2	4514	4545
P141,5	4546	4546
P70,6	4547	4551
P140,5	4552	4552
P142,5	4553	4555
P139,5	4556	4561
P144,5	4562	4564
P73,1	4565	4582
P138,5	4583	4583
P75,6	4584	4584
P71,6	4585	4586
P145,5	4587	4588
P31,7	4589	4594
P193,1	4595	4626
P148,5	4627	4632
P149,5	4633	4634
P151,5	4635	4640
P194,1	4641	4646
P153,5	4647	4652
P156,5	4653	4654
P155,1	4655	4686
P9,9	4687	4692
P159,5	4693	4698
P162,2	4699	4730
P79,6	4731	4735
P157,5	4736	4737
P196,1	4738	4761
P160,5	4762	4767
P87,6	4768	4768
P163,5	4769	4773
P167,5	4774	4775
P166,5	4776	4778
P165,5	4779	4783
P37,7	4784	4788
P169,5	4789	4793
P171,5	4794	4798
P199,1	4799	4830
P39,7	4831	4835
P22,8	4836	4837
P91,6	4838	4841
P172,5	4842	4842
P40,7	4843	4848
P89,6	4849	4849
P90,6	4850	4852
P175,2	4853	4884
P92,2	4885	4916
P95,6	4917	4918
P180,1	4919	4933
P178,5	4934	4936
P47,7	4937	4941
P44,7	4942	4945
P101,6	4946	4949
P98,6	4950	4951
P181,1	4952	4983
P26,8	4984	4988
P48,7	4989	4994
P28,8	4995	4999
P49,7	5000	5005
P51,2	5006	5037
P52,2	5038	5069
P108,6	5070	5074
P109,6	5075	5077
P107,6	5078	5082
P53,7	5083	5087
P112,6	5088	5093
P110,6	5094	5099
P16,9	5100	5101
P56,7	5102	5102
P118,6	5103	5108
P58,7	5109	5114
P59,7	5115	5115
P57,7	5116	5121
P114,6	5122	5122
P116,6	5123	5124
P17,9	5125	5128
P119,6	5129	5129
P121,6	5130	5130
P187,2	5131	5162
P60,7	5163	5163
P120,6	5164	5167
P62,7	5168	5171
P123,6	5172	5177
P124,6	5178	5179
P125,1	5180	5185
P126,6	5186	5190
P127,6	5191	5192
P68,7	5193	5194
P65,7	5195	5199
P132,6	5200	5205
P189,1	5206	5227
P130,6	5228	5229
P134,6	5230	5232
P69,2	5233	5264
P141,6	5265	5269
P142,6	5270	5271
P139,6	5272	5274
P140,6	5275	5279
P70,7	5280	5283
P144,6	5284	5288
P75,7	5289	5293
P145,6	5294	5297
P138,6	5298	5300
P71,7	5301	5302
P146,1	5303	5323
P147,6	5324	5328
P34,8	5329	5330
P149,6	5331	5335
P18,9	5336	5336
P148,6	5337	5338
P77,7	5339	5340
P76,7	5341	5342
P20,9	5343	5343
P151,6	5344	5348
P150,6	5349	5354
P19,9	5355	5359
P156,6	5360	5361
P155,1	5362	5393
P82,7	5394	5395
P159,6	5396	5397
P8,10	5398	5403
P197,2	5404	5435
P167,6	5436	5438
P160,6	5439	5444
P84,7	5445	5446
P164,6	5447	5452
P87,7	5453	5458
P166,6	5459	5462
P165,6	5463	5465
P37,8	5466	5469
P24,2	5470	5501
P171,6	5502	5504
P86,7	5505	5508
P22,9	5509	5509
P39,8	5510	5513
P200,1	5514	5545
P40,8	5546	5547
P23,9	5548	5549
P174,6	5550	5552
P41,8	5553	5554
P176,6	5555	5556
P179,6	5557	5562
P173,6	5563	5563
P43,2	5564	5595
P180,2	5596	5627
P12,10	5628	5629
P46,8	5630	5634
P103,2	5635	5666
P14,10	5667	5670
P48,8	5671	5671
P28,9	5672	5675
P51,2	5676	5707
P104,7	5708	5708
P52,2	5709	5740
P107,7	5741	5746
P110,7	5747	5751
P56,8	5752	5753
P114,7	5754	5759
P57,8	5760	5760
P58,8	5761	5765
P117,7	5766	5770
P59,8	5771	5772
P55,8	5773	5776
P116,7	5777	5777
P121,7	5778	5778
P187,2	5779	5810
P120,7	5811	5814
P61,8	5815	5819
P60,8	5820	5823
P2,12	5824	5825
P126,7	5826	5830
P65,8	5831	5831
P68,8	5832	5836
P64,8	5837	5841
P131,7	5842	5842
P133,7	5843	5844
P132,7	5845	5850
P127,7	5851	5853
P129,7	5854	5858
P66,8	5859	5863
P137,1	5864	5867
P130,7	5868	5869
P134,7	5870	5873
P143,2	5874	5905
P191,1	5906	5937
P34,9	5938	5943
P147,7	5944	5949
P76,8	5950	5954
P19,10	5955	5957
P150,7	5958	5961
P156,7	5962	5962
P155,1	5963	5963
P153,7	5964	5966
P78,8	5967	5970
P9,11	5971	5972
P159,7	5973	5978
P162,2	5979	5999
P158,7	6000	6003
P79,8	6004	6004
P84,8	6005	6005
P163,7	6006	6008
P160,7	6009	6012
P87,8	6013	6013
P166,7	6014	6017
P165,7	6018	6021
P164,7	6022	6023
P24,2	6024	6055
P171,7	6056	6060
P86,8	6061	6065
P89,8	6066	6070
P39,9	6071	6076
P170,7	6077	6079
P22,10	6080	6081
P200,1	6082	6106
P40,9	6107	6112
P174,7	6113	6114
P41,9	6115	6117
P173,7	6118	6121
P179,7	6122	6127
P176,7	6128	6130
P43,2	6131	6162
P178,7	6163	6165
P47,9	6166	6167
P94,8	6168	6173
P98,8	6174	6176
P12,11	6177	6178
P97,8	6179	6180
P101,8	6181	6181
P45,9	6182	6184
P96,8	6185	6187
P103,2	6188	6219
P48,9	6220	6224
P49,9	6225	6225
P28,10	6226	6228
P104,8	6229	6230
P102,8	6231	6231
P52,2	6232	6232
P10,11	6233	6233
P54,9	6234	6234
P112,8	6235	6236
P53,9	6237	6240
P108,8	6241	6245
P185,2	6246	6277
P125,2	6278	6309
P2,13	6310	6315
P6,12	6316	6320
P123,8	6321	6325
P60,9	6326	6329
P62,9	6330	6333
P190,2	6334	6365
P133,8	6366	6367
P64,9	6368	6372
P66,9	6373	6376
P130,8	6377	6379
P143,2	6380	6411
P141,8	6412	6412
P139,8	6413	6416
P145,8	6417	6418
P75,9	6419	6424
P193,2	6425	6456
P18,11	6457	6459
P77,9	6460	6462
P76,9	6463	6465
P20,11	6466	6466
P147,8	6467	6469
P153,8	6470	6475
P152,2	6476	6507
P167,8	6508	6508
P35,10	6509	6511
P165,8	6512	6513
P160,8	6514	6516
P163,8	6517	6517
P164,8	6518	6523
P24,2	6524	6555
P37,10	6556	6561
P171,8	6562	6565
P39,10	6566	6566
P86,9	6567	6567
P89,9	6568	6569
P170,8	6570	6572
P90,9	6573	6577
P172,8	6578	6582
P200,2	6583	6614
P91,9	6615	6615
P40,10	6616	6621
P41,10	6622	6627
P43,2	6628	6640
P180,2	6641	6672
P182,2	6673	6704
P14,12	6705	6710
P28,11	6711	6715
P107,9	6716	6720
P111,9	6721	6721
P118,9	6722	6726
P59,10	6727	6730
P117,9	6731	6734
P187,2	6735	6738
P125,2	6739	6770
P135,9	6771	6773
P190,2	6774	6774
P132,9	6775	6780
P133,9	6781	6782
P127,9	6783	6783
P69,2	6784	6808
P130,9	6809	6810
P66,10	6811	6813
P143,2	6814	6845
P140,9	6846	6846
P142,9	6847	6852
P145,9	6853	6856
P193,2	6857	6888
P20,12	6889	6889
P77,10	6890	6890
P76,10	6891	6893
P147,9	6894	6895
P152,2	6896	6898
P78,10	6899	6901
P156,9	6902	6904
P150,9	6905	6906
P35,11	6907	6909
P8,13	6910	6913
P160,9	6914	6919
P198,2	6920	6951
P86,10	6952	6956
P89,10	6957	6957
P37,11	6958	6958
P171,9	6959	6962
P90,10	6963	6963
P39,11	6964	6969
P172,9	6970	6975
P85,10	6976	6981
P175,2	6982	6992
P91,10	6993	6998
P40,11	6999	7001
P176,9	7002	7005
P179,9	7006	7009
P12,13	7010	7011
P94,10	7012	7013
P180,2	7014	7045
P182,2	7046	7067
P107,10	7068	7069
P58,11	7070	7073
P14,13	7074	7077
P108,10	7078	7079
P118,10	7080	7083
P59,11	7084	7085
P57,11	7086	7090
P61,11	7091	7096
P30,12	7097	7097
P124,10	7098	7099
P126,10	7100	7101
P2,15	7102	7105
P6,14	7106	7109
P132,10	7110	7113
P137,2	7114	7145
P140,10	7146	7146
P191,2	7147	7178
P77,11	7179	7184
P147,10	7185	7189
P156,10	7190	7193
P76,11	7194	7199
P35,12	7200	7202
P78,11	7203	7206
P160,10	7207	7207
P150,10	7208	7213
P159,10	7214	7217
P198,2	7218	7231
P163,10	7232	7237
P89,11	7238	7239
P86,11	7240	7245
P171,10	7246	7246
P39,12	7247	7252
P37,12	7253	7256
P172,10	7257	7257
P85,11	7258	7263
P200,2	7264	7295
P178,10	7296	7297
P97,11	7298	7302
P94,11	7303	7306
P49,12	7307	7310
P58,12	7311	7312
P53,12	7313	7318
P102,11	7319	7322
P55,12	7323	7325
P14,14	7326	7328
P108,11	7329	7333
P57,12	7334	7335
P61,12	7336	7340
P118,11	7341	7341
P59,12	7342	7347
P124,11	7348	7349
P127,11	7350	7353
P137,2	7354	7361
P68,12	7362	7365
P133,11	7366	7371
P191,2	7372	7403
P20,14	7404	7405
P156,11	7406	7409
P150,11	7410	7410
P160,11	7411	7413
P35,13	7414	7419
P76,12	7420	7423
P78,12	7424	7424
P159,11	7425	7429
P158,11	7430	7435
P8,15	7436	7439
P199,2	7440	7471
P91,12	7472	7476
P40,13	7477	7482
P98,12	7483	7487
P97,12	7488	7488
P49,13	7489	7491
P58,13	7492	7494
P55,13	7495	7497
P108,12	7498	7500
P107,12	7501	7502
P54,13	7503	7506
P59,13	7507	7508
P111,12	7509	7514
P126,12	7515	7518
P127,12	7519	7520
P135,12	7521	7526
P129,12	7527	7527
P191,2	7528	7531
P77,13	7532	7532
P145,12	7533	7538
P147,12	7539	7542
P155,2	7543	7574
P84,13	7575	7579
P85,13	7580	7581
P89,13	7582	7585
P172,12	7586	7588
P91,13	7589	7590
P58,14	7591	7596
P179,12	7597	7601
P108,13	7602	7606
P112,13	7607	7610
P77,14	7611	7615
P118,13	7616	7616
P140,13	7617	7621
P160,13	7622	7627
P86,14	7628	7631
P71,14	7632	7632
P35,15	7633	7633
P163,13	7634	7639
P76,14	7640	7641
P89,14	7642	7647
P172,13	7648	7648
P176,13	7649	7654
P98,14	7655	7658
P96,14	7659	7664
P118,14	7665	7669
P71,15	7670	7672
P147,14	7673	7676
P163,14	7677	7677
P98,15	7678	7681
P176,14	7682	7686
P102,15	7693	7698
P96,15	7701	7705
P176,15	7709	7711
P179,15	7717	7719
CPU1
P2,1	4	4
P3,1	8	39
P7,1	40	42
P2,2	43	44
P1,1	45	76
P10,1	77	78
P11,1	79	83
P7,2	84	84
P13,1	85	88
P14,1	89	91
P15,1	92	123
P6,2	124	124
P18,1	125	127
P19,1	128	131
P20,1	132	136
P8,2	137	137
P3,1	138	169
P7,3	170	170
P12,2	171	173
P5,3	174	179
P25,1	180	183
P26,1	184	184
P27,1	185	216
P13,2	217	217
P4,3	218	220
P29,1	221	224
P17,2	225	226
P30,1	227	227
P2,4	228	232
P1,1	233	264
P33,1	265	296
P3,1	297	318
P39,1	319	324
P40,1	325	326
P24,1	327	358
P44,1	359	359
P45,1	360	365
P7,4	366	369
P5,4	370	373
P14,3	374	377
P46,1	378	378
P26,2	379	382
P12,3	383	387
P25,2	388	390
P48,1	391	396
P27,1	397	428
P52,1	429	460
P15,2	461	492
P17,3	493	497
P62,1	498	502
P30,2	503	508
P1,2	509	540
P65,1	541	543
P66,1	544	548
P67,1	549	549
P68,1	550	553
P69,1	554	585
P72,1	586	590
P74,1	591	593
P75,1	594	594
P76,1	595	597
P33,1	598	629
P20,3	630	630
P35,2	631	636
P3,2	637	668
P21,3	669	669
P82,1	670	672
P83,1	673	704
P37,2	705	709
P85,1	710	713
P86,1	714	718
P88,1	719	719
P89,1	720	722
P41,2	723	725
P90,1	726	728
P22,3	729	731
P23,3	732	737
P91,1	738	743
P92,1	744	775
P7,5	776	780
P96,1	781	786
P44,2	787	792
P45,2	793	793
P26,3	794	797
P98,1	798	800
P12,4	801	803
P99,1	804	809
P101,1	810	810
P102,1	811	816
P50,2	817	820
P25,3	821	823
P103,1	824	855
P49,2	856	856
P106,1	857	860
P51,1	861	892
P108,1	893	897
P109,1	898	900
P110,1	901	901
P111,1	902	903
P53,2	904	909
P112,1	910	910
P16,4	911	916
P54,2	917	921
P113,1	922	922
P114,1	923	928
P56,2	929	932
P15,2	933	964
P58,2	965	970
P118,1	971	974
P119,1	975	978
P57,2	979	981
P13,4	982	987
P61,2	988	992
P62,2	993	997
P29,3	998	1000
P63,1	1001	1032
P124,1	1033	1037
P125,1	1038	1069
P68,2	1070	1073
P133,1	1074	1077
P64,2	1078	1081
P134,1	1082	1082
P66,2	1083	1086
P67,2	1087	1087
P135,1	1088	1091
P136,1	1092	1097
P137,1	1098	1129
P138,1	1130	1134
P139,1	1135	1137
P70,2	1138	1139
P141,1	1140	1140
P142,1	1141	1146
P144,1	1147	1150
P73,1	1151	1182
P146,1	1183	1214
P18,4	1215	1219
P152,1	1220	1251
P35,3	1252	1257
P156,1	1258	1261
P3,2	1262	1293
P157,1	1294	1298
P158,1	1299	1300
P82,2	1301	1304
P159,1	1305	1306
P160,1	1307	1307
P21,4	1308	1309
P161,1	1310	1310
P84,2	1311	1316
P83,1	1317	1344
P164,1	1345	1348
P165,1	1349	1349
P166,1	1350	1354
P167,1	1355	1357
P87,2	1358	1360
P85,2	1361	1365
P39,3	1366	1367
P86,2	1368	1372
P37,3	1373	1375
P168,1	1376	1407
P172,1	1408	1413
P89,2	1414	1418
P23,4	1419	1421
P173,1	1422	1427
P91,2	1428	1431
P90,2	1432	1432
P175,1	1433	1464
P42,3	1465	1470
P177,1	1471	1475
P94,2	1476	1481
P179,1	1482	1487
P180,1	1488	1519
P7,6	1520	1521
P45,3	1522	1526
P44,3	1527	1531
P12,5	1532	1534
P5,6	1535	1536
P26,4	1537	1539
P25,4	1540	1543
P50,3	1544	1548
P99,2	1549	1553
P101,2	1554	1554
P103,1	1555	1586
P49,3	1587	1592
P48,3	1593	1597
P105,1	1598	1629
P51,1	1630	1631
P106,2	1632	1637
P184,1	1638	1669
P109,2	1670	1671
P111,2	1672	1673
P107,2	1674	1676
P110,2	1677	1679
P53,3	1680	1684
P112,2	1685	1687
P54,3	1688	1691
P16,5	1692	1694
P11,5	1695	1699
P114,2	1700	1705
P15,2	1706	1712
P185,1	1713	1744
P116,2	1745	1747
P117,2	1748	1751
P59,3	1752	1756
P120,2	1757	1760
P13,5	1761	1766
P61,3	1767	1772
P29,4	1773	1778
P17,5	1779	1782
P2,7	1783	1783
P122,2	1784	1789
P187,1	1790	1821
P30,4	1822	1824
P123,2	1825	1825
P188,1	1826	1857
P128,2	1858	1860
P126,2	1861	1862
P127,2	1863	1864
P129,2	1865	1870
P6,6	1871	1873
P68,3	1874	1878
P132,2	1879	1882
P64,3	1883	1886
P66,3	1887	1889
P136,2	1890	1894
P135,2	1895	1900
P134,2	1901	1904
P190,1	1905	1936
P69,1	1937	1968
P138,2	1969	1974
P143,1	1975	2006
P73,1	2007	2038
P71,3	2039	2040
P31,4	2041	2046
P146,1	2047	2078
P76,3	2079	2082
P148,2	2083	2088
P149,2	2089	2090
P18,5	2091	2095
P20,5	2096	2098
P194,1	2099	2130
P78,3	2131	2134
P9,6	2135	2140
P153,2	2141	2141
P155,1	2142	2173
P3,2	2174	2195
P79,3	2196	2200
P157,2	2201	2201
P21,5	2202	2202
P159,2	2203	2207
P161,2	2208	2213
P158,2	2214	2219
P82,3	2220	2224
P196,1	2225	2256
P197,1	2257	2288
P198,1	2289	2320
P168,1	2321	2352
P22,5	2353	2357
P170,2	2358	2359
P40,4	2360	2364
P172,2	2365	2370
P200,1	2371	2402
P173,2	2403	2406
P41,4	2407	2407
P90,3	2408	2412
P175,1	2413	2444
P42,4	2445	2446
P177,2	2447	2451
P179,2	2452	2454
P94,3	2455	2459
P178,2	2460	2461
P43,1	2462	2477
P7,7	2478	2482
P46,4	2483	2485
P98,3	2486	2491
P47,4	2492	2496
P96,3	2497	2500
P45,4	2501	2502
P97,3	2503	2503
P25,5	2504	2504
P26,5	2505	2510
P99,3	2511	2513
P50,4	2514	2516
P101,3	2517	2518
P103,1	2519	2550
P48,4	2551	2552
P104,3	2553	2558
P105,1	2559	2590
P183,1	2591	2622
P10,6	2623	2625
P52,1	2626	2657
P113,3	2658	2659
P110,3	2660	2663
P112,3	2664	2668
P115,1	2669	2700
P57,4	2701	2701
P118,3	2702	2707
P58,4	2708	2713
P60,4	2714	2719
P117,3	2720	2723
P4,7	2724	2725
P121,3	2726	2731
P120,3	2732	2735
P59,4	2736	2741
P17,6	2742	2747
P61,4	2748	2750
P122,3	2751	2756
P29,5	2757	2759
P2,8	2760	2760
P187,1	2761	2792
P124,3	2793	2796
P125,1	2797	2828
P136,3	2829	2831
P133,3	2832	2837
P189,1	2838	2869
P137,1	2870	2901
P140,3	2902	2905
P141,3	2906	2906
P139,3	2907	2910
P74,4	2911	2912
P142,3	2913	2914
P144,3	2915	2919
P143,1	2920	2928
P138,3	2929	2933
P73,1	2934	2965
P75,4	2966	2970
P71,4	2971	2972
P72,4	2973	2974
P146,1	2975	3006
P148,3	3007	3010
P76,4	3011	3015
P149,3	3016	3021
P18,6	3022	3024
P147,3	3025	3025
P77,4	3026	3030
P20,6	3031	3032
P154,3	3033	3034
P151,3	3035	3035
P80,4	3036	3040
P19,6	3041	3046
P152,1	3047	3078
P9,7	3079	3080
P156,3	3081	3086
P8,7	3087	3092
P195,1	3093	3124
P35,5	3125	3130
P196,1	3131	3162
P160,3	3163	3165
P164,3	3166	3169
P163,3	3170	3170
P165,3	3171	3175
P84,4	3176	3179
P167,3	3180	3182
P198,1	3183	3214
P85,4	3215	3215
P39,5	3216	3221
P88,4	3222	3223
P199,1	3224	3255
P91,4	3256	3256
P89,4	3257	3258
P23,6	3259	3260
P90,4	3261	3266
P174,3	3267	3267
P173,3	3268	3269
P175,1	3270	3283
P176,3	3284	3289
P42,5	3290	3291
P93,4	3292	3297
P179,3	3298	3301
P95,4	3302	3306
P177,3	3307	3311
P43,2	3312	3343
P7,8	3344	3346
P98,4	3347	3350
P97,4	3351	3351
P46,5	3352	3356
P44,5	3357	3362
P26,6	3363	3368
P12,7	3369	3372
P25,6	3373	3376
P181,1	3377	3408
P50,5	3409	3413
P49,5	3414	3414
P182,1	3415	3446
P183,1	3447	3478
P52,1	3479	3482
P111,4	3483	3487
P10,7	3488	3488
P107,4	3489	3489
P53,5	3490	3491
P54,5	3492	3497
P109,4	3498	3503
P113,4	3504	3508
P115,1	3509	3540
P57,5	3541	3543
P58,5	3544	3546
P55,5	3547	3552
P116,4	3553	3557
P60,5	3558	3562
P120,4	3563	3566
P17,7	3567	3567
P2,9	3568	3569
P61,5	3570	3572
P122,4	3573	3578
P29,6	3579	3584
P187,1	3585	3587
P123,4	3588	3588
P62,5	3589	3591
P188,1	3592	3623
P127,4	3624	3627
P68,5	3628	3629
P128,4	3630	3630
P131,4	3631	3635
P6,8	3636	3637
P133,4	3638	3643
P135,4	3644	3648
P136,4	3649	3654
P132,4	3655	3656
P130,4	3657	3660
P66,5	3661	3662
P190,1	3663	3694
P69,1	3695	3724
P139,4	3725	3729
P140,4	3730	3730
P142,4	3731	3731
P70,5	3732	3734
P144,4	3735	3737
P191,1	3738	3769
P192,1	3770	3801
P72,5	3802	3807
P145,4	3808	3811
P31,6	3812	3812
P193,1	3813	3844
P20,7	3845	3848
P149,4	3849	3853
P151,4	3854	3859
P80,5	3860	3863
P194,1	3864	3895
P78,5	3896	3901
P155,1	3902	3933
P8,8	3934	3935
P159,4	3936	3938
P157,4	3939	3943
P158,4	3944	3947
P82,5	3948	3948
P196,1	3949	3980
P167,4	3981	3981
P166,4	3982	3984
P87,5	3985	3989
P37,6	3990	3990
P169,4	3991	3996
P86,5	3997	3997
P171,4	3998	4000
P39,6	4001	4005
P199,1	4006	4037
P170,4	4038	4038
P91,5	4039	4043
P200,1	4044	4075
P23,7	4076	4079
P174,4	4080	4084
P173,4	4085	4086
P41,6	4087	4091
P179,4	4092	4096
P93,5	4097	4100
P177,4	4101	4104
P95,5	4105	4110
P43,2	4111	4142
P178,4	4143	4144
P7,9	4145	4146
P97,5	4147	4149
P96,5	4150	4154
P44,6	4155	4156
P98,5	4157	4160
P45,6	4161	4162
P46,6	4163	4166
P101,5	4167	4171
P103,1	4172	4203
P100,5	4204	4208
P182,1	4209	4240
P104,5	4241	4241
P183,1	4242	4273
P106,5	4274	4275
P108,5	4276	4278
P10,8	4279	4281
P184,2	4282	4313
P11,8	4314	4316
P115,1	4317	4339
P56,6	4340	4342
P114,5	4343	4343
P57,6	4344	4348
P116,5	4349	4350
P118,5	4351	4352
P58,6	4353	4353
P55,6	4354	4355
P59,6	4356	4360
P17,8	4361	4366
P119,5	4367	4368
P186,1	4369	4400
P60,6	4401	4401
P120,5	4402	4403
P2,10	4404	4406
P123,5	4407	4411
P62,6	4412	4412
P126,5	4413	4416
P124,5	4417	4418
P125,1	4419	4450
P65,6	4451	4453
P131,5	4454	4454
P68,6	4455	4457
P135,5	4458	4459
P189,1	4460	4491
P130,5	4492	4495
P137,1	4496	4527
P143,2	4528	4559
P191,1	4560	4591
P146,1	4592	4623
P147,5	4624	4626
P34,7	4627	4627
P18,8	4628	4629
P20,8	4630	4630
P76,6	4631	4635
P77,6	4636	4637
P19,8	4638	4639
P150,5	4640	4640
P154,5	4641	4642
P152,1	4643	4674
P78,6	4675	4675
P195,1	4676	4707
P8,9	4708	4712
P82,6	4713	4716
P161,5	4717	4720
P158,5	4721	4725
P197,2	4726	4757
P35,7	4758	4761
P164,5	4762	4762
P84,6	4763	4764
P198,2	4765	4796
P86,6	4797	4797
P24,2	4798	4829
P85,6	4830	4834
P170,5	4835	4838
P200,1	4839	4870
P23,8	4871	4871
P174,5	4872	4872
P176,5	4873	4877
P41,7	4878	4882
P93,6	4883	4888
P173,5	4889	4894
P179,5	4895	4896
P177,5	4897	4899
P43,2	4900	4931
P94,6	4932	4932
P7,10	4933	4935
P97,6	4936	4939
P96,6	4940	4943
P46,7	4944	4949
P45,7	4950	4950
P12,9	4951	4956
P103,1	4957	4986
P14,9	4987	4991
P100,6	4992	4993
P182,1	4994	5020
P102,6	5021	5025
P104,6	5026	5031
P183,1	5032	5063
P10,9	5064	5064
P54,7	5065	5067
P184,2	5068	5095
P111,6	5096	5098
P185,2	5099	5130
P55,7	5131	5132
P117,6	5133	5133
P186,1	5134	5157
P29,8	5158	5161
P61,7	5162	5164
P2,11	5165	5170
P30,8	5171	5171
P188,1	5172	5191
P6,10	5192	5193
P135,6	5194	5194
P133,6	5195	5197
P131,6	5198	5203
P129,6	5204	5205
P64,7	5206	5207
P66,7	5208	5210
P190,1	5211	5218
P137,1	5219	5250
P143,2	5251	5282
P191,1	5283	5314
P193,1	5315	5346
P152,1	5347	5377
P153,6	5378	5378
P195,1	5379	5383
P9,10	5384	5386
P78,7	5387	5391
P162,2	5392	5423
P158,6	5424	5428
P79,7	5429	5432
P35,8	5433	5436
P163,6	5437	5442
P198,2	5443	5474
P199,1	5475	5506
P85,7	5507	5508
P89,7	5509	5513
P172,6	5514	5515
P170,6	5516	5519
P91,7	5520	5522
P90,7	5523	5524
P175,2	5525	5556
P93,7	5557	5561
P92,2	5562	5593
P177,6	5594	5597
P95,7	5598	5599
P178,6	5600	5605
P7,11	5606	5607
P47,8	5608	5609
P94,7	5610	5612
P98,7	5613	5618
P97,7	5619	5622
P45,8	5623	5624
P96,7	5625	5625
P101,7	5626	5627
P181,1	5628	5651
P26,9	5652	5652
P100,7	5653	5654
P182,2	5655	5686
P49,8	5687	5689
P102,7	5690	5694
P183,1	5695	5726
P10,10	5727	5730
P108,7	5731	5732
P53,8	5733	5733
P54,8	5734	5736
P112,7	5737	5739
P16,10	5740	5742
P118,7	5743	5746
P111,7	5747	5747
P185,2	5748	5779
P119,7	5780	5780
P125,2	5781	5812
P30,9	5813	5816
P124,7	5817	5821
P62,8	5822	5825
P123,7	5826	5827
P6,11	5828	5832
P135,7	5833	5835
P190,2	5836	5867
P69,2	5868	5899
P142,7	5900	5900
P141,7	5901	5901
P140,7	5902	5902
P139,7	5903	5906
P75,8	5907	5912
P145,7	5913	5918
P138,7	5919	5920
P71,8	5921	5924
P193,1	5925	5944
P20,10	5945	5948
P149,7	5949	5950
P77,8	5951	5951
P18,10	5952	5952
P152,2	5953	5984
P82,8	5985	5987
P8,11	5988	5988
P197,2	5989	6001
P35,9	6002	6003
P167,7	6004	6006
P198,2	6007	6038
P37,9	6039	6041
P199,1	6042	6071
P85,8	6072	6073
P172,7	6074	6079
P90,8	6080	6084
P91,8	6085	6089
P175,2	6090	6121
P92,2	6122	6153
P93,8	6154	6154
P95,8	6155	6155
P180,2	6156	6187
P46,9	6188	6188
P182,2	6189	6220
P14,11	6221	6222
P51,2	6223	6238
P111,8	6239	6240
P110,8	6241	6241
P114,8	6242	6242
P107,8	6243	6245
P118,8	6246	6247
P58,9	6248	6249
P56,9	6250	6252
P57,9	6253	6258
P55,9	6259	6262
P119,8	6263	6268
P117,8	6269	6269
P59,9	6270	6270
P187,2	6271	6302
P116,8	6303	6306
P120,8	6307	6308
P61,9	6309	6309
P30,10	6310	6312
P126,8	6313	6318
P124,8	6319	6322
P68,9	6323	6326
P131,8	6327	6327
P65,9	6328	6333
P135,8	6334	6336
P132,8	6337	6337
P137,2	6338	6369
P127,8	6370	6370
P129,8	6371	6371
P69,2	6372	6403
P134,8	6404	6407
P142,8	6408	6410
P140,8	6411	6413
P191,2	6414	6445
P71,9	6446	6448
P138,8	6449	6449
P34,10	6450	6453
P155,2	6454	6485
P149,8	6486	6491
P156,8	6492	6494
P150,8	6495	6497
P78,9	6498	6499
P159,8	6500	6502
P8,12	6503	6505
P158,8	6506	6506
P84,9	6507	6510
P198,2	6511	6542
P166,8	6543	6545
P199,2	6546	6577
P85,9	6578	6583
P175,2	6584	6615
P176,8	6616	6617
P92,2	6618	6632
P179,8	6633	6636
P93,9	6637	6640
P94,9	6641	6644
P95,9	6645	6645
P12,12	6646	6648
P47,10	6649	6649
P178,8	6650	6651
P98,9	6652	6652
P97,9	6653	6656
P45,10	6657	6657
P96,9	6658	6658
P103,2	6659	6690
P46,10	6691	6694
P49,10	6695	6697
P54,10	6698	6698
P110,9	6699	6701
P102,9	6702	6703
P53,10	6704	6704
P112,9	6705	6707
P58,10	6708	6712
P185,2	6713	6722
P108,9	6723	6725
P56,10	6726	6726
P57,10	6727	6732
P55,10	6733	6738
P116,9	6739	6742
P61,10	6743	6744
P120,9	6745	6747
P6,13	6748	6753
P124,9	6754	6757
P30,11	6758	6761
P2,14	6762	6764
P65,10	6765	6765
P126,9	6766	6766
P131,9	6767	6768
P68,10	6769	6773
P137,2	6774	6805
P64,10	6806	6811
P129,9	6812	6817
P134,9	6818	6823
P141,9	6824	6824
P139,9	6825	6830
P191,2	6831	6862
P34,11	6863	6863
P71,10	6864	6869
P18,12	6870	6872
P138,9	6873	6877
P155,2	6878	6909
P167,9	6910	6915
P159,9	6916	6920
P158,9	6921	6926
P84,10	6927	6928
P165,9	6929	6932
P163,9	6933	6933
P164,9	6934	6938
P166,9	6939	6943
P199,2	6944	6975
P200,2	6976	7007
P41,11	7008	7008
P93,10	7009	7011
P47,11	7012	7013
P178,9	7014	7019
P98,10	7020	7021
P97,10	7022	7023
P45,11	7024	7028
P96,10	7029	7030
P103,2	7031	7049
P49,11	7050	7053
P53,11	7054	7059
P54,11	7060	7061
P112,10	7062	7064
P102,10	7065	7068
P110,10	7069	7074
P111,10	7075	7078
P117,10	7079	7084
P120,10	7085	7085
P55,11	7086	7086
P125,2	7087	7118
P131,10	7119	7124
P127,10	7125	7126
P135,10	7127	7127
P68,11	7128	7129
P133,10	7130	7134
P64,11	7135	7140
P141,10	7141	7144
P129,10	7145	7148
P139,10	7149	7150
P142,10	7151	7154
P193,2	7155	7155
P145,10	7156	7159
P71,11	7160	7165
P18,13	7166	7170
P34,12	7171	7174
P138,10	7175	7175
P20,13	7176	7178
P155,2	7179	7210
P167,10	7211	7215
P158,10	7216	7220
P8,14	7221	7225
P84,11	7226	7227
P165,10	7228	7228
P166,10	7229	7234
P199,2	7235	7266
P40,12	7267	7270
P176,10	7271	7271
P91,11	7272	7274
P179,10	7275	7275
P12,14	7276	7276
P98,11	7277	7281
P45,12	7282	7287
P180,2	7288	7299
P93,11	7300	7304
P96,11	7305	7309
P54,12	7310	7315
P107,11	7316	7317
P112,11	7318	7322
P120,11	7323	7328
P111,11	7329	7331
P125,2	7332	7346
P126,11	7347	7351
P131,11	7352	7357
P135,11	7358	7363
P132,11	7364	7367
P142,11	7368	7373
P129,11	7374	7375
P140,11	7376	7379
P145,11	7380	7385
P77,12	7386	7387
P71,12	7388	7393
P18,14	7394	7397
P147,11	7398	7398
P155,2	7399	7430
P84,12	7431	7436
P163,11	7437	7437
P89,12	7438	7438
P165,11	7439	7442
P86,12	7443	7446
P171,11	7447	7447
P85,12	7448	7449
P172,11	7450	7455
P37,13	7456	7456
P200,2	7457	7473
P176,11	7474	7476
P45,13	7477	7477
P179,11	7478	7483
P178,11	7484	7487
P96,12	7488	7489
P94,12	7490	7492
P102,12	7493	7498
P112,12	7499	7503
P53,13	7504	7504
P61,13	7505	7510
P124,12	7511	7515
P131,12	7516	7517
P118,12	7518	7521
P132,12	7522	7524
P68,13	7525	7528
P133,12	7529	7532
P71,13	7533	7537
P140,12	7538	7538
P160,12	7539	7542
P35,14	7543	7543
P163,12	7544	7546
P76,13	7547	7550
P158,12	7551	7551
P86,13	7552	7553
P199,2	7554	7585
P45,14	7586	7586
P176,12	7587	7592
P107,13	7593	7593
P98,13	7594	7597
P96,13	7598	7599
P49,14	7600	7603
P94,13	7604	7604
P53,14	7605	7605
P102,13	7606	7606
P111,13	7607	7612
P129,13	7613	7616
P145,13	7617	7622
P158,13	7623	7624
P133,13	7625	7626
P147,13	7627	7627
P155,2	7628	7651
P107,14	7652	7653
P102,14	7654	7657
P53,15	7658	7659
P179,13	7660	7660
P140,14	7661	7666
P158,14	7667	7670
P86,15	7671	7673
P160,14	7674	7676
P179,14	7677	7682
P107,15	7686	7687
P163,15	7703	7706
