CPU0
P1,1	2	65
P4,1	66	66
P5,1	67	70
P6,1	71	72
P8,1	73	76
P9,1	77	82
P12,1	83	85
P14,1	86	88
P1,1	89	152
P17,1	153	154
P3,1	155	208
P12,2	209	211
P2,3	212	212
P9,2	213	215
P6,2	216	216
P14,2	217	221
P25,1	222	225
P26,1	226	226
P27,1	227	290
P33,1	291	354
P15,2	355	418
P38,1	419	482
P21,2	483	484
P44,1	485	485
P19,2	486	486
P45,1	487	492
P5,3	493	498
P46,1	499	499
P47,1	500	504
P48,1	505	510
P3,2	511	574
P52,1	575	638
P26,2	639	642
P2,4	643	647
P61,1	648	648
P9,3	649	653
P62,1	654	658
P63,1	659	722
P67,1	723	723
P68,1	724	727
P70,1	728	730
P28,2	731	733
P71,1	734	738
P10,3	739	744
P8,3	745	748
P72,1	749	753
P27,1	754	790
P74,1	791	793
P75,1	794	794
P76,1	795	797
P11,3	798	803
P29,2	804	809
P77,1	810	810
P13,3	811	813
P78,1	814	816
P30,2	817	822
P31,2	823	824
P79,1	825	825
P80,1	826	830
P81,1	831	894
P84,1	895	897
P85,1	898	901
P32,1	902	937
P91,1	938	943
P93,1	944	945
P94,1	946	948
P95,1	949	950
P96,1	951	956
P97,1	957	958
P1,2	959	979
P98,1	980	982
P15,2	983	989
P99,1	990	995
P100,1	996	1000
P101,1	1001	1001
P102,1	1002	1007
P35,2	1008	1013
P104,1	1014	1019
P105,1	1020	1083
P16,3	1084	1087
P40,2	1088	1090
P109,1	1091	1093
P41,2	1094	1096
P18,3	1097	1099
P111,1	1100	1101
P7,4	1102	1105
P113,1	1106	1106
P114,1	1107	1112
P115,1	1113	1176
P43,1	1177	1224
P48,2	1225	1226
P126,1	1227	1228
P50,2	1229	1232
P127,1	1233	1236
P128,1	1237	1241
P49,2	1242	1242
P129,1	1243	1244
P130,1	1245	1246
P131,1	1247	1248
P132,1	1249	1253
P3,2	1254	1275
P133,1	1276	1279
P134,1	1280	1280
P135,1	1281	1284
P137,1	1285	1348
P144,1	1349	1352
P145,1	1353	1357
P146,1	1358	1421
P149,1	1422	1426
P56,2	1427	1430
P55,2	1431	1435
P150,1	1436	1436
P6,4	1437	1439
P58,2	1440	1445
P151,1	1446	1446
P26,3	1447	1450
P14,4	1451	1453
P57,2	1454	1456
P152,1	1457	1520
P156,1	1521	1524
P59,2	1525	1528
P2,5	1529	1533
P61,2	1534	1538
P62,2	1539	1543
P25,3	1544	1546
P9,4	1547	1548
P160,1	1549	1549
P162,1	1550	1613
P166,1	1614	1618
P65,2	1619	1621
P169,1	1622	1623
P170,1	1624	1624
P68,2	1625	1628
P171,1	1629	1630
P172,1	1631	1636
P70,2	1637	1638
P64,2	1639	1642
P67,2	1643	1643
P66,2	1644	1647
P28,3	1648	1649
P173,1	1650	1655
P8,4	1656	1660
P174,1	1661	1666
P175,1	1667	1730
P178,1	1731	1736
P179,1	1737	1742
P180,1	1743	1806
P30,3	1807	1808
P73,1	1809	1872
P183,1	1873	1936
P184,1	1937	1999
P185,1	2000	2063
P100,2	2064	2067
P36,3	2068	2071
P187,1	2072	2135
P35,3	2136	2141
P188,1	2142	2205
P105,1	2206	2238
P106,2	2239	2244
P16,4	2245	2250
P40,3	2251	2254
P37,3	2255	2257
P107,2	2258	2260
P109,2	2261	2262
P108,2	2263	2265
P18,4	2266	2270
P17,4	2271	2273
P20,4	2274	2275
P111,2	2276	2277
P190,1	2278	2341
P191,1	2342	2405
P119,2	2406	2410
P116,2	2411	2413
P21,4	2414	2415
P19,4	2416	2420
P118,2	2421	2422
P117,2	2423	2426
P121,2	2427	2430
P120,2	2431	2434
P193,1	2435	2498
P194,1	2499	2562
P131,2	2563	2567
P132,2	2568	2571
P195,1	2572	2635
P51,2	2636	2699
P137,1	2700	2763
P144,2	2764	2768
P143,1	2769	2777
P145,2	2778	2780
P198,1	2781	2844
P148,2	2845	2850
P146,1	2851	2914
P149,2	2915	2916
P56,3	2917	2919
P150,2	2920	2922
P6,5	2923	2924
P55,3	2925	2926
P52,1	2927	2930
P58,3	2931	2932
P57,3	2933	2938
P151,2	2939	2943
P26,4	2944	2946
P60,3	2947	2949
P153,2	2950	2950
P152,1	2951	3014
P156,2	3015	3017
P59,3	3018	3022
P25,4	3023	3026
P161,2	3027	3032
P62,3	3033	3033
P160,2	3034	3037
P163,2	3038	3038
P24,2	3039	3102
P170,2	3103	3104
P28,4	3105	3105
P64,3	3106	3109
P173,2	3110	3113
P168,1	3114	3128
P71,3	3129	3130
P175,1	3131	3144
P178,2	3145	3146
P69,1	3147	3176
P74,3	3177	3181
P29,4	3182	3187
P77,3	3188	3193
P13,5	3194	3199
P30,4	3200	3202
P181,1	3203	3266
P78,3	3267	3270
P79,3	3271	3275
P31,4	3276	3281
P182,1	3282	3345
P184,2	3346	3409
P97,3	3410	3410
P92,2	3411	3474
P187,1	3475	3477
P102,3	3478	3478
P99,3	3479	3481
P104,3	3482	3487
P101,3	3488	3489
P188,1	3490	3553
P39,4	3554	3558
P106,3	3559	3561
P37,4	3562	3564
P108,3	3565	3565
P18,5	3566	3570
P16,5	3571	3573
P40,4	3574	3578
P42,4	3579	3580
P20,5	3581	3583
P107,3	3584	3584
P111,3	3585	3590
P109,3	3591	3593
P17,5	3594	3597
P113,3	3598	3599
P7,6	3600	3601
P110,3	3602	3605
P41,4	3606	3606
P112,3	3607	3611
P190,1	3612	3675
P192,1	3676	3707
P21,5	3708	3708
P116,3	3709	3710
P118,3	3711	3716
P117,3	3717	3720
P47,4	3721	3725
P120,3	3726	3729
P45,4	3730	3731
P5,6	3732	3733
P22,5	3734	3738
P193,1	3739	3802
P123,3	3803	3805
P124,3	3806	3809
P194,1	3810	3847
P195,1	3848	3911
P138,3	3912	3916
P196,1	3917	3972
P143,2	3973	4036
P197,1	4037	4048
P198,1	4049	4066
P148,3	4067	4070
P54,4	4071	4074
P147,3	4075	4075
P146,1	4076	4128
P200,1	4129	4192
P57,4	4193	4193
P14,6	4194	4199
P154,3	4200	4201
P153,3	4202	4204
P12,6	4205	4207
P60,4	4208	4213
P155,1	4214	4277
P157,3	4278	4279
P164,3	4280	4283
P9,6	4284	4289
P61,4	4290	4292
P158,3	4293	4297
P160,3	4298	4300
P162,2	4301	4364
P68,4	4365	4365
P171,3	4366	4370
P172,3	4371	4372
P170,3	4373	4378
P64,4	4379	4383
P173,3	4384	4385
P67,4	4386	4388
P8,6	4389	4389
P177,3	4390	4394
P71,4	4395	4396
P72,4	4397	4398
P10,6	4399	4401
P176,3	4402	4407
P179,3	4408	4411
P178,3	4412	4413
P75,4	4414	4418
P11,6	4419	4424
P69,2	4425	4488
P181,1	4489	4544
P88,4	4545	4546
P91,4	4547	4547
P86,4	4548	4551
P87,4	4552	4556
P85,4	4557	4557
P89,4	4558	4559
P93,4	4560	4565
P95,4	4566	4570
P84,4	4571	4574
P34,5	4575	4576
P184,2	4577	4604
P96,4	4605	4608
P97,4	4609	4609
P36,5	4610	4610
P98,4	4611	4614
P100,4	4615	4616
P92,2	4617	4680
P186,1	4681	4704
P99,4	4705	4710
P101,4	4711	4715
P104,4	4716	4721
P102,4	4722	4723
P35,5	4724	4729
P103,2	4730	4793
P17,6	4794	4799
P7,7	4800	4804
P113,4	4805	4809
P110,4	4810	4810
P41,5	4811	4814
P191,1	4815	4878
P193,1	4879	4930
P124,4	4931	4931
P4,7	4932	4933
P48,5	4934	4937
P128,4	4938	4938
P131,4	4939	4943
P132,4	4944	4945
P130,4	4946	4949
P135,4	4950	4954
P133,4	4955	4960
P195,1	4961	4965
P141,4	4966	4967
P136,4	4968	4973
P139,4	4974	4978
P142,4	4979	4979
P134,4	4980	4980
P140,4	4981	4981
P138,4	4982	4987
P51,2	4988	5035
P197,2	5036	5099
P144,4	5100	5102
P23,6	5103	5104
P148,4	5105	5110
P147,4	5111	5112
P54,5	5113	5118
P199,1	5119	5180
P200,1	5181	5237
P14,7	5238	5243
P155,1	5244	5244
P152,2	5245	5308
P24,2	5309	5340
P172,4	5341	5346
P177,4	5347	5350
P71,5	5351	5354
P67,5	5355	5358
P72,5	5359	5364
P10,7	5365	5365
P175,2	5366	5429
P76,5	5430	5433
P69,2	5434	5497
P91,5	5498	5502
P88,5	5503	5503
P86,5	5504	5504
P87,5	5505	5509
P89,5	5510	5514
P34,6	5515	5520
P85,5	5521	5523
P93,5	5524	5527
P95,5	5528	5533
P90,5	5534	5538
P96,5	5539	5543
P98,5	5544	5547
P185,2	5548	5611
P99,5	5612	5614
P101,5	5615	5619
P35,6	5620	5623
P104,5	5624	5624
P102,5	5625	5628
P106,5	5629	5630
P108,5	5631	5633
P107,5	5634	5635
P39,6	5636	5640
P37,6	5641	5641
P20,7	5642	5645
P103,2	5646	5696
P109,5	5697	5700
P113,5	5701	5704
P17,7	5705	5705
P41,6	5706	5710
P112,5	5711	5713
P114,5	5714	5714
P110,5	5715	5716
P116,5	5717	5718
P119,5	5719	5720
P121,5	5721	5725
P19,7	5726	5728
P117,5	5729	5729
P118,5	5730	5731
P47,6	5732	5735
P191,2	5736	5799
P48,6	5800	5803
P127,5	5804	5805
P126,5	5806	5809
P123,5	5810	5814
P50,6	5815	5815
P124,5	5816	5817
P49,6	5818	5818
P128,5	5819	5823
P131,5	5824	5824
P135,5	5825	5826
P129,5	5827	5829
P133,5	5830	5832
P141,5	5833	5833
P125,2	5834	5897
P140,5	5898	5898
P138,5	5899	5899
P143,2	5900	5963
P199,2	5964	6027
P153,5	6028	6033
P6,8	6034	6035
P155,2	6036	6099
P12,8	6100	6102
P26,7	6103	6105
P154,5	6106	6107
P159,5	6108	6113
P59,6	6114	6118
P60,6	6119	6119
P161,5	6120	6123
P157,5	6124	6125
P9,8	6126	6127
P152,2	6128	6130
P61,6	6131	6132
P62,6	6133	6133
P165,5	6134	6138
P68,6	6139	6141
P65,6	6142	6144
P170,5	6145	6148
P167,5	6149	6150
P66,6	6151	6151
P64,6	6152	6154
P172,5	6155	6155
P177,5	6156	6158
P176,5	6159	6163
P71,6	6164	6165
P11,8	6166	6168
P8,8	6169	6170
P75,6	6171	6171
P77,6	6172	6173
P175,2	6174	6216
P76,6	6217	6221
P29,7	6222	6226
P31,7	6227	6232
P30,7	6233	6237
P82,6	6238	6241
P79,6	6242	6246
P182,2	6247	6300
P98,6	6301	6302
P101,6	6303	6306
P104,6	6307	6312
P35,7	6313	6316
P108,6	6317	6321
P20,8	6322	6322
P18,8	6323	6324
P37,7	6325	6329
P16,8	6330	6335
P7,9	6336	6337
P109,6	6338	6340
P41,7	6341	6345
P110,6	6346	6351
P190,2	6352	6352
P114,6	6353	6353
P118,6	6354	6359
P117,6	6360	6360
P120,6	6361	6364
P45,7	6365	6365
P22,8	6366	6367
P191,2	6368	6431
P125,2	6432	6446
P138,6	6447	6449
P140,6	6450	6454
P145,6	6455	6458
P23,8	6459	6459
P54,7	6460	6462
P53,7	6463	6467
P147,6	6468	6472
P144,6	6473	6477
P199,2	6478	6541
P153,6	6542	6542
P55,7	6543	6544
P155,2	6545	6608
P156,6	6609	6610
P14,9	6611	6615
P60,7	6616	6616
P61,7	6617	6619
P159,6	6620	6621
P62,7	6622	6625
P163,6	6626	6631
P158,6	6632	6636
P68,7	6637	6638
P165,6	6639	6641
P174,6	6642	6644
P65,7	6645	6649
P64,7	6650	6651
P10,9	6652	6652
P170,6	6653	6656
P176,6	6657	6658
P75,7	6659	6663
P70,7	6664	6667
P71,7	6668	6669
P177,6	6670	6673
P173,6	6674	6674
P77,7	6675	6676
P29,8	6677	6680
P76,7	6681	6682
P82,7	6683	6684
P30,8	6685	6685
P78,7	6686	6690
P89,7	6691	6695
P93,7	6696	6700
P85,7	6701	6702
P84,7	6703	6704
P90,7	6705	6706
P98,7	6707	6712
P100,7	6713	6714
P96,7	6715	6715
P101,7	6716	6717
P102,7	6718	6722
P7,10	6723	6725
P20,9	6726	6726
P107,7	6727	6732
P41,8	6733	6734
P111,7	6735	6735
P112,7	6736	6738
P40,8	6739	6740
P118,7	6741	6744
P117,7	6745	6749
P119,7	6750	6750
P116,7	6751	6751
P45,8	6752	6753
P22,9	6754	6754
P19,9	6755	6759
P46,8	6760	6764
P48,8	6765	6765
P127,7	6766	6768
P132,7	6769	6774
P129,7	6775	6779
P133,7	6780	6781
P134,7	6782	6785
P23,9	6786	6787
P138,7	6788	6789
P54,8	6790	6792
P147,7	6793	6798
P6,10	6799	6800
P149,7	6801	6802
P55,8	6803	6806
P57,8	6807	6807
P153,7	6808	6810
P150,7	6811	6814
P155,2	6815	6870
P166,7	6871	6874
P165,7	6875	6878
P174,7	6879	6880
P158,7	6881	6884
P171,7	6885	6889
P170,7	6890	6892
P167,7	6893	6895
P28,9	6896	6899
P66,8	6900	6904
P173,7	6905	6908
P176,7	6909	6911
P178,7	6912	6914
P30,9	6915	6918
P8,10	6919	6924
P89,8	6925	6929
P82,8	6930	6932
P79,8	6933	6933
P86,8	6934	6938
P90,8	6939	6943
P98,8	6944	6946
P94,8	6947	6952
P101,8	6953	6953
P39,9	6954	6959
P111,8	6960	6961
P40,9	6962	6967
P114,8	6968	6968
P18,10	6969	6969
P37,9	6970	6972
P112,8	6973	6974
P120,8	6975	6976
P110,8	6977	6977
P126,8	6978	6983
P19,10	6984	6986
P45,9	6987	6989
P123,8	6990	6994
P124,8	6995	6998
P46,9	6999	6999
P142,8	7000	7002
P129,8	7003	7003
P133,8	7004	7005
P140,8	7006	7008
P53,9	7009	7012
P54,9	7013	7013
P134,8	7014	7017
P55,9	7018	7021
P138,8	7022	7022
P147,8	7023	7025
P149,8	7026	7031
P12,11	7032	7033
P156,8	7034	7036
P61,9	7037	7037
P59,9	7038	7038
P56,9	7039	7041
P9,11	7042	7043
P60,9	7044	7047
P158,8	7048	7048
P171,8	7049	7052
P163,8	7053	7053
P164,8	7054	7059
P160,8	7060	7062
P167,8	7063	7063
P172,8	7064	7068
P176,8	7069	7070
P76,9	7071	7073
P66,9	7074	7077
P179,8	7078	7081
P75,9	7082	7087
P78,9	7088	7089
P90,9	7090	7094
P93,9	7095	7098
P86,9	7099	7099
P39,10	7100	7100
P20,11	7101	7101
P95,9	7102	7102
P85,9	7103	7108
P40,10	7109	7114
P102,9	7115	7116
P111,9	7117	7117
P120,9	7118	7120
P117,9	7121	7124
P108,9	7125	7127
P37,10	7128	7133
P124,9	7134	7137
P47,10	7138	7138
P126,9	7139	7139
P133,9	7140	7141
P6,12	7142	7146
P131,9	7147	7148
P130,9	7149	7150
P132,9	7151	7156
P140,9	7157	7157
P139,9	7158	7163
P134,9	7164	7169
P58,10	7170	7174
P59,10	7175	7178
P2,13	7179	7184
P147,9	7185	7186
P150,9	7187	7188
P156,9	7189	7191
P159,9	7192	7196
P171,9	7197	7200
P160,9	7201	7206
P65,10	7207	7207
P166,9	7208	7212
P167,9	7213	7218
P172,9	7219	7224
P176,9	7225	7228
P71,10	7229	7234
P78,10	7235	7237
P8,12	7238	7240
P28,11	7241	7245
P30,11	7246	7249
P93,10	7250	7252
P35,11	7253	7255
P98,10	7256	7257
P97,10	7258	7259
P18,12	7260	7262
P85,10	7263	7268
P40,11	7269	7271
P120,10	7272	7272
P111,10	7273	7276
P117,10	7277	7282
P108,10	7283	7284
P41,11	7285	7285
P47,11	7286	7287
P124,10	7288	7289
P6,13	7290	7295
P53,11	7296	7301
P132,10	7302	7305
P133,10	7306	7310
P135,10	7311	7311
P131,10	7312	7317
P145,10	7318	7321
P138,10	7322	7322
P147,10	7323	7327
P59,11	7328	7329
P156,10	7330	7333
P171,10	7334	7334
P159,10	7335	7338
P57,11	7339	7343
P165,10	7344	7344
P158,10	7345	7349
P172,10	7350	7350
P77,11	7351	7356
P176,10	7357	7357
P179,10	7358	7358
P163,10	7359	7364
P64,11	7365	7370
P8,13	7371	7374
P78,11	7375	7378
P178,10	7379	7380
P86,11	7381	7386
P18,13	7387	7391
P97,11	7392	7396
P40,12	7397	7400
P94,11	7401	7404
P120,11	7405	7410
P107,11	7411	7412
P112,11	7413	7417
P127,11	7418	7421
P102,11	7422	7425
P108,11	7426	7430
P124,11	7431	7432
P142,11	7433	7438
P135,11	7439	7444
P133,11	7445	7450
P131,11	7451	7456
P118,11	7457	7457
P12,14	7458	7458
P147,11	7459	7459
P58,12	7460	7461
P55,12	7462	7464
P129,11	7465	7466
P2,15	7467	7470
P159,11	7471	7475
P160,11	7476	7478
P59,12	7479	7484
P165,11	7485	7488
P172,11	7489	7494
P163,11	7495	7495
P176,11	7496	7498
P71,12	7499	7504
P76,12	7505	7508
P85,12	7509	7510
P8,14	7511	7515
P20,14	7516	7517
P98,12	7518	7522
P84,12	7523	7528
P45,13	7529	7529
P94,12	7530	7532
P96,12	7533	7534
P112,12	7535	7539
P126,12	7540	7543
P127,12	7544	7545
P37,13	7546	7546
P111,12	7547	7552
P135,12	7553	7558
P133,12	7559	7562
P55,13	7563	7565
P140,12	7566	7566
P54,13	7567	7570
P118,12	7571	7574
P145,12	7575	7580
P68,13	7581	7584
P176,12	7585	7590
P86,13	7591	7592
P35,14	7593	7593
P85,13	7594	7595
P76,13	7596	7599
P45,14	7600	7600
P8,15	7601	7604
P107,13	7605	7605
P84,13	7606	7610
P94,13	7611	7611
P96,13	7612	7613
P102,13	7614	7614
P140,13	7615	7619
P49,14	7620	7623
P77,14	7624	7628
P160,13	7629	7634
P158,13	7635	7636
P172,13	7637	7637
P118,13	7638	7638
P86,14	7639	7642
P89,14	7643	7648
P35,15	7649	7649
P71,14	7650	7650
P76,14	7651	7652
P102,14	7653	7656
P107,14	7657	7658
P140,14	7659	7664
P96,14	7665	7670
P118,14	7671	7675
P179,14	7676	7681
P163,14	7682	7682
P107,15	7691	7692
P96,15	7707	7711
P176,15	7712	7714
P179,15	7716	7718
CPU1
P2,1	4	4
P3,1	8	71
P7,1	72	74
P2,2	75	76
P10,1	77	78
P11,1	79	83
P13,1	84	87
P15,1	88	149
P16,1	150	155
P18,1	156	158
P19,1	159	162
P20,1	163	167
P21,1	168	172
P22,1	173	175
P7,2	176	176
P5,2	177	180
P4,2	181	185
P23,1	186	189
P24,1	190	253
P8,2	254	254
P10,2	255	257
P28,1	258	263
P11,2	264	266
P13,2	267	267
P29,1	268	271
P30,1	272	272
P31,1	273	275
P32,1	276	339
P34,1	340	341
P1,2	342	405
P35,1	406	410
P36,1	411	414
P37,1	415	418
P16,2	419	422
P39,1	423	428
P40,1	429	430
P17,2	431	432
P18,2	433	434
P41,1	435	438
P20,2	439	441
P42,1	442	445
P7,3	446	446
P43,1	447	510
P22,2	511	515
P49,1	516	521
P4,3	522	524
P50,1	525	530
P51,1	531	594
P53,1	595	598
P23,2	599	604
P54,1	605	609
P6,3	610	614
P14,3	615	618
P55,1	619	624
P56,1	625	625
P57,1	626	628
P12,3	629	633
P58,1	634	636
P59,1	637	639
P25,2	640	642
P60,1	643	647
P24,1	648	711
P64,1	712	716
P65,1	717	719
P66,1	720	724
P69,1	725	788
P73,1	789	852
P82,1	853	855
P83,1	856	915
P86,1	916	920
P33,1	921	926
P87,1	927	927
P88,1	928	928
P89,1	929	931
P34,2	932	935
P90,1	936	938
P92,1	939	1002
P36,2	1003	1003
P103,1	1004	1067
P106,1	1068	1071
P39,2	1072	1074
P107,1	1075	1079
P37,2	1080	1084
P17,3	1085	1089
P108,1	1090	1094
P110,1	1095	1095
P20,3	1096	1096
P42,2	1097	1101
P112,1	1102	1102
P38,1	1103	1158
P116,1	1159	1164
P117,1	1165	1167
P118,1	1168	1171
P19,3	1172	1172
P119,1	1173	1176
P21,3	1177	1177
P120,1	1178	1180
P5,4	1181	1184
P44,2	1185	1190
P121,1	1191	1192
P45,2	1193	1193
P47,2	1194	1196
P122,1	1197	1202
P46,2	1203	1203
P123,1	1204	1208
P22,3	1209	1211
P4,4	1212	1214
P124,1	1215	1219
P125,1	1220	1283
P136,1	1284	1289
P138,1	1290	1294
P139,1	1295	1297
P140,1	1298	1302
P51,1	1303	1304
P141,1	1305	1305
P142,1	1306	1311
P143,1	1312	1375
P53,2	1376	1381
P23,3	1382	1387
P147,1	1388	1392
P54,2	1393	1397
P148,1	1398	1398
P52,1	1399	1462
P153,1	1463	1463
P154,1	1464	1466
P12,4	1467	1469
P60,2	1470	1475
P155,1	1476	1539
P157,1	1540	1544
P158,1	1545	1546
P159,1	1547	1548
P161,1	1549	1549
P163,1	1550	1553
P164,1	1554	1557
P24,1	1558	1593
P165,1	1594	1594
P63,1	1595	1615
P167,1	1616	1618
P168,1	1619	1682
P176,1	1683	1688
P71,2	1689	1694
P10,4	1695	1696
P177,1	1697	1701
P72,2	1702	1702
P69,1	1703	1766
P74,2	1767	1767
P75,2	1768	1768
P11,4	1769	1771
P76,2	1772	1775
P77,2	1776	1776
P13,4	1777	1782
P29,3	1783	1785
P181,1	1786	1849
P80,2	1850	1851
P78,2	1852	1853
P31,3	1854	1854
P79,2	1855	1860
P82,2	1861	1864
P182,1	1865	1928
P81,1	1929	1976
P84,2	1977	1982
P85,2	1983	1987
P86,2	1988	1992
P87,2	1993	1995
P88,2	1996	1997
P89,2	1998	2002
P91,2	2003	2006
P34,3	2007	2010
P93,2	2011	2014
P90,2	2015	2015
P94,2	2016	2021
P95,2	2022	2026
P96,2	2027	2029
P97,2	2030	2031
P92,1	2032	2062
P98,2	2063	2064
P186,1	2065	2128
P104,2	2129	2129
P99,2	2130	2134
P101,2	2135	2135
P102,2	2136	2141
P103,1	2142	2205
P39,3	2206	2207
P189,1	2208	2271
P42,3	2272	2277
P110,2	2278	2280
P7,5	2281	2285
P41,3	2286	2290
P113,2	2291	2295
P112,2	2296	2298
P114,2	2299	2304
P115,1	2305	2368
P192,1	2369	2432
P47,3	2433	2433
P45,3	2434	2438
P44,3	2439	2443
P5,5	2444	2446
P46,3	2447	2448
P22,4	2449	2452
P122,2	2453	2458
P43,2	2459	2522
P123,2	2523	2523
P124,2	2524	2529
P4,5	2530	2533
P126,2	2534	2535
P50,3	2536	2540
P128,2	2541	2543
P48,3	2544	2548
P49,3	2549	2554
P127,2	2555	2556
P129,2	2557	2562
P130,2	2563	2567
P125,1	2568	2631
P133,2	2632	2632
P136,2	2633	2637
P135,2	2638	2643
P134,2	2644	2647
P140,2	2648	2651
P139,2	2652	2655
P138,2	2656	2661
P142,2	2662	2665
P141,2	2666	2666
P196,1	2667	2730
P197,1	2731	2794
P53,3	2795	2799
P23,4	2800	2802
P199,1	2803	2866
P54,3	2867	2870
P147,2	2871	2873
P200,1	2874	2937
P14,5	2938	2941
P154,2	2942	2947
P12,5	2948	2950
P155,1	2951	3014
P2,6	3015	3018
P157,2	3019	3019
P61,3	3020	3025
P164,2	3026	3027
P159,2	3028	3032
P9,5	3033	3033
P158,2	3034	3039
P165,2	3040	3042
P162,1	3043	3078
P167,2	3079	3082
P169,2	3083	3085
P68,3	3086	3090
P65,3	3091	3092
P171,2	3093	3093
P166,2	3094	3096
P172,2	3097	3102
P70,3	3103	3108
P66,3	3109	3111
P8,5	3112	3116
P67,3	3117	3117
P174,2	3118	3123
P176,2	3124	3128
P177,2	3129	3133
P10,5	3134	3137
P72,3	3138	3143
P179,2	3144	3146
P75,3	3147	3149
P11,5	3150	3154
P76,3	3155	3158
P180,1	3159	3222
P80,3	3223	3228
P73,1	3229	3278
P82,3	3279	3283
P183,1	3284	3347
P88,3	3348	3353
P86,3	3354	3356
P85,3	3357	3359
P84,3	3360	3362
P89,3	3363	3367
P91,3	3368	3372
P34,4	3373	3373
P87,3	3374	3375
P93,3	3376	3378
P95,3	3379	3384
P90,3	3385	3389
P94,3	3390	3394
P96,3	3395	3398
P185,1	3399	3414
P98,3	3415	3420
P36,4	3421	3421
P100,3	3422	3424
P186,1	3425	3488
P35,4	3489	3492
P103,1	3493	3554
P189,1	3555	3618
P114,3	3619	3624
P115,1	3625	3647
P191,1	3648	3711
P119,3	3712	3713
P19,5	3714	3719
P121,3	3720	3725
P44,4	3726	3729
P46,4	3730	3732
P122,3	3733	3738
P43,2	3739	3802
P126,3	3803	3807
P4,6	3808	3812
P128,3	3813	3814
P48,4	3815	3816
P49,4	3817	3817
P50,4	3818	3820
P127,3	3821	3825
P129,3	3826	3826
P131,3	3827	3830
P132,3	3831	3835
P130,3	3836	3841
P125,1	3842	3879
P136,3	3880	3882
P133,3	3883	3888
P135,3	3889	3889
P134,3	3890	3893
P140,3	3894	3897
P141,3	3898	3898
P139,3	3899	3902
P142,3	3903	3904
P51,2	3905	3968
P137,1	3969	4032
P144,3	4033	4037
P145,3	4038	4040
P53,4	4041	4044
P23,5	4045	4048
P199,1	4049	4112
P52,2	4113	4176
P149,3	4177	4182
P150,3	4183	4186
P6,6	4187	4189
P56,4	4190	4195
P55,4	4196	4198
P58,4	4199	4204
P151,3	4205	4205
P26,5	4206	4211
P152,1	4212	4274
P156,3	4275	4280
P25,5	4281	4281
P2,7	4282	4282
P159,3	4283	4284
P163,3	4285	4285
P59,4	4286	4291
P161,3	4292	4293
P62,4	4294	4295
P165,3	4296	4300
P24,2	4301	4364
P167,3	4365	4367
P166,3	4368	4368
P169,3	4369	4370
P65,4	4371	4371
P28,5	4372	4373
P174,3	4374	4374
P70,4	4375	4378
P66,4	4379	4379
P175,2	4380	4443
P76,4	4444	4448
P74,4	4449	4450
P77,4	4451	4455
P13,6	4456	4461
P29,5	4462	4464
P180,1	4465	4479
P30,5	4480	4484
P80,4	4485	4489
P78,4	4490	4490
P79,4	4491	4495
P82,4	4496	4496
P31,5	4497	4500
P182,1	4501	4527
P183,1	4528	4591
P90,4	4592	4597
P94,4	4598	4599
P185,2	4600	4663
P187,2	4664	4727
P188,1	4728	4747
P106,4	4748	4749
P39,5	4750	4755
P18,6	4756	4758
P108,4	4759	4759
P37,5	4760	4760
P107,4	4761	4761
P111,4	4762	4766
P42,5	4767	4768
P16,6	4769	4774
P20,6	4775	4776
P40,5	4777	4779
P189,1	4780	4801
P109,4	4802	4807
P112,4	4808	4811
P114,4	4812	4812
P190,1	4813	4820
P116,4	4821	4825
P119,4	4826	4830
P117,4	4831	4835
P118,4	4836	4841
P121,4	4842	4842
P19,6	4843	4848
P120,4	4849	4852
P47,5	4853	4858
P44,5	4859	4864
P22,6	4865	4869
P45,5	4870	4872
P46,5	4873	4877
P122,4	4878	4883
P43,2	4884	4928
P126,4	4929	4932
P123,4	4933	4933
P49,5	4934	4934
P127,4	4935	4938
P129,4	4939	4942
P50,5	4943	4947
P125,2	4948	5011
P137,1	5012	5015
P143,2	5016	5079
P145,4	5080	5083
P53,5	5084	5085
P198,2	5086	5149
P52,2	5150	5182
P149,4	5183	5187
P150,4	5188	5192
P55,5	5193	5198
P6,7	5199	5204
P57,5	5205	5207
P153,4	5208	5210
P58,5	5211	5213
P151,4	5214	5219
P26,6	5220	5225
P154,4	5226	5229
P12,7	5230	5233
P56,5	5234	5239
P60,5	5240	5244
P156,4	5245	5245
P159,4	5246	5248
P25,6	5249	5252
P2,8	5253	5253
P164,4	5254	5254
P59,5	5255	5256
P158,4	5257	5260
P157,4	5261	5265
P163,4	5266	5271
P161,4	5272	5277
P9,7	5278	5279
P61,5	5280	5282
P62,5	5283	5285
P165,4	5286	5286
P160,4	5287	5288
P162,2	5289	5309
P166,4	5310	5312
P68,5	5313	5314
P171,4	5315	5317
P169,4	5318	5323
P167,4	5324	5324
P174,4	5325	5329
P170,4	5330	5330
P64,5	5331	5335
P65,5	5336	5337
P66,5	5338	5339
P70,5	5340	5342
P173,4	5343	5344
P28,6	5345	5350
P8,7	5351	5356
P179,4	5357	5361
P176,4	5362	5362
P75,5	5363	5367
P178,4	5368	5369
P11,7	5370	5374
P74,5	5375	5375
P13,7	5376	5378
P77,5	5379	5379
P180,2	5380	5443
P29,6	5444	5449
P78,5	5450	5455
P80,5	5456	5459
P30,6	5460	5460
P31,6	5461	5461
P79,5	5462	5464
P82,5	5465	5465
P182,2	5466	5529
P84,5	5530	5533
P94,5	5534	5534
P36,6	5535	5540
P97,5	5541	5543
P100,5	5544	5548
P92,2	5549	5595
P187,2	5596	5659
P18,7	5660	5661
P40,6	5662	5665
P111,5	5666	5671
P16,7	5672	5677
P7,8	5678	5680
P190,2	5681	5744
P44,6	5745	5746
P45,6	5747	5748
P120,5	5749	5750
P22,7	5751	5753
P122,5	5754	5758
P46,6	5759	5762
P193,2	5763	5826
P132,5	5827	5831
P130,5	5832	5835
P136,5	5836	5840
P134,5	5841	5845
P142,5	5846	5848
P139,5	5849	5854
P137,2	5855	5918
P145,5	5919	5920
P197,2	5921	5933
P53,6	5934	5939
P23,7	5940	5943
P147,5	5944	5946
P54,6	5947	5951
P144,5	5952	5954
P148,5	5955	5960
P198,2	5961	6024
P149,5	6025	6026
P57,6	6027	6031
P150,5	6032	6032
P55,6	6033	6034
P200,2	6035	6098
P151,5	6099	6104
P58,6	6105	6105
P156,5	6106	6107
P56,6	6108	6110
P2,9	6111	6112
P164,5	6113	6113
P14,8	6114	6118
P158,5	6119	6123
P160,5	6124	6129
P163,5	6130	6134
P166,5	6135	6137
P174,5	6138	6138
P171,5	6139	6143
P169,5	6144	6148
P70,6	6149	6153
P28,7	6154	6159
P10,8	6160	6162
P173,5	6163	6168
P179,5	6169	6170
P178,5	6171	6173
P180,2	6174	6237
P78,6	6238	6238
P69,2	6239	6263
P91,6	6264	6267
P87,6	6268	6268
P86,6	6269	6269
P89,6	6270	6270
P34,7	6271	6271
P93,6	6272	6277
P84,6	6278	6279
P90,6	6280	6282
P85,6	6283	6287
P95,6	6288	6289
P94,6	6290	6290
P97,6	6291	6294
P96,6	6295	6298
P100,6	6299	6300
P185,2	6301	6310
P187,2	6311	6314
P102,6	6315	6319
P107,6	6320	6324
P39,7	6325	6329
P40,7	6330	6335
P111,6	6336	6338
P17,8	6339	6344
P112,6	6345	6350
P119,6	6351	6351
P116,6	6352	6353
P19,8	6354	6355
P121,6	6356	6356
P47,7	6357	6361
P44,7	6362	6365
P46,7	6366	6371
P193,2	6372	6372
P48,7	6373	6378
P127,6	6379	6380
P123,6	6381	6386
P126,6	6387	6391
P124,6	6392	6393
P49,7	6394	6399
P135,6	6400	6400
P132,6	6401	6406
P141,6	6407	6411
P129,6	6412	6413
P131,6	6414	6419
P133,6	6420	6422
P142,6	6423	6424
P130,6	6425	6426
P134,6	6427	6429
P139,6	6430	6432
P137,2	6433	6472
P148,6	6473	6474
P198,2	6475	6520
P149,6	6521	6525
P6,9	6526	6531
P57,7	6532	6537
P150,6	6538	6543
P200,2	6544	6592
P58,7	6593	6598
P151,6	6599	6603
P59,7	6604	6604
P12,9	6605	6610
P56,7	6611	6611
P26,8	6612	6616
P2,10	6617	6619
P164,6	6620	6625
P160,6	6626	6631
P9,9	6632	6637
P166,6	6638	6641
P167,6	6642	6644
P171,6	6645	6647
P28,8	6648	6652
P66,7	6653	6655
P172,6	6656	6657
P179,6	6658	6663
P178,6	6664	6669
P8,9	6670	6674
P180,2	6675	6686
P79,7	6687	6690
P34,8	6691	6692
P87,7	6693	6698
P91,7	6699	6701
P86,7	6702	6705
P95,7	6706	6707
P94,7	6708	6710
P97,7	6711	6714
P35,8	6715	6718
P104,7	6719	6719
P108,7	6720	6721
P18,9	6722	6722
P37,8	6723	6726
P39,8	6727	6730
P17,9	6731	6734
P16,9	6735	6736
P114,7	6737	6742
P110,7	6743	6747
P47,8	6748	6749
P121,7	6750	6750
P120,7	6751	6754
P126,7	6755	6759
P124,7	6760	6764
P123,7	6765	6766
P135,7	6767	6769
P191,2	6770	6773
P49,8	6774	6776
P131,7	6777	6777
P142,7	6778	6778
P141,7	6779	6779
P130,7	6780	6781
P139,7	6782	6785
P53,8	6786	6786
P140,7	6787	6787
P145,7	6788	6793
P199,2	6794	6825
P12,10	6826	6827
P58,8	6828	6832
P156,7	6833	6833
P26,9	6834	6834
P159,7	6835	6840
P59,8	6841	6842
P2,11	6843	6848
P61,8	6849	6853
P56,8	6854	6855
P14,10	6856	6859
P60,8	6860	6863
P62,8	6864	6867
P9,10	6868	6870
P163,7	6871	6873
P68,8	6874	6878
P160,7	6879	6882
P164,7	6883	6884
P65,8	6885	6885
P64,8	6886	6890
P10,10	6891	6894
P172,7	6895	6900
P179,7	6901	6906
P75,8	6907	6912
P77,8	6913	6913
P71,8	6914	6917
P76,8	6918	6922
P78,8	6923	6926
P34,9	6927	6932
P87,8	6933	6933
P91,8	6934	6938
P85,8	6939	6940
P84,8	6941	6941
P93,8	6942	6942
P95,8	6943	6943
P35,9	6944	6945
P104,8	6946	6947
P20,10	6948	6951
P97,8	6952	6953
P96,8	6954	6956
P7,11	6957	6958
P16,10	6959	6961
P41,9	6962	6964
P108,8	6965	6969
P102,8	6970	6970
P107,8	6971	6973
P119,8	6974	6979
P118,8	6980	6981
P117,8	6982	6982
P47,9	6983	6984
P22,10	6985	6986
P48,9	6987	6991
P116,8	6992	6995
P132,8	6996	6996
P131,8	6997	6997
P127,8	6998	6998
P49,9	6999	6999
P135,8	7000	7002
P141,8	7003	7003
P130,8	7004	7006
P6,11	7007	7011
P139,8	7012	7015
P145,8	7016	7017
P153,8	7018	7023
P57,9	7024	7029
P150,8	7030	7032
P58,9	7033	7034
P159,8	7035	7037
P2,12	7038	7039
P14,11	7040	7041
P165,8	7042	7043
P68,9	7044	7047
P62,9	7048	7051
P170,8	7052	7054
P10,11	7055	7055
P166,8	7056	7058
P65,9	7059	7064
P64,9	7065	7069
P77,9	7070	7072
P28,10	7073	7075
P71,9	7076	7078
P8,11	7079	7079
P30,10	7080	7082
P34,10	7083	7086
P178,8	7087	7088
P89,9	7089	7090
P84,9	7091	7094
P94,9	7095	7098
P91,9	7099	7099
P98,9	7100	7100
P35,10	7101	7103
P97,9	7104	7107
P96,9	7108	7108
P18,11	7109	7111
P110,9	7112	7114
P112,9	7115	7117
P41,10	7118	7123
P107,9	7124	7128
P116,9	7129	7132
P45,10	7133	7133
P118,9	7134	7138
P49,10	7139	7141
P127,9	7142	7142
P135,9	7143	7145
P53,10	7146	7146
P141,9	7147	7147
P46,10	7148	7151
P54,10	7152	7152
P142,9	7153	7158
P129,9	7159	7164
P145,9	7165	7168
P12,12	7169	7171
P61,10	7172	7173
P138,9	7174	7178
P55,10	7179	7184
P57,10	7185	7190
P56,10	7191	7191
P14,12	7192	7197
P165,9	7198	7201
P68,10	7202	7206
P158,9	7207	7212
P163,9	7213	7213
P164,9	7214	7218
P179,9	7219	7222
P77,10	7223	7223
P64,10	7224	7229
P34,11	7230	7230
P89,10	7231	7231
P76,10	7232	7234
P66,10	7235	7237
P90,10	7238	7238
P178,9	7239	7244
P86,10	7245	7249
P94,10	7250	7251
P20,12	7252	7252
P91,10	7253	7258
P84,10	7259	7260
P39,11	7261	7266
P96,10	7267	7268
P112,10	7269	7271
P107,10	7272	7273
P102,10	7274	7277
P110,10	7278	7283
P126,10	7284	7285
P37,11	7286	7286
P45,11	7287	7291
P127,10	7292	7293
P49,11	7294	7297
P141,10	7298	7301
P140,10	7302	7302
P118,10	7303	7306
P142,10	7307	7310
P54,11	7311	7312
P12,13	7313	7314
P139,10	7315	7316
P129,10	7317	7320
P61,11	7321	7326
P58,11	7327	7330
P55,11	7331	7331
P2,14	7332	7334
P150,10	7335	7340
P160,10	7341	7341
P14,13	7342	7345
P166,10	7346	7351
P68,11	7352	7353
P167,10	7354	7358
P89,11	7359	7360
P71,11	7361	7366
P30,12	7367	7367
P34,12	7368	7371
P76,11	7372	7377
P20,13	7378	7380
P35,12	7381	7383
P98,11	7384	7388
P85,11	7389	7394
P39,12	7395	7400
P93,11	7401	7405
P84,11	7406	7407
P91,11	7408	7410
P96,11	7411	7415
P45,12	7416	7421
P111,11	7422	7424
P126,11	7425	7429
P37,12	7430	7433
P49,12	7434	7437
P6,14	7438	7441
P53,12	7442	7447
P54,12	7448	7453
P140,11	7454	7457
P132,11	7458	7461
P61,12	7462	7466
P150,11	7467	7467
P145,11	7468	7473
P156,11	7474	7477
P171,11	7478	7478
P57,12	7479	7480
P77,12	7481	7482
P68,12	7483	7486
P158,11	7487	7492
P89,12	7493	7493
P14,14	7494	7496
P179,11	7497	7502
P78,12	7503	7503
P178,11	7504	7507
P86,12	7508	7511
P35,13	7512	7517
P18,14	7518	7521
P97,12	7522	7522
P91,12	7523	7527
P40,13	7528	7533
P108,12	7534	7536
P107,12	7537	7538
P102,12	7539	7544
P124,12	7545	7549
P49,13	7550	7552
P131,12	7553	7554
P147,12	7555	7558
P132,12	7559	7561
P53,13	7562	7562
P61,13	7563	7568
P129,12	7569	7569
P160,12	7570	7573
P58,13	7574	7576
P77,13	7577	7577
P59,13	7578	7579
P163,12	7580	7582
P158,12	7583	7583
P172,12	7584	7586
P71,13	7587	7591
P89,13	7592	7595
P179,12	7596	7600
P98,13	7601	7604
P91,13	7605	7606
P108,13	7607	7611
P112,13	7612	7615
P147,13	7616	7616
P111,13	7617	7622
P53,14	7623	7623
P129,13	7624	7627
P133,13	7628	7629
P58,14	7630	7635
P145,13	7636	7641
P163,13	7642	7647
P176,13	7648	7653
P179,13	7654	7654
P98,14	7655	7658
P147,14	7659	7662
P53,15	7663	7664
P158,14	7665	7668
P86,15	7669	7671
P160,14	7672	7674
P71,15	7675	7677
P98,15	7678	7681
P176,14	7682	7686
P102,15	7692	7697
P163,15	7708	7711
