CPU0
P1,1	2	17
P5,1	18	21
P1,1	22	29
P3,1	30	37
P2,2	38	39
P9,1	40	45
P10,1	46	47
P1,1	48	55
P7,2	56	56
P11,1	57	61
P12,1	62	64
P1,1	65	72
P6,2	73	73
P15,1	74	81
P9,2	82	84
P8,2	85	85
P17,1	86	87
P7,3	88	88
P1,1	89	96
P19,1	97	100
P20,1	101	105
P10,2	106	108
P21,1	109	113
P3,1	114	121
P1,1	122	129
P24,1	130	137
P25,1	138	141
P2,4	142	146
P26,1	147	147
P5,4	148	151
P8,3	152	155
P28,1	156	161
P9,3	162	166
P20,2	167	169
P1,1	170	177
P30,1	178	178
P10,3	179	184
P14,3	185	188
P31,1	189	191
P32,1	192	199
P15,1	200	207
P22,2	208	212
P35,1	213	217
P36,1	218	221
P26,2	222	225
P3,1	226	233
P38,1	234	241
P8,4	242	246
P39,1	247	252
P40,1	253	254
P28,2	255	257
P41,1	258	261
P5,5	262	264
P42,1	265	268
P43,1	269	276
P20,3	277	277
P29,2	278	283
P33,1	284	291
P12,4	292	294
P15,1	295	302
P27,1	303	310
P50,1	311	316
P6,5	317	318
P10,4	319	320
P52,1	321	328
P14,4	329	331
P54,1	332	336
P3,1	337	344
P26,3	345	348
P57,1	349	351
P16,4	352	357
P58,1	358	360
P59,1	361	363
P60,1	364	368
P23,3	369	374
P25,3	375	377
P62,1	378	382
P63,1	383	390
P8,5	391	395
P65,1	396	398
P66,1	399	403
P17,4	404	406
P43,1	407	414
P70,1	415	417
P28,3	418	419
P40,2	420	422
P72,1	423	427
P41,2	428	430
P33,1	431	438
P7,6	439	440
P18,4	441	445
P42,2	446	450
P15,1	451	458
P44,2	459	464
P45,2	465	465
P47,2	466	468
P29,3	469	471
P80,1	472	476
P9,5	477	477
P46,2	478	478
P21,4	479	480
P52,1	481	488
P83,1	489	496
P30,3	497	498
P48,2	499	500
P3,1	501	508
P86,1	509	513
P87,1	514	514
P38,1	515	522
P53,2	523	528
P36,3	529	532
P89,1	533	535
P55,2	536	540
P91,1	541	546
P58,2	547	552
P1,1	553	560
P26,4	561	563
P63,1	564	571
P96,1	572	577
P23,4	578	580
P11,5	581	585
P62,2	586	590
P97,1	591	592
P13,5	593	598
P65,2	599	601
P69,1	602	609
P37,3	610	612
P100,1	613	617
P68,2	618	621
P64,2	622	625
P8,6	626	626
P103,1	627	634
P28,4	635	635
P67,2	636	636
P104,1	637	642
P33,1	643	650
P106,1	651	654
P40,3	655	658
P74,2	659	659
P71,2	660	665
P15,1	666	673
P109,1	674	676
P77,2	677	677
P41,3	678	682
P75,2	683	683
P110,1	684	684
P42,3	685	690
P111,1	691	692
P20,5	693	695
P112,1	696	696
P113,1	697	697
P114,1	698	703
P47,3	704	704
P52,1	705	712
P45,3	713	717
P116,1	718	723
P29,4	724	729
P117,1	730	732
P46,3	733	734
P12,6	735	737
P80,2	738	739
P21,5	740	740
P119,1	741	744
P3,1	745	752
P120,1	753	755
P85,2	756	760
P121,1	761	762
P50,3	763	767
P4,7	768	769
P122,1	770	775
P86,2	776	780
P6,7	781	786
P123,1	787	791
P10,6	792	794
P92,1	795	802
P125,1	803	810
P127,1	811	814
P88,2	815	816
P1,1	817	824
P55,3	825	826
P129,1	827	828
P91,2	829	832
P58,3	833	834
P63,1	835	842
P60,3	843	845
P133,1	846	849
P135,1	850	853
P94,2	854	859
P137,1	860	867
P95,2	868	872
P24,1	873	880
P141,1	881	881
P59,3	882	886
P43,1	887	894
P16,6	895	900
P69,1	901	908
P25,5	909	909
P13,6	910	915
P144,1	916	919
P145,1	920	924
P62,3	925	925
P147,1	926	930
P37,4	931	933
P100,2	934	937
P148,1	938	938
P2,8	939	939
P68,3	940	944
P149,1	945	949
P150,1	950	950
P64,3	951	954
P99,2	955	959
P151,1	960	960
P101,2	961	961
P66,3	962	964
P39,4	965	969
P104,2	970	970
P17,6	971	976
P153,1	977	977
P8,7	978	983
P28,5	984	985
P155,1	986	993
P15,1	994	999
P7,8	1000	1002
P27,1	1003	1010
P18,6	1011	1013
P160,1	1014	1014
P40,4	1015	1019
P107,2	1020	1022
P162,1	1023	1030
P81,1	1031	1038
P164,1	1039	1042
P41,4	1043	1043
P52,1	1044	1051
P75,3	1052	1054
P111,2	1055	1056
P115,1	1057	1064
P113,2	1065	1069
P166,1	1070	1074
P112,2	1075	1077
P167,1	1078	1080
P114,2	1081	1086
P169,1	1087	1088
P170,1	1089	1089
P44,4	1090	1093
P3,1	1094	1101
P80,3	1102	1107
P12,7	1108	1111
P78,3	1112	1115
P29,5	1116	1118
P174,1	1119	1124
P117,2	1125	1128
P118,2	1129	1130
P176,1	1131	1136
P9,7	1137	1138
P177,1	1139	1143
P178,1	1144	1149
P179,1	1150	1155
P85,3	1156	1158
P84,3	1159	1161
P92,1	1162	1169
P86,3	1170	1172
P87,3	1173	1174
P22,6	1175	1179
P6,8	1180	1181
P1,1	1182	1189
P124,2	1190	1195
P10,7	1196	1196
P126,2	1197	1198
P54,4	1199	1202
P53,4	1203	1206
P127,2	1207	1208
P34,5	1209	1210
P181,1	1211	1218
P89,3	1219	1223
P91,3	1224	1228
P130,2	1229	1233
P58,4	1234	1239
P133,2	1240	1240
P136,2	1241	1245
P182,1	1246	1253
P90,3	1254	1258
P134,2	1259	1262
P31,5	1263	1266
P183,1	1267	1274
P140,2	1275	1278
P43,1	1279	1286
P184,1	1287	1294
P141,2	1295	1295
P143,1	1296	1303
P96,3	1304	1307
P146,1	1308	1315
P13,7	1316	1318
P16,7	1319	1324
P35,5	1325	1330
P25,6	1331	1334
P103,1	1335	1342
P2,9	1343	1344
P62,4	1345	1346
P148,2	1347	1352
P185,1	1353	1360
P150,2	1361	1363
P147,2	1364	1366
P149,2	1367	1368
P100,3	1369	1371
P99,3	1372	1374
P64,4	1375	1379
P155,1	1380	1387
P154,2	1388	1393
P17,7	1394	1394
P104,3	1395	1400
P27,1	1401	1408
P157,2	1409	1409
P8,8	1410	1411
P7,9	1412	1413
P67,4	1414	1416
P162,1	1417	1424
P71,4	1425	1426
P74,4	1427	1428
P81,1	1429	1436
P159,2	1437	1441
P51,1	1442	1449
P72,4	1450	1451
P52,1	1452	1459
P164,2	1460	1461
P107,3	1462	1462
P109,3	1463	1465
P163,2	1466	1466
P77,4	1467	1471
P75,4	1472	1476
P20,7	1477	1480
P83,1	1481	1488
P113,3	1489	1490
P168,1	1491	1498
P3,1	1499	1506
P189,1	1507	1514
P112,3	1515	1519
P45,5	1520	1522
P38,1	1523	1530
P170,2	1531	1532
P190,1	1533	1540
P175,1	1541	1548
P119,3	1549	1550
P117,3	1551	1554
P29,6	1555	1560
P176,2	1561	1565
P79,4	1566	1570
P82,4	1571	1571
P121,3	1572	1577
P9,8	1578	1579
P179,2	1580	1582
P178,2	1583	1584
P125,1	1585	1592
P192,1	1593	1600
P87,4	1601	1605
P85,4	1606	1606
P48,5	1607	1610
P84,4	1611	1614
P6,9	1615	1620
P123,3	1621	1623
P10,8	1624	1626
P126,3	1627	1631
P36,6	1632	1637
P30,6	1638	1638
P193,1	1639	1646
P54,5	1647	1652
P14,8	1653	1657
P137,1	1658	1665
P91,4	1666	1666
P194,1	1667	1674
P89,4	1675	1676
P57,5	1677	1679
P129,3	1680	1680
P131,3	1681	1684
P136,3	1685	1687
P24,1	1688	1695
P133,3	1696	1701
P135,3	1702	1702
P93,4	1703	1708
P195,1	1709	1716
P95,4	1717	1721
P134,3	1722	1725
P184,1	1726	1733
P143,1	1734	1741
P26,7	1742	1744
P11,8	1745	1747
P96,4	1748	1751
P59,5	1752	1753
P32,1	1754	1761
P103,1	1762	1769
P98,4	1770	1773
P61,5	1774	1776
P35,6	1777	1780
P197,1	1781	1788
P185,1	1789	1796
P73,1	1797	1804
P68,5	1805	1806
P62,5	1807	1809
P2,10	1810	1812
P37,6	1813	1813
P198,1	1814	1821
P99,4	1822	1827
P149,3	1828	1833
P15,2	1834	1841
P186,1	1842	1849
P199,1	1850	1857
P154,3	1858	1859
P151,3	1860	1860
P156,3	1861	1866
P104,4	1867	1872
P153,3	1873	1875
P200,1	1876	1883
P81,1	1884	1891
P74,5	1892	1892
P70,5	1893	1895
P71,5	1896	1899
P67,5	1900	1903
P106,4	1904	1905
P188,1	1906	1913
P18,8	1914	1915
P158,3	1916	1920
P164,3	1921	1924
P107,4	1925	1925
P72,5	1926	1931
P83,1	1932	1939
P168,1	1940	1947
P41,6	1948	1952
P3,1	1953	1958
P19,8	1959	1960
P113,4	1961	1965
P47,6	1966	1969
P166,3	1970	1970
P171,3	1971	1975
P110,4	1976	1976
P172,3	1977	1978
P169,3	1979	1980
P112,4	1981	1984
P44,6	1985	1986
P175,1	1987	1994
P80,5	1995	1998
P12,9	1999	2004
P180,1	2005	2012
P29,7	2013	2017
P174,3	2018	2018
P92,1	2019	2026
P125,1	2027	2034
P192,1	2035	2042
P179,3	2043	2046
P79,5	2047	2049
P120,4	2050	2053
P9,9	2054	2059
P48,6	2060	2063
P63,1	2064	2071
P50,6	2072	2072
P181,1	2073	2080
P84,5	2081	2084
P10,9	2085	2085
P126,4	2086	2089
P137,1	2090	2097
P53,6	2098	2103
P14,9	2104	2108
P182,1	2109	2116
P24,1	2117	2124
P89,5	2125	2129
P55,6	2130	2131
P131,4	2132	2136
P195,1	2137	2144
P43,1	2145	2152
P130,4	2153	2156
P58,6	2157	2157
P90,5	2158	2162
P69,1	2163	2170
P143,1	2171	2178
P95,5	2179	2184
P32,1	2185	2192
P139,4	2193	2197
P140,4	2198	2198
P59,6	2199	2203
P96,5	2204	2208
P26,8	2209	2213
P197,1	2214	2221
P142,4	2222	2222
P185,1	2223	2230
P98,5	2231	2234
P152,1	2235	2242
P35,7	2243	2246
P155,1	2247	2254
P148,4	2255	2260
P68,6	2261	2263
P147,4	2264	2265
P15,2	2266	2273
P99,5	2274	2276
P37,7	2277	2281
P199,1	2282	2289
P149,4	2290	2294
P64,6	2295	2297
P17,9	2298	2301
P100,5	2302	2306
P151,4	2307	2312
P154,4	2313	2316
P102,5	2317	2320
P153,4	2321	2323
P7,11	2324	2325
P39,7	2326	2330
P104,5	2331	2331
P52,1	2332	2339
P70,6	2340	2344
P8,10	2345	2350
P106,5	2351	2352
P71,6	2353	2354
P159,4	2355	2357
P158,4	2358	2361
P83,1	2362	2369
P107,5	2370	2371
P168,1	2372	2379
P3,2	2380	2387
P109,5	2388	2391
P75,6	2392	2392
P160,4	2393	2394
P111,5	2395	2400
P41,7	2401	2405
P190,1	2406	2413
P175,1	2414	2421
P171,4	2422	2424
P167,4	2425	2425
P169,4	2426	2431
P45,7	2432	2432
P180,1	2433	2440
P44,7	2441	2444
P12,10	2445	2446
P29,8	2447	2450
P191,1	2451	2458
P174,4	2459	2463
P46,7	2464	2469
P173,4	2470	2471
P1,2	2472	2479
P82,6	2480	2483
P63,1	2484	2491
P79,6	2492	2496
P178,4	2497	2498
P193,1	2499	2506
P49,7	2507	2512
P137,1	2513	2520
P10,10	2521	2524
P54,7	2525	2527
P85,6	2528	2532
P182,1	2533	2540
P124,5	2541	2542
P53,7	2543	2547
P183,1	2548	2555
P128,5	2556	2560
P43,1	2561	2568
P56,7	2569	2569
P89,6	2570	2570
P131,5	2571	2571
P135,5	2572	2573
P133,5	2574	2576
P69,1	2577	2584
P58,7	2585	2590
P132,5	2591	2595
P90,6	2596	2598
P32,1	2599	2606
P136,5	2607	2611
P196,1	2612	2619
P94,6	2620	2620
P95,6	2621	2622
P134,5	2623	2627
P59,7	2628	2628
P197,1	2629	2636
P140,5	2637	2637
P139,5	2638	2643
P26,9	2644	2644
P23,9	2645	2646
P152,1	2647	2654
P138,5	2655	2655
P16,10	2656	2658
P198,1	2659	2666
P142,5	2667	2669
P98,6	2670	2671
P15,2	2672	2679
P186,1	2680	2687
P62,7	2688	2691
P147,5	2692	2694
P144,5	2695	2697
P2,12	2698	2699
P65,7	2700	2704
P37,8	2705	2708
P101,6	2709	2712
P200,1	2713	2720
P150,5	2721	2721
P81,1	2722	2729
P66,7	2730	2732
P153,5	2733	2738
P151,5	2739	2744
P154,5	2745	2746
P102,6	2747	2751
P115,1	2752	2759
P8,11	2760	2760
P159,5	2761	2766
P168,1	2767	2774
P158,5	2775	2779
P157,5	2780	2781
P161,5	2782	2785
P164,5	2786	2786
P108,6	2787	2791
P38,1	2792	2799
P75,7	2800	2804
P190,1	2805	2812
P163,5	2813	2817
P41,8	2818	2819
P20,10	2820	2823
P180,1	2824	2831
P92,1	2832	2839
P112,6	2840	2845
P191,1	2846	2853
P167,5	2854	2855
P116,6	2856	2857
P12,11	2858	2859
P192,1	2860	2867
P114,6	2868	2868
P174,5	2869	2869
P118,6	2870	2875
P63,1	2876	2883
P82,7	2884	2885
P117,6	2886	2886
P176,5	2887	2891
P193,1	2892	2899
P177,5	2900	2902
P9,11	2903	2904
P137,1	2905	2912
P194,1	2913	2920
P120,6	2921	2924
P48,8	2925	2925
P10,11	2926	2926
P49,8	2927	2929
P24,1	2930	2937
P30,9	2938	2941
P53,8	2942	2942
P123,6	2943	2948
P86,7	2949	2952
P43,1	2953	2960
P124,6	2961	2962
P126,6	2963	2967
P69,1	2968	2975
P14,11	2976	2977
P91,7	2978	2980
P135,6	2981	2981
P146,1	2982	2989
P56,8	2990	2991
P131,6	2992	2997
P129,6	2998	2999
P132,6	3000	3005
P103,1	3006	3013
P58,8	3014	3018
P197,1	3019	3026
P141,6	3027	3031
P60,8	3032	3035
P73,1	3036	3043
P94,7	3044	3046
P139,6	3047	3049
P198,1	3050	3057
P15,2	3058	3065
P145,6	3066	3069
P142,6	3070	3071
P186,1	3072	3079
P35,9	3080	3081
P199,1	3082	3089
P97,7	3090	3093
P187,1	3094	3101
P2,13	3102	3107
P148,6	3108	3109
P65,8	3110	3110
P81,1	3111	3118
P51,1	3119	3120
P52,1	3121	3128
P149,6	3129	3133
P156,6	3134	3135
P150,6	3136	3141
P66,8	3142	3146
P83,1	3147	3150
P151,6	3151	3155
P153,6	3156	3156
P39,9	3157	3162
P104,7	3163	3163
P8,12	3164	3166
P189,1	3167	3174
P159,6	3175	3176
P71,8	3177	3180
P158,6	3181	3185
P108,7	3186	3187
P28,10	3188	3190
P40,9	3191	3196
P180,1	3197	3204
P107,7	3205	3210
P163,6	3211	3216
P41,9	3217	3219
P20,11	3220	3220
P125,1	3221	3228
P47,9	3229	3230
P165,6	3231	3233
P76,8	3234	3238
P192,1	3239	3246
P1,2	3247	3254
P110,7	3255	3259
P181,1	3260	3267
P174,6	3268	3270
P193,1	3271	3278
P117,7	3279	3283
P176,6	3284	3285
P82,8	3286	3288
P194,1	3289	3296
P46,9	3297	3297
P182,1	3298	3305
P24,1	3306	3313
P183,1	3314	3321
P49,9	3322	3322
P195,1	3323	3330
P85,8	3331	3332
P86,8	3333	3337
P30,10	3338	3340
P53,9	3341	3344
P123,7	3345	3346
P34,10	3347	3350
P126,7	3351	3355
P146,1	3356	3363
P32,1	3364	3371
P135,7	3372	3374
P196,1	3375	3382
P14,12	3383	3388
P57,9	3389	3394
P133,7	3395	3396
P129,7	3397	3401
P56,9	3402	3404
P132,7	3405	3410
P58,9	3411	3412
P90,8	3413	3417
P152,1	3418	3425
P198,1	3426	3433
P60,9	3434	3437
P27,1	3438	3445
P186,1	3446	3453
P199,1	3454	3461
P142,7	3462	3462
P187,1	3463	3470
P61,9	3471	3471
P145,7	3472	3477
P138,7	3478	3479
P68,9	3480	3483
P97,8	3484	3485
P51,2	3486	3493
P147,7	3494	3499
P65,9	3500	3505
P2,14	3506	3508
P115,1	3509	3516
P64,9	3517	3521
P37,10	3522	3527
P150,7	3528	3531
P38,1	3532	3539
P153,7	3540	3542
P104,8	3543	3544
P102,8	3545	3545
P8,13	3546	3549
P159,7	3550	3555
P18,12	3556	3558
P180,1	3559	3566
P40,10	3567	3572
P108,8	3573	3577
P28,11	3578	3582
P191,1	3583	3590
P20,12	3591	3591
P75,9	3592	3597
P163,7	3598	3600
P165,7	3601	3604
P76,9	3605	3607
P166,7	3608	3611
P63,1	3612	3619
P112,8	3620	3621
P181,1	3622	3629
P193,1	3630	3637
P172,7	3638	3643
P170,7	3644	3646
P119,8	3647	3652
P118,8	3653	3654
P78,9	3655	3656
P24,1	3657	3664
P179,7	3665	3670
P176,7	3671	3673
P195,1	3674	3681
P120,8	3682	3683
P6,14	3684	3687
P178,7	3688	3690
P49,10	3691	3693
P69,1	3694	3701
P143,1	3702	3709
P86,9	3710	3710
P34,11	3711	3711
P85,9	3712	3717
P126,8	3718	3723
P124,8	3724	3727
P103,1	3728	3735
P105,1	3736	3743
P135,8	3744	3746
P131,8	3747	3747
P55,10	3748	3753
P73,1	3754	3761
P57,10	3762	3767
P129,8	3768	3768
P132,8	3769	3769
P58,10	3770	3774
P198,1	3775	3782
P15,2	3783	3790
P93,9	3791	3794
P199,1	3795	3802
P162,1	3803	3810
P141,8	3811	3811
P59,10	3812	3815
P140,8	3816	3818
P142,8	3819	3821
P134,8	3822	3825
P81,1	3826	3833
P35,11	3834	3836
P98,9	3837	3837
P145,8	3838	3839
P188,1	3840	3847
P138,8	3848	3848
P68,10	3849	3853
P168,1	3854	3861
P3,2	3862	3869
P38,1	3870	3877
P64,10	3878	3883
P175,1	3884	3891
P149,8	3892	3897
P102,9	3898	3899
P39,11	3900	3905
P66,10	3906	3908
P18,13	3909	3913
P158,8	3914	3914
P8,14	3915	3919
P191,1	3920	3927
P192,1	3928	3935
P164,8	3936	3941
P63,1	3942	3946
P160,8	3947	3949
P181,1	3950	3957
P163,8	3958	3958
P76,10	3959	3961
P47,11	3962	3963
P112,9	3964	3966
P171,8	3967	3970
P12,14	3971	3971
P194,1	3972	3979
P182,1	3980	3987
P170,8	3988	3990
P116,9	3991	3994
P183,1	3995	4002
P117,9	4003	4006
P118,9	4007	4011
P176,8	4012	4013
P69,1	4014	4021
P143,1	4022	4029
P179,8	4030	4033
P32,1	4034	4037
P86,10	4038	4042
P196,1	4043	4050
P84,10	4051	4052
P105,1	4053	4060
P85,10	4061	4066
P89,10	4067	4067
P185,1	4068	4075
P126,9	4076	4076
P127,9	4077	4077
P91,10	4078	4083
P135,9	4084	4086
P133,9	4087	4088
P131,9	4089	4090
P198,1	4091	4098
P14,14	4099	4101
P186,1	4102	4109
P57,11	4110	4114
P58,11	4115	4118
P162,1	4119	4126
P93,10	4127	4129
P200,1	4130	4137
P51,2	4138	4145
P188,1	4146	4153
P61,11	4154	4159
P139,9	4160	4165
P96,10	4166	4167
P142,9	4168	4173
P98,10	4174	4175
P145,9	4176	4179
P97,10	4180	4181
P189,1	4182	4189
P138,9	4190	4194
P190,1	4195	4202
P180,1	4203	4210
P92,1	4211	4218
P125,1	4219	4226
P191,1	4227	4234
P1,2	4235	4242
P18,14	4243	4246
P159,9	4247	4251
P77,11	4252	4257
P181,1	4258	4265
P107,10	4266	4267
P137,1	4268	4275
P108,10	4276	4277
P111,10	4278	4281
P194,1	4282	4289
P24,1	4290	4297
P163,9	4298	4298
P171,9	4299	4302
P76,11	4303	4308
P195,1	4309	4316
P110,10	4317	4322
P172,9	4323	4328
P69,1	4329	4336
P143,1	4337	4337
P146,1	4338	4345
P120,10	4346	4346
P176,9	4347	4350
P179,9	4351	4354
P103,1	4355	4362
P49,12	4363	4366
P197,1	4367	4374
P86,11	4375	4380
P185,1	4381	4388
P124,10	4389	4390
P85,11	4391	4396
P84,11	4397	4398
P89,11	4399	4400
P155,1	4401	4408
P127,10	4409	4410
P15,2	4411	4417
P199,1	4418	4425
P135,10	4426	4426
P162,1	4427	4434
P187,1	4435	4437
P58,12	4438	4439
P200,1	4440	4447
P57,12	4448	4449
P52,1	4450	4457
P129,10	4458	4461
P141,10	4462	4465
P93,11	4466	4470
P140,10	4471	4471
P94,11	4472	4475
P61,12	4476	4480
P189,1	4481	4488
P142,10	4489	4492
P38,1	4493	4500
P96,11	4501	4505
P190,1	4506	4513
P180,1	4514	4521
P92,1	4522	4528
P147,10	4529	4533
P156,10	4534	4537
P192,1	4538	4545
P37,13	4546	4546
P150,10	4547	4552
P102,11	4553	4556
P193,1	4557	4564
P159,10	4565	4568
P40,13	4569	4574
P194,1	4575	4582
P24,1	4583	4590
P108,11	4591	4595
P195,1	4596	4603
P171,10	4604	4604
P112,11	4605	4609
P166,10	4610	4615
P163,10	4616	4621
P143,2	4622	4629
P172,10	4630	4630
P146,1	4631	4638
P103,1	4639	4646
P120,11	4647	4652
P78,12	4653	4653
P197,1	4654	4661
P118,11	4662	4662
P73,1	4663	4670
P178,10	4671	4672
P86,12	4673	4676
P198,1	4677	4684
P54,13	4685	4688
P84,12	4689	4694
P53,13	4695	4695
P199,1	4696	4703
P162,1	4704	4711
P135,11	4712	4717
P81,1	4718	4725
P133,11	4726	4731
P51,2	4732	4739
P188,1	4740	4747
P58,13	4748	4750
P3,2	4751	4758
P129,11	4759	4760
P38,1	4761	4768
P59,13	4769	4770
P140,11	4771	4774
P190,1	4775	4782
P35,14	4783	4783
P180,1	4784	4791
P92,2	4792	4799
P191,1	4800	4807
P97,12	4808	4808
P147,11	4809	4809
P68,13	4810	4813
P145,11	4814	4819
P193,1	4820	4827
P150,11	4828	4828
P77,13	4829	4829
P102,12	4830	4835
P194,1	4836	4843
P24,1	4844	4851
P183,1	4852	4859
P195,1	4860	4867
P107,12	4868	4869
P45,14	4870	4870
P69,1	4871	4878
P143,2	4879	4886
P112,12	4887	4891
P163,11	4892	4892
P111,12	4893	4898
P103,1	4899	4906
P197,1	4907	4910
P185,2	4911	4918
P152,1	4919	4926
P198,1	4927	4934
P86,13	4935	4936
P186,1	4937	4944
P178,11	4945	4948
P85,13	4949	4950
P124,12	4951	4955
P187,2	4956	4963
P89,13	4964	4967
P81,1	4968	4975
P84,13	4976	4980
P52,1	4981	4988
P188,1	4989	4996
P131,12	4997	4998
P3,2	4999	5006
P91,13	5007	5008
P58,14	5009	5014
P190,1	5015	5022
P129,12	5023	5023
P92,2	5024	5031
P191,1	5032	5039
P140,12	5040	5040
P94,13	5041	5041
P1,2	5042	5049
P98,13	5050	5053
P96,13	5054	5055
P193,1	5056	5063
P145,12	5064	5069
P77,14	5070	5074
P182,1	5075	5082
P183,1	5083	5090
P102,13	5091	5091
P43,2	5092	5099
P160,12	5100	5103
P158,12	5104	5104
P143,2	5105	5112
P71,14	5113	5113
P146,1	5114	5121
P103,1	5122	5129
P185,2	5130	5137
P152,1	5138	5145
P172,12	5146	5148
P111,13	5149	5154
P186,1	5155	5162
P86,14	5163	5166
P162,1	5167	5170
P187,2	5171	5178
P179,12	5179	5183
P52,1	5184	5191
P188,1	5192	5199
P3,2	5200	5207
P190,1	5208	5215
P180,1	5216	5223
P125,1	5224	5231
P192,1	5232	5239
P129,13	5240	5243
P181,1	5244	5251
P137,1	5252	5259
P182,1	5260	5267
P98,14	5268	5271
P147,13	5272	5272
P145,13	5273	5278
P195,1	5279	5286
P43,2	5287	5294
P184,2	5295	5302
P102,14	5303	5306
P146,1	5307	5314
P160,13	5315	5320
P197,2	5321	5328
P73,1	5329	5336
P155,1	5337	5344
P198,2	5345	5352
P172,13	5353	5353
P199,1	5354	5361
P187,2	5362	5369
P51,2	5370	5377
P176,13	5378	5383
P115,1	5384	5391
P3,2	5392	5397
P190,1	5398	5405
P179,13	5406	5406
P180,1	5407	5414
P125,1	5415	5422
P1,2	5423	5427
P193,1	5428	5435
P194,1	5436	5441
P182,1	5442	5449
P183,1	5450	5457
P98,15	5458	5461
P43,2	5462	5469
P184,2	5470	5477
P147,14	5478	5481
P196,1	5482	5489
P96,15	5490	5494
P197,2	5495	5502
P73,1	5503	5510
P152,1	5511	5518
P198,2	5519	5526
P199,1	5527	5534
P107,15	5535	5536
P187,2	5537	5544
P51,2	5545	5552
P188,1	5553	5560
P189,1	5561	5568
P176,14	5569	5573
P175,2	5574	5581
P92,2	5582	5589
P191,1	5590	5597
P193,1	5598	5605
P182,1	5606	5613
P183,1	5614	5621
P43,2	5622	5629
P184,2	5630	5637
P146,1	5638	5645
P103,1	5646	5653
P185,2	5654	5661
P152,1	5662	5669
P198,2	5670	5677
P199,1	5678	5685
P187,2	5686	5693
P51,2	5694	5701
P188,1	5702	5709
P189,1	5710	5717
P163,15	5718	5721
P180,1	5722	5729
P176,15	5730	5732
P125,1	5733	5740
P181,1	5741	5748
P137,1	5749	5756
P24,2	5757	5764
P195,1	5765	5772
P69,1	5773	5780
P143,2	5781	5788
P196,1	5789	5796
P197,2	5797	5804
P73,1	5805	5812
P155,1	5813	5820
P186,1	5821	5828
P162,2	5829	5836
P200,1	5837	5844
P52,2	5845	5852
P115,1	5853	5860
P190,1	5861	5868
P180,1	5869	5876
P125,1	5877	5884
P181,1	5885	5892
P137,1	5893	5900
P24,2	5901	5908
P195,1	5909	5916
P69,1	5917	5922
P184,2	5923	5930
P146,1	5931	5938
P197,2	5939	5946
P73,1	5947	5954
P155,1	5955	5962
P186,1	5963	5970
P162,2	5971	5978
P200,1	5979	5986
P52,2	5987	5994
P115,1	5995	6001
P190,1	6002	6009
P180,1	6010	6016
P125,1	6017	6024
P181,1	6025	6032
P137,1	6033	6040
P24,2	6041	6048
P195,1	6049	6053
P69,2	6054	6061
P143,2	6062	6069
P103,1	6070	6077
P185,2	6078	6085
P152,1	6086	6093
P198,2	6094	6101
P199,1	6102	6109
P187,2	6110	6117
P51,2	6118	6125
P188,1	6126	6133
P175,2	6134	6141
P92,2	6142	6149
P125,1	6150	6157
P181,1	6158	6165
P137,1	6166	6173
P24,2	6174	6181
P43,2	6182	6189
P184,2	6190	6197
P146,1	6198	6205
P197,2	6206	6213
P73,1	6214	6221
P155,1	6222	6229
P186,1	6230	6237
P162,2	6238	6245
P200,1	6246	6253
P52,2	6254	6261
P189,1	6262	6267
P190,2	6268	6275
P180,2	6276	6283
P191,1	6284	6291
P193,1	6292	6299
P182,1	6300	6302
P183,1	6303	6310
P69,2	6311	6318
P143,2	6319	6326
P103,1	6327	6334
P185,2	6335	6342
P155,1	6343	6350
P199,1	6351	6358
P187,2	6359	6366
P51,2	6367	6374
P175,2	6375	6382
P92,2	6383	6390
P125,2	6391	6398
P181,1	6399	6406
P137,1	6407	6414
P24,2	6415	6422
P43,2	6423	6430
P143,2	6431	6438
P103,1	6439	6446
P185,2	6447	6454
P155,1	6455	6462
P199,1	6463	6470
P187,2	6471	6478
P51,2	6479	6486
P175,2	6487	6494
P92,2	6495	6502
P125,2	6503	6510
P181,1	6511	6518
P137,1	6519	6526
P24,2	6527	6534
P43,2	6535	6542
P143,2	6543	6550
P185,2	6551	6558
P155,1	6559	6566
P199,1	6567	6574
P187,2	6575	6582
P51,2	6583	6590
P175,2	6591	6598
P92,2	6599	6606
P125,2	6607	6614
P181,1	6615	6622
P137,1	6623	6630
P24,2	6631	6638
P43,2	6639	6646
P143,2	6647	6654
P103,2	6655	6662
P155,1	6663	6670
P199,1	6671	6678
P187,2	6679	6686
P51,2	6687	6694
P175,2	6695	6702
P92,2	6703	6710
P125,2	6711	6718
P193,1	6719	6722
P182,2	6723	6730
P183,1	6731	6738
P69,2	6739	6746
P185,2	6747	6754
P152,2	6755	6762
P199,1	6763	6770
P200,1	6771	6778
P52,2	6779	6786
P190,2	6787	6794
P180,2	6795	6802
P191,1	6803	6810
P193,2	6811	6818
P24,2	6819	6826
P69,2	6827	6834
P185,2	6835	6842
P155,2	6843	6850
P198,2	6851	6858
P200,1	6859	6859
P51,2	6860	6867
P175,2	6868	6875
P92,2	6876	6883
P125,2	6884	6891
P191,2	6892	6899
P182,2	6900	6907
P43,2	6908	6915
P143,2	6916	6923
P103,2	6924	6931
P152,2	6932	6939
P199,2	6940	6947
P187,2	6948	6951
P51,2	6952	6959
P190,2	6960	6960
P92,2	6961	6968
P125,2	6969	6976
P191,2	6977	6984
P182,2	6985	6992
P43,2	6993	7000
P143,2	7001	7008
P103,2	7009	7016
P152,2	7017	7024
P199,2	7025	7032
P51,2	7033	7040
P92,2	7041	7048
P125,2	7049	7056
P191,2	7057	7064
P182,2	7065	7072
P43,2	7073	7080
P143,2	7081	7088
P155,2	7089	7096
P198,2	7097	7104
P200,2	7105	7112
P92,2	7113	7120
P125,2	7121	7128
P191,2	7129	7136
P182,2	7137	7144
P43,2	7145	7152
P143,2	7153	7160
P155,2	7161	7168
P198,2	7169	7176
P200,2	7177	7184
P92,2	7185	7192
P125,2	7193	7200
P191,2	7201	7208
P182,2	7209	7216
P43,2	7217	7224
P143,2	7225	7232
P155,2	7233	7240
P198,2	7241	7248
P200,2	7249	7256
P92,2	7257	7264
P125,2	7265	7272
P191,2	7273	7280
P182,2	7281	7288
P43,2	7289	7296
P143,2	7297	7304
P155,2	7305	7312
P198,2	7313	7320
P200,2	7321	7328
P180,2	7329	7336
P137,2	7337	7344
P193,2	7345	7352
P24,2	7353	7360
P69,2	7361	7368
P103,2	7369	7376
P152,2	7377	7379
P198,2	7380	7387
P200,2	7388	7395
P125,2	7396	7403
P191,2	7404	7411
P24,2	7412	7419
P143,2	7420	7427
P155,2	7428	7435
P199,2	7436	7443
P180,2	7444	7451
P137,2	7452	7459
P182,2	7460	7467
P69,2	7468	7475
P155,2	7476	7483
P200,2	7484	7491
P125,2	7492	7499
P191,2	7500	7507
P24,2	7508	7515
P103,2	7516	7523
P199,2	7524	7531
P180,2	7532	7535
P125,2	7536	7543
P191,2	7544	7551
P103,2	7552	7559
P199,2	7560	7567
P125,2	7568	7575
P191,2	7576	7583
P199,2	7584	7591
P125,2	7592	7598
P155,2	7599	7606
P200,2	7607	7614
P155,2	7615	7622
P200,2	7623	7630
P155,2	7631	7638
P200,2	7639	7639
P191,2	7640	7647
P199,2	7648	7655
P155,2	7656	7703
CPU1
P2,1	4	4
P3,1	8	15
P4,1	16	16
P3,1	17	24
P6,1	25	26
P7,1	27	29
P8,1	30	33
P1,1	34	41
P3,1	42	49
P5,2	50	53
P4,2	54	58
P3,1	59	66
P13,1	67	70
P14,1	71	73
P2,3	74	74
P16,1	75	80
P3,1	81	88
P5,3	89	94
P18,1	95	97
P12,2	98	100
P15,1	101	108
P6,3	109	113
P4,3	114	116
P22,1	117	119
P14,2	120	124
P16,2	125	128
P23,1	129	132
P11,2	133	135
P13,2	136	136
P15,1	137	144
P17,2	145	146
P27,1	147	154
P7,4	155	158
P18,2	159	160
P3,1	161	168
P29,1	169	172
P12,3	173	177
P19,2	178	178
P4,4	179	181
P21,2	182	183
P24,1	184	191
P33,1	192	199
P6,4	200	202
P34,1	203	204
P27,1	205	212
P16,3	213	216
P25,2	217	219
P11,3	220	225
P37,1	226	229
P23,2	230	235
P13,3	236	238
P17,3	239	243
P2,5	244	248
P1,1	249	256
P7,5	257	261
P24,1	262	269
P19,3	270	270
P44,1	271	271
P18,3	272	274
P45,1	275	280
P32,1	281	288
P9,4	289	290
P46,1	291	291
P47,1	292	296
P48,1	297	302
P21,3	303	303
P30,2	304	309
P49,1	310	315
P4,5	316	319
P51,1	320	327
P53,1	328	331
P31,2	332	333
P34,2	334	337
P22,3	338	340
P36,2	341	341
P55,1	342	347
P56,1	348	348
P38,1	349	356
P35,2	357	362
P11,4	363	365
P61,1	366	366
P13,4	367	372
P1,1	373	380
P2,6	381	384
P37,2	385	389
P64,1	390	394
P24,1	395	402
P39,2	403	405
P67,1	406	406
P68,1	407	410
P69,1	411	418
P71,1	419	423
P32,1	424	431
P73,1	432	439
P74,1	440	442
P75,1	443	443
P76,1	444	446
P5,6	447	448
P77,1	449	449
P19,4	450	454
P20,4	455	456
P78,1	457	459
P27,1	460	467
P79,1	468	468
P12,5	469	471
P81,1	472	479
P51,1	480	487
P82,1	488	490
P84,1	491	493
P85,1	494	497
P50,2	498	501
P6,6	502	504
P4,6	505	509
P49,2	510	510
P22,4	511	514
P10,5	515	518
P14,5	519	522
P54,2	523	527
P88,1	528	528
P56,2	529	532
P34,3	533	536
P90,1	537	539
P31,3	540	540
P92,1	541	548
P93,1	549	550
P94,1	551	553
P57,2	554	556
P60,2	557	562
P95,1	563	564
P35,3	565	570
P16,5	571	573
P61,2	574	578
P59,2	579	582
P25,4	583	586
P24,1	587	594
P98,1	595	597
P43,1	598	605
P2,7	606	606
P99,1	607	612
P101,1	613	613
P102,1	614	619
P39,3	620	621
P32,1	622	629
P66,2	630	633
P17,5	634	637
P105,1	638	645
P70,2	646	647
P73,1	648	655
P107,1	656	660
P7,7	661	665
P72,2	666	666
P18,5	667	671
P108,1	672	676
P27,1	677	684
P76,2	685	688
P19,5	689	694
P81,1	695	702
P51,1	703	710
P115,1	711	718
P44,3	719	723
P83,1	724	731
P78,2	732	733
P118,1	734	737
P9,6	738	743
P79,2	744	749
P82,2	750	753
P84,2	754	759
P38,1	760	767
P49,3	768	773
P87,2	774	776
P48,3	777	781
P30,4	782	784
P14,6	785	790
P22,5	791	795
P124,1	796	800
P56,3	801	803
P126,1	804	805
P53,3	806	810
P54,3	811	814
P34,4	815	815
P128,1	816	820
P36,4	821	821
P89,2	822	826
P130,1	827	828
P131,1	829	830
P132,1	831	835
P57,3	836	841
P31,4	842	847
P134,1	848	848
P90,2	849	849
P93,2	850	853
P136,1	854	859
P138,1	860	864
P139,1	865	867
P140,1	868	872
P26,5	873	878
P11,6	879	884
P96,2	885	887
P61,3	888	893
P35,4	894	897
P23,5	898	901
P142,1	902	907
P143,1	908	915
P97,2	916	917
P98,2	918	919
P146,1	920	927
P65,3	928	929
P32,1	930	937
P103,1	938	945
P105,1	946	953
P33,1	954	961
P73,1	962	969
P102,2	970	975
P152,1	976	983
P154,1	984	986
P156,1	987	990
P70,3	991	996
P67,3	997	997
P157,1	998	1002
P71,3	1003	1004
P158,1	1005	1006
P106,2	1007	1012
P159,1	1013	1014
P161,1	1015	1015
P74,3	1016	1020
P109,2	1021	1022
P72,3	1023	1028
P108,2	1029	1031
P163,1	1032	1035
P42,4	1036	1037
P51,1	1038	1045
P77,3	1046	1051
P110,2	1052	1054
P76,3	1055	1058
P165,1	1059	1059
P20,6	1060	1061
P19,6	1062	1067
P47,4	1068	1072
P83,1	1073	1080
P168,1	1081	1088
P171,1	1089	1090
P45,4	1091	1092
P172,1	1093	1098
P46,4	1099	1101
P116,2	1102	1104
P173,1	1105	1110
P119,2	1111	1115
P38,1	1116	1123
P175,1	1124	1131
P79,3	1132	1136
P121,2	1137	1140
P82,3	1141	1145
P120,2	1146	1149
P49,4	1150	1150
P180,1	1151	1158
P122,2	1159	1164
P50,4	1165	1167
P48,4	1168	1169
P125,1	1170	1177
P30,5	1178	1182
P123,2	1183	1183
P14,7	1184	1189
P88,3	1190	1195
P56,4	1196	1201
P36,5	1202	1202
P128,2	1203	1205
P63,1	1206	1213
P129,2	1214	1219
P131,2	1220	1224
P57,4	1225	1225
P55,4	1226	1228
P132,2	1229	1232
P137,1	1233	1240
P60,4	1241	1246
P135,2	1247	1252
P93,3	1253	1255
P24,1	1256	1263
P94,3	1264	1268
P95,3	1269	1274
P139,2	1275	1278
P26,6	1279	1284
P138,2	1285	1290
P69,1	1291	1298
P11,7	1299	1303
P59,4	1304	1309
P61,4	1310	1312
P142,2	1313	1316
P23,6	1317	1318
P98,3	1319	1324
P32,1	1325	1332
P144,2	1333	1337
P145,2	1338	1340
P97,3	1341	1341
P105,1	1342	1349
P68,4	1350	1350
P33,1	1351	1358
P37,5	1359	1359
P65,4	1360	1360
P73,1	1361	1368
P152,1	1369	1376
P102,3	1377	1377
P101,3	1378	1379
P151,2	1380	1384
P39,5	1385	1390
P66,4	1391	1391
P15,2	1392	1399
P156,2	1400	1402
P153,2	1403	1403
P186,1	1404	1411
P28,6	1412	1417
P70,4	1418	1421
P187,1	1422	1429
P161,2	1430	1435
P106,3	1436	1438
P158,2	1439	1444
P108,3	1445	1445
P160,2	1446	1449
P18,7	1450	1451
P40,5	1452	1454
P188,1	1455	1462
P42,5	1463	1464
P115,1	1465	1472
P165,2	1473	1475
P111,3	1476	1481
P41,5	1482	1485
P76,4	1486	1490
P19,7	1491	1493
P110,3	1494	1497
P167,2	1498	1501
P47,5	1502	1507
P169,2	1508	1510
P166,2	1511	1513
P171,2	1514	1514
P172,2	1515	1520
P44,5	1521	1526
P114,3	1527	1532
P12,8	1533	1535
P116,3	1536	1537
P80,4	1538	1542
P46,5	1543	1547
P173,2	1548	1551
P78,4	1552	1552
P118,3	1553	1558
P174,2	1559	1564
P180,1	1565	1572
P177,2	1573	1577
P92,1	1578	1585
P120,3	1586	1589
P49,5	1590	1590
P191,1	1591	1598
P122,3	1599	1604
P1,1	1605	1612
P22,7	1613	1615
P86,4	1616	1619
P50,5	1620	1624
P63,1	1625	1632
P181,1	1633	1640
P53,5	1641	1642
P124,3	1643	1646
P128,3	1647	1648
P34,6	1649	1654
P88,4	1655	1656
P127,3	1657	1661
P56,5	1662	1667
P55,5	1668	1673
P182,1	1674	1681
P132,3	1682	1686
P58,5	1687	1689
P130,3	1690	1695
P183,1	1696	1703
P60,5	1704	1708
P90,4	1709	1714
P43,1	1715	1722
P94,4	1723	1724
P31,6	1725	1725
P69,1	1726	1733
P140,3	1734	1737
P139,3	1738	1741
P141,3	1742	1742
P146,1	1743	1750
P138,3	1751	1755
P196,1	1756	1763
P16,8	1764	1769
P142,3	1770	1771
P23,7	1772	1775
P105,1	1776	1783
P97,4	1784	1784
P33,1	1785	1792
P144,3	1793	1797
P145,3	1798	1800
P148,3	1801	1804
P152,1	1805	1812
P155,1	1813	1820
P147,3	1821	1821
P65,5	1822	1823
P150,3	1824	1827
P101,4	1828	1832
P64,5	1833	1837
P100,4	1838	1839
P27,1	1840	1847
P102,4	1848	1849
P66,5	1850	1851
P17,8	1852	1857
P39,6	1858	1862
P162,1	1863	1870
P7,10	1871	1873
P187,1	1874	1881
P157,3	1882	1883
P8,9	1884	1888
P28,7	1889	1894
P51,1	1895	1902
P52,1	1903	1910
P159,3	1911	1912
P161,3	1913	1914
P40,6	1915	1918
P108,4	1919	1919
P115,1	1920	1927
P163,3	1928	1928
P160,3	1929	1931
P75,5	1932	1936
P77,5	1937	1937
P111,4	1938	1942
P109,4	1943	1948
P165,3	1949	1953
P20,8	1954	1954
P189,1	1955	1962
P76,5	1963	1966
P167,3	1967	1969
P38,1	1970	1977
P45,6	1978	1979
P190,1	1980	1987
P116,4	1988	1992
P114,4	1993	1993
P170,3	1994	1999
P78,5	2000	2005
P117,4	2006	2010
P119,4	2011	2015
P46,6	2016	2019
P118,4	2020	2025
P173,3	2026	2027
P191,1	2028	2035
P121,4	2036	2036
P177,3	2037	2041
P176,3	2042	2047
P82,5	2048	2048
P178,3	2049	2050
P1,1	2051	2058
P49,6	2059	2059
P87,5	2060	2064
P122,4	2065	2070
P6,10	2071	2072
P85,5	2073	2075
P22,8	2076	2077
P86,5	2078	2078
P193,1	2079	2086
P123,4	2087	2087
P30,7	2088	2092
P124,4	2093	2093
P54,6	2094	2098
P194,1	2099	2106
P34,7	2107	2107
P91,5	2108	2112
P128,4	2113	2113
P88,5	2114	2114
P127,4	2115	2118
P57,6	2119	2123
P56,6	2124	2126
P183,1	2127	2134
P129,4	2135	2138
P135,4	2139	2143
P133,4	2144	2149
P132,4	2150	2151
P136,4	2152	2157
P184,1	2158	2165
P31,7	2166	2171
P93,5	2172	2175
P94,5	2176	2176
P60,6	2177	2177
P146,1	2178	2185
P134,4	2186	2186
P141,4	2187	2188
P196,1	2189	2196
P103,1	2197	2204
P138,4	2205	2210
P105,1	2211	2218
P23,8	2219	2219
P33,1	2220	2227
P16,9	2228	2229
P73,1	2230	2237
P61,6	2238	2239
P97,5	2240	2242
P145,4	2243	2246
P198,1	2247	2254
P144,4	2255	2257
P2,11	2258	2263
P65,6	2264	2266
P62,6	2267	2267
P27,1	2268	2275
P186,1	2276	2283
P101,5	2284	2288
P150,4	2289	2293
P162,1	2294	2301
P66,6	2302	2302
P187,1	2303	2310
P156,4	2311	2311
P200,1	2312	2319
P81,1	2320	2327
P51,1	2328	2335
P188,1	2336	2343
P28,8	2344	2348
P157,4	2349	2353
P115,1	2354	2361
P108,5	2362	2364
P18,9	2365	2365
P161,4	2366	2371
P164,4	2372	2372
P40,7	2373	2378
P163,4	2379	2384
P189,1	2385	2392
P77,6	2393	2394
P38,1	2395	2402
P113,5	2403	2406
P165,4	2407	2407
P20,9	2408	2408
P166,4	2409	2411
P47,7	2412	2416
P76,6	2417	2421
P19,9	2422	2426
P112,5	2427	2429
P110,5	2430	2431
P116,5	2432	2433
P172,4	2434	2439
P114,5	2440	2440
P170,4	2441	2441
P92,1	2442	2449
P125,1	2450	2457
P78,6	2458	2458
P192,1	2459	2466
P117,5	2467	2467
P119,5	2468	2469
P118,5	2470	2471
P121,5	2472	2476
P177,4	2477	2480
P179,4	2481	2485
P176,4	2486	2486
P9,10	2487	2489
P181,1	2490	2497
P87,6	2498	2498
P48,7	2499	2504
P6,11	2505	2509
P120,5	2510	2511
P122,5	2512	2516
P22,9	2517	2517
P84,6	2518	2519
P194,1	2520	2527
P86,6	2528	2528
P123,5	2529	2533
P126,5	2534	2537
P30,8	2538	2538
P24,1	2539	2546
P34,8	2547	2548
P127,5	2549	2550
P91,6	2551	2554
P14,10	2555	2558
P195,1	2559	2566
P57,7	2567	2572
P184,1	2573	2580
P55,7	2581	2582
P129,5	2583	2585
P143,1	2586	2593
P146,1	2594	2601
P130,5	2602	2605
P93,6	2606	2611
P60,7	2612	2612
P103,1	2613	2620
P105,1	2621	2628
P141,5	2629	2629
P33,1	2630	2635
P185,1	2636	2643
P73,1	2644	2651
P96,6	2652	2655
P155,1	2656	2663
P61,7	2664	2666
P145,5	2667	2668
P35,8	2669	2672
P97,6	2673	2676
P27,1	2677	2684
P68,7	2685	2686
P148,5	2687	2692
P199,1	2693	2700
P162,1	2701	2708
P187,1	2709	2716
P64,7	2717	2718
P156,5	2719	2720
P149,5	2721	2722
P51,1	2723	2730
P100,6	2731	2732
P52,1	2733	2740
P188,1	2741	2748
P104,6	2749	2754
P39,8	2755	2758
P83,1	2759	2766
P70,7	2767	2770
P71,7	2771	2772
P28,9	2773	2776
P3,2	2777	2784
P189,1	2785	2792
P18,10	2793	2793
P107,6	2794	2798
P109,6	2799	2801
P160,5	2802	2807
P40,8	2808	2809
P77,7	2810	2811
P175,1	2812	2819
P47,8	2820	2821
P111,6	2822	2824
P165,5	2825	2829
P166,5	2830	2832
P19,10	2833	2835
P76,7	2836	2837
P45,8	2838	2839
P171,5	2840	2844
P125,1	2845	2852
P110,6	2853	2858
P169,5	2859	2863
P172,5	2864	2864
P170,5	2865	2868
P1,2	2869	2876
P119,6	2877	2877
P78,7	2878	2882
P181,1	2883	2890
P46,8	2891	2895
P121,6	2896	2896
P173,5	2897	2902
P179,5	2903	2904
P6,12	2905	2909
P178,5	2910	2912
P79,7	2913	2916
P87,7	2917	2922
P182,1	2923	2930
P22,10	2931	2932
P85,7	2933	2934
P84,7	2935	2936
P183,1	2937	2944
P54,8	2945	2947
P195,1	2948	2955
P34,9	2956	2961
P127,6	2962	2963
P184,1	2964	2971
P89,7	2972	2976
P143,1	2977	2984
P57,8	2985	2985
P133,6	2986	2988
P55,8	2989	2992
P32,1	2993	3000
P196,1	3001	3008
P105,1	3009	3016
P90,7	3017	3018
P93,7	3019	3023
P130,6	3024	3025
P185,1	3026	3033
P95,7	3034	3035
P152,1	3036	3043
P134,6	3044	3046
P155,1	3047	3054
P59,8	3055	3056
P140,6	3057	3061
P27,1	3062	3069
P96,7	3070	3070
P98,7	3071	3076
P138,6	3077	3079
P61,8	3080	3084
P162,1	3085	3092
P68,8	3093	3097
P147,6	3098	3102
P62,8	3103	3106
P200,1	3107	3114
P144,6	3115	3119
P64,8	3120	3124
P37,9	3125	3127
P101,7	3128	3129
P188,1	3130	3137
P100,7	3138	3139
P115,1	3140	3147
P102,7	3148	3152
P168,1	3153	3160
P3,2	3161	3168
P38,1	3169	3176
P18,11	3177	3179
P190,1	3180	3187
P175,1	3188	3195
P164,6	3196	3201
P75,8	3202	3207
P160,6	3208	3213
P77,8	3214	3214
P92,1	3215	3222
P111,7	3223	3223
P191,1	3224	3231
P166,6	3232	3235
P112,7	3236	3238
P167,6	3239	3241
P45,9	3242	3244
P12,12	3245	3247
P171,6	3248	3250
P63,1	3251	3258
P114,7	3259	3264
P116,7	3265	3265
P118,7	3266	3269
P172,6	3270	3271
P78,8	3272	3275
P170,6	3276	3279
P119,7	3280	3280
P137,1	3281	3288
P179,6	3289	3294
P121,7	3295	3295
P6,13	3296	3301
P173,6	3302	3302
P178,6	3303	3308
P177,6	3309	3312
P87,8	3313	3313
P79,8	3314	3314
P120,7	3315	3318
P48,9	3319	3323
P43,1	3324	3331
P84,8	3332	3332
P184,1	3333	3340
P54,9	3341	3341
P69,1	3342	3349
P124,7	3350	3354
P143,1	3355	3362
P89,8	3363	3367
P127,7	3368	3370
P91,8	3371	3375
P55,9	3376	3379
P103,1	3380	3387
P105,1	3388	3395
P131,7	3396	3396
P197,1	3397	3404
P185,1	3405	3412
P73,1	3413	3420
P155,1	3421	3428
P93,8	3429	3429
P130,7	3430	3431
P95,8	3432	3432
P15,2	3433	3440
P141,7	3441	3441
P94,8	3442	3447
P134,7	3448	3451
P139,7	3452	3455
P140,7	3456	3456
P59,9	3457	3457
P162,1	3458	3465
P96,8	3466	3468
P98,8	3469	3471
P35,10	3472	3474
P200,1	3475	3482
P81,1	3483	3490
P52,1	3491	3498
P188,1	3499	3506
P62,9	3507	3510
P101,8	3511	3511
P168,1	3512	3519
P156,7	3520	3520
P149,7	3521	3522
P3,2	3523	3530
P189,1	3531	3538
P39,10	3539	3539
P66,9	3540	3543
P190,1	3544	3551
P175,1	3552	3559
P71,9	3560	3562
P158,7	3563	3566
P92,1	3567	3574
P125,1	3575	3582
P77,9	3583	3585
P164,7	3586	3587
P107,8	3588	3590
P111,8	3591	3592
P160,7	3593	3596
P192,1	3597	3604
P1,2	3605	3612
P41,10	3613	3618
P12,13	3619	3620
P47,10	3621	3621
P45,10	3622	3622
P171,7	3623	3627
P167,7	3628	3630
P114,8	3631	3631
P110,8	3632	3632
P174,7	3633	3634
P137,1	3635	3642
P194,1	3643	3650
P116,8	3651	3654
P182,1	3655	3662
P117,8	3663	3663
P173,7	3664	3667
P183,1	3668	3675
P46,10	3676	3679
P43,1	3680	3687
P184,1	3688	3695
P84,9	3696	3699
P53,10	3700	3700
P54,10	3701	3701
P146,1	3702	3709
P123,8	3710	3714
P32,1	3715	3722
P30,11	3723	3726
P196,1	3727	3734
P89,9	3735	3736
P127,8	3737	3737
P197,1	3738	3745
P91,9	3746	3746
P185,1	3747	3754
P14,13	3755	3758
P133,8	3759	3760
P152,1	3761	3768
P155,1	3769	3776
P90,9	3777	3781
P56,10	3782	3782
P27,1	3783	3787
P186,1	3788	3795
P130,8	3796	3798
P94,9	3799	3802
P95,9	3803	3803
P187,1	3804	3811
P200,1	3812	3819
P61,10	3820	3821
P139,8	3822	3825
P96,9	3826	3826
P51,2	3827	3834
P52,1	3835	3842
P97,9	3843	3846
P115,1	3847	3854
P65,10	3855	3855
P2,15	3856	3859
P147,8	3860	3862
P189,1	3863	3870
P156,8	3871	3873
P190,1	3874	3881
P37,11	3882	3882
P153,8	3883	3888
P150,8	3889	3891
P180,1	3892	3899
P92,1	3900	3907
P159,8	3908	3910
P125,1	3911	3918
P71,10	3919	3924
P40,11	3925	3927
P20,13	3928	3930
P77,10	3931	3931
P1,2	3932	3939
P108,9	3940	3942
P165,8	3943	3944
P107,9	3945	3949
P111,9	3950	3950
P193,1	3951	3958
P137,1	3959	3966
P110,9	3967	3969
P166,8	3970	3972
P45,11	3973	3977
P41,11	3978	3978
P167,8	3979	3979
P24,1	3980	3987
P172,8	3988	3992
P78,10	3993	3995
P195,1	3996	4003
P43,1	4004	4011
P184,1	4012	4018
P120,9	4019	4021
P146,1	4022	4029
P49,11	4030	4033
P53,11	4034	4039
P178,8	4040	4041
P54,11	4042	4043
P103,1	4044	4051
P30,12	4052	4052
P124,9	4053	4056
P197,1	4057	4064
P34,12	4065	4068
P73,1	4069	4076
P152,1	4077	4084
P155,1	4085	4092
P55,11	4093	4093
P15,2	4094	4101
P90,10	4102	4102
P199,1	4103	4110
P132,9	4111	4116
P129,9	4117	4122
P187,1	4123	4130
P130,9	4131	4132
P94,10	4133	4134
P81,1	4135	4142
P141,9	4143	4143
P52,1	4144	4151
P59,11	4152	4153
P140,9	4154	4154
P134,9	4155	4160
P115,1	4161	4168
P35,12	4169	4171
P168,1	4172	4179
P3,2	4180	4187
P38,1	4188	4195
P68,11	4196	4197
P175,1	4198	4205
P147,9	4206	4207
P156,9	4208	4210
P64,11	4211	4216
P37,12	4217	4220
P150,9	4221	4222
P39,12	4223	4228
P102,10	4229	4232
P192,1	4233	4240
P40,12	4241	4244
P71,11	4245	4250
P8,15	4251	4254
P158,9	4255	4260
P193,1	4261	4268
P20,14	4269	4270
P160,9	4271	4276
P164,9	4277	4281
P165,9	4282	4285
P182,1	4286	4293
P112,10	4294	4296
P45,12	4297	4302
P166,9	4303	4307
P183,1	4308	4315
P167,9	4316	4321
P43,1	4322	4329
P184,2	4330	4337
P78,11	4338	4341
P117,10	4342	4347
P118,10	4348	4351
P196,1	4352	4359
P105,1	4360	4367
P178,9	4368	4373
P54,12	4374	4379
P53,12	4380	4385
P73,1	4386	4393
P152,1	4394	4401
P126,10	4402	4403
P198,1	4404	4411
P55,12	4412	4414
P186,1	4415	4422
P91,11	4423	4425
P133,10	4426	4430
P131,10	4431	4436
P132,10	4437	4440
P81,1	4441	4448
P51,2	4449	4456
P188,1	4457	4464
P115,1	4465	4472
P168,1	4473	4479
P3,2	4480	4487
P59,12	4488	4493
P98,11	4494	4498
P139,10	4499	4500
P35,13	4501	4506
P175,1	4507	4512
P97,11	4513	4517
P145,10	4518	4521
P68,12	4522	4525
P138,10	4526	4526
P125,1	4527	4534
P191,1	4535	4542
P1,2	4543	4550
P181,1	4551	4558
P77,12	4559	4560
P137,1	4561	4568
P158,10	4569	4573
P71,12	4574	4579
P107,11	4580	4581
P182,1	4582	4589
P160,10	4590	4590
P183,1	4591	4598
P111,11	4599	4601
P165,10	4602	4602
P45,13	4603	4603
P43,1	4604	4611
P69,1	4612	4619
P184,2	4620	4627
P76,12	4628	4631
P167,10	4632	4636
P196,1	4637	4644
P105,1	4645	4652
P176,10	4653	4653
P179,10	4654	4654
P185,1	4655	4662
P49,13	4663	4665
P152,1	4666	4673
P155,1	4674	4681
P85,12	4682	4683
P89,12	4684	4684
P124,11	4685	4686
P186,1	4687	4694
P127,11	4695	4698
P126,11	4699	4703
P55,13	4704	4706
P187,2	4707	4714
P200,1	4715	4722
P91,12	4723	4727
P131,11	4728	4733
P52,1	4734	4741
P115,1	4742	4749
P132,11	4750	4753
P189,1	4754	4761
P61,13	4762	4767
P142,11	4768	4773
P94,12	4774	4776
P175,2	4777	4784
P98,12	4785	4789
P96,12	4790	4791
P125,1	4792	4799
P192,1	4800	4807
P1,2	4808	4815
P181,1	4816	4823
P156,11	4824	4827
P137,1	4828	4835
P159,11	4836	4840
P182,1	4841	4848
P71,13	4849	4853
P158,11	4854	4859
P108,12	4860	4862
P160,11	4863	4865
P43,2	4866	4873
P184,2	4874	4881
P165,11	4882	4885
P171,11	4886	4886
P146,1	4887	4894
P196,1	4895	4902
P105,1	4903	4903
P172,11	4904	4909
P76,13	4910	4913
P73,1	4914	4921
P155,1	4922	4929
P176,11	4930	4932
P179,11	4933	4938
P118,12	4939	4942
P49,14	4943	4946
P199,1	4947	4954
P162,1	4955	4962
P53,14	4963	4963
P200,1	4964	4971
P126,12	4972	4975
P127,12	4976	4977
P51,2	4978	4985
P135,12	4986	4991
P115,1	4992	4999
P189,1	5000	5007
P133,12	5008	5011
P132,12	5012	5014
P175,2	5015	5022
P180,1	5023	5030
P125,1	5031	5038
P192,1	5039	5046
P35,15	5047	5047
P181,1	5048	5055
P147,12	5056	5059
P137,1	5060	5067
P194,1	5068	5075
P24,1	5076	5083
P195,1	5084	5091
P69,1	5092	5099
P184,2	5100	5107
P107,13	5108	5108
P108,13	5109	5113
P196,1	5114	5121
P163,12	5122	5124
P197,2	5125	5132
P73,1	5133	5140
P112,13	5141	5144
P155,1	5145	5152
P198,1	5153	5154
P76,14	5155	5156
P176,12	5157	5162
P199,1	5163	5170
P200,1	5171	5178
P118,13	5179	5179
P51,2	5180	5187
P53,15	5188	5189
P89,14	5190	5195
P115,1	5196	5203
P189,1	5204	5211
P175,2	5212	5219
P92,2	5220	5227
P191,1	5228	5235
P133,13	5236	5237
P1,2	5238	5245
P140,13	5246	5250
P193,1	5251	5258
P194,1	5259	5266
P24,1	5267	5274
P183,1	5275	5282
P96,14	5283	5288
P69,1	5289	5296
P143,2	5297	5304
P158,13	5305	5306
P196,1	5307	5314
P103,1	5315	5322
P71,15	5323	5325
P185,2	5326	5333
P107,14	5334	5335
P152,1	5336	5343
P163,13	5344	5349
P186,1	5350	5357
P162,2	5358	5365
P200,1	5366	5373
P86,15	5374	5376
P52,1	5377	5380
P188,1	5381	5388
P118,14	5389	5393
P189,1	5394	5401
P175,2	5402	5409
P92,2	5410	5417
P191,1	5418	5425
P181,1	5426	5433
P137,1	5434	5441
P140,14	5442	5447
P24,1	5448	5455
P195,1	5456	5463
P69,1	5464	5471
P143,2	5472	5479
P146,1	5480	5487
P103,1	5488	5495
P158,14	5496	5499
P185,2	5500	5507
P102,15	5508	5513
P155,1	5514	5521
P160,14	5522	5524
P186,1	5525	5532
P162,2	5533	5540
P200,1	5541	5548
P163,14	5549	5549
P52,2	5550	5557
P115,1	5558	5565
P190,1	5566	5573
P180,1	5574	5581
P179,14	5582	5587
P125,1	5588	5595
P181,1	5596	5603
P137,1	5604	5611
P24,1	5612	5615
P195,1	5616	5623
P69,1	5624	5631
P143,2	5632	5639
P196,1	5640	5647
P197,2	5648	5655
P73,1	5656	5663
P155,1	5664	5671
P186,1	5672	5679
P162,2	5680	5687
P200,1	5688	5695
P52,2	5696	5703
P115,1	5704	5711
P190,1	5712	5719
P175,2	5720	5727
P92,2	5728	5735
P191,1	5736	5743
P193,1	5744	5751
P182,1	5752	5759
P179,15	5760	5762
P183,1	5763	5770
P43,2	5771	5778
P184,2	5779	5786
P146,1	5787	5794
P103,1	5795	5802
P185,2	5803	5810
P152,1	5811	5818
P198,2	5819	5826
P199,1	5827	5834
P187,2	5835	5842
P51,2	5843	5850
P188,1	5851	5858
P189,1	5859	5866
P175,2	5867	5874
P92,2	5875	5882
P191,1	5883	5890
P193,1	5891	5898
P182,1	5899	5906
P183,1	5907	5914
P43,2	5915	5922
P143,2	5923	5930
P103,1	5931	5938
P185,2	5939	5946
P152,1	5947	5954
P198,2	5955	5962
P199,1	5963	5970
P187,2	5971	5978
P51,2	5979	5986
P188,1	5987	5994
P189,1	5995	6002
P175,2	6003	6010
P92,2	6011	6018
P191,1	6019	6026
P193,1	6027	6034
P182,1	6035	6042
P183,1	6043	6050
P43,2	6051	6058
P184,2	6059	6066
P146,1	6067	6074
P197,2	6075	6082
P73,1	6083	6090
P155,1	6091	6098
P186,1	6099	6106
P162,2	6107	6114
P200,1	6115	6122
P52,2	6123	6130
P189,1	6131	6138
P190,2	6139	6146
P180,2	6147	6154
P191,1	6155	6162
P193,1	6163	6170
P182,1	6171	6178
P183,1	6179	6186
P69,2	6187	6194
P143,2	6195	6202
P103,1	6203	6210
P185,2	6211	6218
P152,1	6219	6226
P198,2	6227	6234
P199,1	6235	6242
P187,2	6243	6250
P51,2	6251	6258
P188,1	6259	6262
P175,2	6263	6270
P92,2	6271	6278
P125,1	6279	6284
P181,1	6285	6292
P137,1	6293	6300
P24,2	6301	6308
P43,2	6309	6316
P184,2	6317	6320
P146,1	6321	6328
P197,2	6329	6336
P73,1	6337	6338
P152,1	6339	6346
P198,2	6347	6354
P162,2	6355	6362
P200,1	6363	6370
P52,2	6371	6378
P190,2	6379	6386
P180,2	6387	6394
P191,1	6395	6402
P193,1	6403	6410
P182,2	6411	6418
P183,1	6419	6426
P69,2	6427	6434
P146,1	6435	6442
P197,2	6443	6447
P152,1	6448	6455
P198,2	6456	6463
P162,2	6464	6471
P200,1	6472	6479
P52,2	6480	6487
P190,2	6488	6495
P180,2	6496	6503
P191,1	6504	6511
P193,1	6512	6519
P182,2	6520	6527
P183,1	6528	6535
P69,2	6536	6543
P146,1	6544	6548
P103,1	6549	6554
P152,1	6555	6562
P198,2	6563	6570
P162,2	6571	6578
P200,1	6579	6586
P52,2	6587	6594
P190,2	6595	6602
P180,2	6603	6610
P191,1	6611	6618
P193,1	6619	6626
P182,2	6627	6634
P183,1	6635	6642
P69,2	6643	6650
P185,2	6651	6658
P152,1	6659	6665
P198,2	6666	6673
P162,2	6674	6678
P200,1	6679	6686
P52,2	6687	6694
P190,2	6695	6702
P180,2	6703	6710
P191,1	6711	6718
P137,1	6719	6722
P24,2	6723	6730
P43,2	6731	6738
P143,2	6739	6746
P103,2	6747	6754
P155,1	6755	6755
P198,2	6756	6763
P187,2	6764	6771
P51,2	6772	6779
P175,2	6780	6787
P92,2	6788	6795
P125,2	6796	6803
P137,2	6804	6811
P182,2	6812	6819
P43,2	6820	6827
P143,2	6828	6835
P103,2	6836	6843
P152,2	6844	6851
P199,1	6852	6857
P187,2	6858	6865
P52,2	6866	6873
P190,2	6874	6881
P180,2	6882	6889
P137,2	6890	6897
P193,2	6898	6905
P24,2	6906	6913
P69,2	6914	6921
P185,2	6922	6929
P155,2	6930	6937
P198,2	6938	6945
P200,2	6946	6953
P52,2	6954	6954
P175,2	6955	6962
P180,2	6963	6970
P137,2	6971	6978
P193,2	6979	6986
P24,2	6987	6994
P69,2	6995	7002
P185,2	7003	7010
P155,2	7011	7018
P198,2	7019	7026
P200,2	7027	7034
P175,2	7035	7042
P180,2	7043	7050
P137,2	7051	7058
P193,2	7059	7066
P24,2	7067	7074
P69,2	7075	7082
P185,2	7083	7084
P103,2	7085	7092
P152,2	7093	7100
P199,2	7101	7108
P175,2	7109	7116
P180,2	7117	7124
P137,2	7125	7132
P193,2	7133	7140
P24,2	7141	7148
P69,2	7149	7156
P103,2	7157	7164
P152,2	7165	7172
P199,2	7173	7180
P175,2	7181	7188
P180,2	7189	7196
P137,2	7197	7204
P193,2	7205	7212
P24,2	7213	7220
P69,2	7221	7228
P103,2	7229	7236
P152,2	7237	7244
P199,2	7245	7252
P175,2	7253	7260
P180,2	7261	7268
P137,2	7269	7276
P193,2	7277	7284
P24,2	7285	7292
P69,2	7293	7300
P103,2	7301	7308
P152,2	7309	7316
P199,2	7317	7324
P175,2	7325	7327
P92,2	7328	7334
P125,2	7335	7342
P191,2	7343	7350
P182,2	7351	7358
P43,2	7359	7363
P143,2	7364	7371
P155,2	7372	7379
P199,2	7380	7387
P180,2	7388	7395
P137,2	7396	7403
P193,2	7404	7404
P182,2	7405	7412
P69,2	7413	7420
P103,2	7421	7428
P198,2	7429	7436
P200,2	7437	7444
P125,2	7445	7452
P191,2	7453	7460
P24,2	7461	7468
P103,2	7469	7476
P198,2	7477	7482
P199,2	7483	7490
P180,2	7491	7498
P137,2	7499	7506
P182,2	7507	7512
P69,2	7513	7520
P155,2	7521	7528
P200,2	7529	7536
P137,2	7537	7544
P69,2	7545	7552
P155,2	7553	7560
P200,2	7561	7568
P137,2	7569	7576
P69,2	7577	7577
P103,2	7578	7580
P155,2	7581	7588
P200,2	7589	7596
P191,2	7597	7604
P199,2	7605	7612
P191,2	7613	7620
P199,2	7621	7628
P191,2	7629	7636
P199,2	7637	7644
P155,2	7645	7652
P191,2	7653	7656
P199,2	7657	7688
