CPU0
P1,1	2	17
P4,1	18	18
P5,1	19	22
P1,1	23	38
P8,1	39	42
P2,2	43	44
P9,1	45	50
P10,1	51	52
P3,1	53	68
P11,1	69	73
P1,1	74	89
P16,1	90	95
P3,1	96	111
P20,1	112	116
P21,1	117	121
P10,2	122	124
P22,1	125	127
P6,3	128	132
P15,1	133	148
P4,3	149	151
P14,2	152	156
P25,1	157	160
P11,2	161	163
P16,2	164	167
P26,1	168	168
P27,1	169	184
P18,2	185	186
P30,1	187	187
P20,2	188	190
P1,1	191	206
P7,4	207	210
P9,3	211	215
P8,3	216	219
P21,2	220	221
P19,2	222	222
P15,1	223	238
P12,3	239	243
P35,1	244	248
P22,2	249	253
P36,1	254	257
P37,1	258	261
P4,4	262	264
P14,3	265	268
P3,1	269	284
P25,2	285	287
P41,1	288	291
P26,2	292	295
P42,1	296	299
P43,1	300	315
P16,3	316	319
P46,1	320	320
P47,1	321	325
P17,3	326	330
P13,3	331	333
P48,1	334	339
P32,1	340	355
P30,2	356	361
P18,3	362	364
P52,1	365	380
P33,1	381	396
P15,1	397	410
P58,1	411	413
P9,4	414	415
P61,1	416	416
P21,3	417	417
P24,1	418	433
P64,1	434	438
P65,1	439	441
P12,4	442	444
P38,1	445	460
P68,1	461	464
P70,1	465	467
P22,3	468	470
P71,1	471	475
P3,1	476	491
P74,1	492	494
P75,1	495	495
P76,1	496	498
P77,1	499	499
P39,2	500	502
P4,5	503	506
P78,1	507	509
P14,4	510	512
P23,3	513	518
P26,3	519	522
P79,1	523	523
P41,2	524	526
P80,1	527	531
P81,1	532	547
P11,4	548	550
P84,1	551	553
P28,3	554	555
P1,1	556	571
P44,2	572	577
P86,1	578	582
P45,2	583	583
P46,2	584	584
P87,1	585	585
P88,1	586	586
P17,4	587	589
P89,1	590	592
P90,1	593	595
P91,1	596	601
P29,3	602	604
P2,6	605	608
P51,1	609	624
P48,2	625	626
P20,4	627	628
P18,4	629	633
P95,1	634	635
P49,2	636	636
P30,3	637	638
P96,1	639	644
P97,1	645	646
P53,2	647	652
P54,2	653	657
P15,2	658	673
P7,6	674	675
P56,2	676	679
P55,2	680	684
P58,2	685	690
P24,1	691	706
P60,2	707	712
P105,1	713	728
P106,1	729	732
P61,2	733	737
P59,2	738	741
P34,3	742	745
P38,1	746	761
P111,1	762	763
P69,1	764	779
P22,4	780	783
P10,5	784	787
P70,2	788	789
P115,1	790	805
P73,1	806	821
P72,2	822	822
P77,2	823	823
P120,1	824	826
P75,2	827	827
P121,1	828	829
P76,2	830	833
P39,3	834	835
P4,6	836	840
P37,3	841	843
P43,1	844	859
P81,1	860	875
P126,1	876	877
P80,2	878	879
P127,1	880	883
P26,4	884	886
P79,2	887	892
P41,3	893	897
P42,3	898	903
P82,2	904	907
P129,1	908	909
P130,1	910	911
P132,1	912	916
P133,1	917	920
P84,2	921	926
P134,1	927	927
P11,5	928	932
P136,1	933	938
P138,1	939	943
P139,1	944	946
P85,2	947	951
P32,1	952	967
P45,3	968	972
P143,1	973	988
P144,1	989	992
P13,5	993	998
P89,2	999	1003
P146,1	1004	1019
P147,1	1020	1024
P29,4	1025	1030
P52,1	1031	1046
P151,1	1047	1047
P93,2	1048	1051
P33,1	1052	1067
P153,1	1068	1068
P154,1	1069	1071
P48,3	1072	1076
P95,2	1077	1081
P156,1	1082	1085
P96,2	1086	1088
P97,2	1089	1090
P15,2	1091	1106
P158,1	1107	1108
P159,1	1109	1110
P100,2	1111	1114
P161,1	1115	1115
P56,3	1116	1118
P8,6	1119	1119
P163,1	1120	1123
P24,1	1124	1139
P19,5	1140	1145
P58,3	1146	1147
P164,1	1148	1151
P99,2	1152	1156
P31,4	1157	1162
P104,2	1163	1163
P166,1	1164	1168
P57,3	1169	1174
P167,1	1175	1177
P21,5	1178	1178
P63,1	1179	1194
P169,1	1195	1196
P172,1	1197	1202
P9,6	1203	1208
P59,3	1209	1213
P61,3	1214	1219
P34,4	1220	1220
P174,1	1221	1226
P175,1	1227	1242
P109,2	1243	1244
P177,1	1245	1249
P107,2	1250	1252
P12,6	1253	1255
P111,2	1256	1257
P178,1	1258	1263
P110,2	1264	1266
P68,3	1267	1271
P6,7	1272	1277
P3,2	1278	1293
P112,2	1294	1296
P113,2	1297	1301
P36,4	1302	1302
P10,6	1303	1305
P73,1	1306	1321
P27,1	1322	1337
P121,2	1338	1341
P74,3	1342	1346
P72,3	1347	1352
P43,1	1353	1368
P37,4	1369	1371
P14,6	1372	1377
P81,1	1378	1393
P125,1	1394	1409
P23,5	1410	1413
P123,2	1414	1414
P78,3	1415	1418
P40,4	1419	1423
P184,1	1424	1439
P127,2	1440	1441
P79,3	1442	1446
P25,5	1447	1447
P42,4	1448	1449
P41,4	1450	1450
P1,2	1451	1466
P82,3	1467	1471
P130,2	1472	1476
P11,6	1477	1482
P136,2	1483	1487
P135,2	1488	1493
P84,3	1494	1496
P32,1	1497	1512
P139,2	1513	1516
P138,2	1517	1522
P86,3	1523	1525
P44,4	1526	1529
P92,1	1530	1545
P142,2	1546	1549
P13,6	1550	1555
P144,2	1556	1560
P146,1	1561	1576
P51,1	1577	1592
P145,2	1593	1595
P52,1	1596	1611
P188,1	1612	1627
P18,6	1628	1630
P20,6	1631	1632
P50,4	1633	1635
P93,3	1636	1638
P49,4	1639	1639
P94,3	1640	1644
P151,2	1645	1649
P155,1	1650	1665
P189,1	1666	1681
P157,2	1682	1682
P96,3	1683	1686
P53,4	1687	1690
P7,8	1691	1693
P54,4	1694	1697
P162,1	1698	1713
P161,2	1714	1719
P160,2	1720	1723
P158,2	1724	1729
P103,1	1730	1745
P163,2	1746	1746
P164,2	1747	1748
P102,3	1749	1749
P19,6	1750	1755
P191,1	1756	1771
P99,3	1772	1774
P101,3	1775	1776
P55,4	1777	1779
P57,4	1780	1780
P60,4	1781	1786
P63,1	1787	1802
P167,2	1803	1806
P104,3	1807	1812
P171,2	1813	1813
P193,1	1814	1829
P172,2	1830	1835
P62,4	1836	1837
P194,1	1838	1853
P34,5	1854	1855
P108,3	1856	1856
P69,1	1857	1872
P65,4	1873	1873
P177,2	1874	1878
P12,7	1879	1882
P109,3	1883	1885
P180,1	1886	1901
P68,4	1902	1902
P178,2	1903	1904
P3,2	1905	1920
P110,3	1921	1924
P6,8	1925	1926
P73,1	1927	1942
P196,1	1943	1958
P118,3	1959	1964
P181,1	1965	1980
P114,3	1981	1986
P71,4	1987	1988
P74,4	1989	1990
P121,3	1991	1996
P72,4	1997	1998
P77,4	1999	2003
P75,4	2004	2008
P120,3	2009	2012
P81,1	2013	2028
P182,1	2029	2044
P183,1	2045	2060
P14,7	2061	2066
P200,1	2067	2082
P80,4	2083	2087
P123,3	2088	2090
P126,3	2091	2095
P78,4	2096	2096
P128,3	2097	2098
P124,3	2099	2102
P40,5	2103	2105
P127,3	2106	2110
P26,6	2111	2116
P79,4	2117	2121
P25,6	2122	2125
P41,5	2126	2129
P82,4	2130	2130
P129,3	2131	2131
P131,3	2132	2135
P132,3	2136	2140
P133,3	2141	2146
P185,1	2147	2162
P130,3	2163	2168
P134,3	2169	2172
P143,1	2173	2188
P139,3	2189	2192
P46,5	2193	2197
P85,4	2198	2198
P86,4	2199	2202
P138,3	2203	2207
P13,7	2208	2210
P186,1	2211	2226
P88,4	2227	2228
P142,3	2229	2230
P16,7	2231	2236
P91,4	2237	2237
P17,7	2238	2238
P52,1	2239	2254
P145,3	2255	2257
P188,1	2258	2273
P147,3	2274	2274
P20,7	2275	2278
P29,6	2279	2284
P93,4	2285	2290
P155,1	2291	2306
P154,3	2307	2308
P15,2	2309	2324
P156,3	2325	2330
P190,1	2331	2346
P7,9	2347	2348
P54,5	2349	2354
P24,1	2355	2370
P161,3	2371	2372
P30,6	2373	2373
P158,3	2374	2378
P160,3	2379	2381
P164,3	2382	2385
P191,1	2386	2401
P165,3	2402	2406
P8,8	2407	2408
P192,1	2409	2424
P63,1	2425	2440
P57,5	2441	2443
P60,5	2444	2448
P38,1	2449	2464
P167,3	2465	2467
P104,4	2468	2473
P194,1	2474	2489
P173,3	2490	2491
P34,6	2492	2497
P62,5	2498	2500
P59,5	2501	2502
P9,8	2503	2504
P108,4	2505	2505
P106,4	2506	2507
P174,3	2508	2508
P111,4	2509	2513
P195,1	2514	2529
P177,3	2530	2534
P65,5	2535	2536
P61,5	2537	2539
P107,4	2540	2540
P3,2	2541	2556
P64,5	2557	2561
P68,5	2562	2563
P73,1	2564	2579
P22,7	2580	2582
P196,1	2583	2598
P181,1	2599	2614
P117,4	2615	2619
P74,5	2620	2620
P43,1	2621	2636
P114,4	2637	2637
P121,4	2638	2638
P198,1	2639	2654
P72,5	2655	2660
P120,4	2661	2664
P125,1	2665	2680
P37,6	2681	2681
P76,5	2682	2685
P122,4	2686	2691
P39,6	2692	2696
P200,1	2697	2712
P14,8	2713	2717
P80,5	2718	2721
P126,4	2722	2725
P78,5	2726	2731
P40,6	2732	2735
P23,7	2736	2739
P124,4	2740	2740
P127,4	2741	2744
P128,4	2745	2745
P26,7	2746	2748
P41,6	2749	2753
P79,5	2754	2756
P131,4	2757	2761
P185,1	2762	2777
P132,4	2778	2779
P136,4	2780	2785
P143,1	2786	2801
P141,4	2802	2803
P84,5	2804	2807
P134,4	2808	2808
P140,4	2809	2809
P139,4	2810	2814
P44,6	2815	2816
P45,6	2817	2818
P86,5	2819	2819
P146,1	2820	2835
P87,5	2836	2840
P51,2	2841	2856
P52,1	2857	2872
P144,4	2873	2875
P188,1	2876	2891
P147,4	2892	2893
P149,4	2894	2898
P90,5	2899	2903
P29,7	2904	2908
P150,4	2909	2913
P20,8	2914	2914
P18,8	2915	2916
P50,6	2917	2917
P94,5	2918	2918
P189,1	2919	2934
P93,5	2935	2938
P95,5	2939	2944
P156,4	2945	2945
P48,6	2946	2949
P153,4	2950	2952
P162,1	2953	2968
P7,10	2969	2971
P54,6	2972	2976
P157,4	2977	2981
P103,1	2982	2997
P30,7	2998	3002
P158,4	3003	3006
P191,1	3007	3022
P164,4	3023	3023
P160,4	3024	3025
P192,1	3026	3041
P99,5	3042	3044
P165,4	3045	3045
P168,1	3046	3061
P58,6	3062	3062
P55,6	3063	3064
P38,1	3065	3080
P175,1	3081	3096
P169,4	3097	3102
P167,4	3103	3103
P172,4	3104	3109
P104,5	3110	3110
P170,4	3111	3111
P173,4	3112	3113
P34,7	3114	3114
P59,6	3115	3119
P108,5	3120	3122
P180,1	3123	3138
P174,4	3139	3143
P12,9	3144	3149
P65,6	3150	3152
P177,4	3153	3156
P179,4	3157	3161
P115,1	3162	3177
P73,1	3178	3193
P66,6	3194	3194
P113,5	3195	3198
P22,8	3199	3200
P112,5	3201	3203
P181,1	3204	3219
P110,5	3220	3221
P43,1	3222	3237
P117,5	3238	3238
P118,5	3239	3240
P114,5	3241	3241
P119,5	3242	3243
P81,1	3244	3259
P125,1	3260	3275
P120,5	3276	3277
P199,1	3278	3293
P122,5	3294	3298
P76,6	3299	3303
P37,7	3304	3308
P14,9	3309	3313
P39,7	3314	3318
P1,2	3319	3334
P127,5	3335	3336
P78,6	3337	3337
P40,7	3338	3343
P124,5	3344	3345
P128,5	3346	3350
P41,7	3351	3355
P82,6	3356	3359
P26,8	3360	3364
P133,5	3365	3367
P129,5	3368	3370
P28,8	3371	3375
P135,5	3376	3377
P132,5	3378	3382
P47,7	3383	3387
P136,5	3388	3392
P84,6	3393	3394
P130,5	3395	3398
P146,1	3399	3414
P140,5	3415	3415
P45,7	3416	3416
P139,5	3417	3422
P86,6	3423	3423
P87,6	3424	3424
P187,1	3425	3440
P138,5	3441	3441
P91,6	3442	3445
P85,6	3446	3450
P188,1	3451	3466
P144,5	3467	3469
P148,5	3470	3475
P147,5	3476	3478
P89,6	3479	3479
P29,8	3480	3483
P90,6	3484	3486
P149,5	3487	3488
P189,1	3489	3504
P18,9	3505	3505
P150,5	3506	3506
P94,6	3507	3507
P156,5	3508	3509
P190,1	3510	3525
P154,5	3526	3527
P48,7	3528	3533
P151,5	3534	3539
P95,6	3540	3541
P24,1	3542	3557
P97,6	3558	3561
P96,6	3562	3565
P105,1	3566	3581
P98,6	3582	3583
P30,8	3584	3584
P158,5	3585	3589
P161,5	3590	3593
P192,1	3594	3609
P163,5	3610	3614
P8,10	3615	3620
P101,6	3621	3624
P38,1	3625	3632
P165,5	3633	3637
P57,7	3638	3643
P175,1	3644	3657
P60,7	3658	3658
P166,5	3659	3661
P69,1	3662	3677
P180,1	3678	3693
P34,8	3694	3695
P173,5	3696	3701
P62,7	3702	3705
P174,5	3706	3706
P9,10	3707	3709
P3,2	3710	3725
P65,7	3726	3730
P176,5	3731	3735
P179,5	3736	3737
P61,7	3738	3740
P6,11	3741	3745
P196,1	3746	3761
P178,5	3762	3764
P197,1	3765	3780
P10,10	3781	3784
P43,2	3785	3800
P110,6	3801	3806
P81,1	3807	3822
P75,7	3823	3827
P117,6	3828	3828
P125,1	3829	3844
P199,1	3845	3860
P200,1	3861	3876
P76,7	3877	3878
P1,2	3879	3883
P23,9	3884	3885
P14,10	3886	3889
P39,8	3890	3893
P127,6	3894	3895
P123,6	3896	3901
P126,6	3902	3906
P41,8	3907	3908
P78,7	3909	3913
P124,6	3914	3915
P82,7	3916	3917
P40,8	3918	3919
P26,9	3920	3920
P133,6	3921	3923
P131,6	3924	3929
P129,6	3930	3931
P92,2	3932	3947
P28,9	3948	3951
P146,1	3952	3967
P51,2	3968	3983
P52,1	3984	3999
P85,7	4000	4001
P138,6	4002	4004
P46,8	4005	4009
P145,6	4010	4013
P16,10	4014	4016
P91,7	4017	4019
P89,7	4020	4024
P155,1	4025	4040
P189,1	4041	4056
P2,12	4057	4058
P156,6	4059	4060
P93,7	4061	4065
P162,1	4066	4081
P24,1	4082	4097
P95,7	4098	4099
P48,8	4100	4100
P105,1	4101	4101
P54,8	4102	4104
P191,1	4105	4120
P159,6	4121	4122
P158,6	4123	4127
P160,6	4128	4133
P163,6	4134	4139
P193,1	4140	4155
P165,6	4156	4158
P194,1	4159	4174
P57,8	4175	4175
P69,1	4176	4191
P60,8	4192	4195
P171,6	4196	4198
P195,1	4199	4214
P104,7	4215	4215
P170,6	4216	4219
P115,1	4220	4235
P73,1	4236	4251
P111,7	4252	4252
P61,8	4253	4257
P177,6	4258	4261
P64,8	4262	4266
P68,8	4267	4271
P197,1	4272	4283
P107,7	4284	4289
P10,11	4290	4290
P198,1	4291	4306
P66,8	4307	4311
P110,7	4312	4316
P116,7	4317	4317
P35,9	4318	4319
P125,1	4320	4335
P114,7	4336	4341
P199,1	4342	4357
P200,1	4358	4373
P77,8	4374	4374
P120,7	4375	4378
P76,8	4379	4383
P39,9	4384	4389
P37,9	4390	4392
P185,2	4393	4408
P123,7	4409	4410
P78,8	4411	4414
P124,7	4415	4419
P40,9	4420	4425
P82,8	4426	4428
P131,7	4429	4429
P133,7	4430	4431
P129,7	4432	4436
P186,1	4437	4452
P47,9	4453	4454
P187,2	4455	4470
P28,10	4471	4473
P84,8	4474	4474
P52,1	4475	4478
P141,7	4479	4479
P130,7	4480	4481
P188,1	4482	4497
P85,8	4498	4499
P142,7	4500	4500
P89,8	4501	4505
P155,1	4506	4521
P145,7	4522	4527
P147,7	4528	4533
P190,1	4534	4549
P162,1	4550	4553
P24,1	4554	4557
P94,8	4558	4563
P153,7	4564	4566
P150,7	4567	4570
P53,9	4571	4574
P48,9	4575	4579
P95,8	4580	4580
P54,9	4581	4581
P192,1	4582	4597
P96,8	4598	4600
P30,10	4601	4603
P193,1	4604	4619
P163,7	4620	4622
P56,9	4623	4625
P8,12	4626	4628
P165,7	4629	4632
P101,8	4633	4633
P164,7	4634	4635
P69,1	4636	4651
P166,7	4652	4655
P57,9	4656	4661
P102,8	4662	4662
P195,1	4663	4678
P34,10	4679	4682
P115,1	4683	4698
P65,9	4699	4704
P196,1	4705	4720
P179,7	4721	4726
P111,8	4727	4728
P176,7	4729	4731
P197,2	4732	4747
P43,2	4748	4763
P112,8	4764	4765
P125,1	4766	4781
P35,10	4782	4784
P116,8	4785	4788
P183,1	4789	4804
P114,8	4805	4805
P117,8	4806	4806
P184,2	4807	4822
P71,9	4823	4825
P77,9	4826	4828
P120,8	4829	4830
P76,9	4831	4833
P39,10	4834	4834
P185,2	4835	4850
P37,10	4851	4856
P123,8	4857	4861
P14,12	4862	4867
P41,10	4868	4873
P40,10	4874	4879
P78,9	4880	4881
P131,8	4882	4882
P127,8	4883	4883
P186,1	4884	4899
P132,8	4900	4900
P187,2	4901	4916
P52,2	4917	4932
P84,9	4933	4936
P45,10	4937	4937
P141,8	4938	4938
P28,11	4939	4943
P152,1	4944	4959
P142,8	4960	4962
P139,8	4963	4966
P189,1	4967	4982
P46,10	4983	4986
P138,8	4987	4987
P91,9	4988	4988
P145,8	4989	4990
P162,2	4991	5006
P147,8	5007	5009
P20,12	5010	5010
P103,1	5011	5026
P93,9	5027	5030
P149,8	5031	5036
P53,10	5037	5037
P150,8	5038	5040
P54,10	5041	5041
P95,9	5042	5042
P97,9	5043	5046
P193,1	5047	5062
P96,9	5063	5063
P98,9	5064	5064
P30,11	5065	5068
P160,8	5069	5071
P165,8	5072	5073
P69,1	5074	5087
P164,8	5088	5093
P58,10	5094	5098
P195,1	5099	5114
P167,8	5115	5115
P115,1	5116	5131
P59,10	5132	5135
P196,1	5136	5151
P197,2	5152	5167
P6,14	5168	5171
P43,2	5172	5187
P108,9	5188	5190
P125,1	5191	5206
P64,10	5207	5212
P110,9	5213	5215
P178,8	5216	5217
P35,11	5218	5220
P183,1	5221	5236
P118,9	5237	5241
P184,2	5242	5257
P137,1	5258	5273
P71,10	5274	5279
P143,2	5280	5295
P37,11	5296	5296
P126,9	5297	5297
P186,1	5298	5313
P146,1	5314	5329
P51,2	5330	5345
P52,2	5346	5361
P47,11	5362	5363
P152,1	5364	5379
P141,9	5380	5380
P45,11	5381	5385
P130,9	5386	5387
P84,10	5388	5389
P140,9	5390	5390
P89,10	5391	5391
P189,1	5392	5407
P139,9	5408	5413
P142,9	5414	5419
P162,2	5420	5435
P91,10	5436	5441
P145,9	5442	5445
P20,13	5446	5448
P18,13	5449	5453
P94,10	5454	5455
P147,9	5456	5457
P191,1	5458	5473
P53,11	5474	5479
P97,10	5480	5481
P175,2	5482	5497
P158,9	5498	5503
P96,10	5504	5505
P69,2	5506	5521
P165,9	5522	5525
P8,14	5526	5530
P163,9	5531	5531
P164,9	5532	5536
P58,11	5537	5540
P171,9	5541	5544
P55,11	5545	5545
P166,9	5546	5550
P102,10	5551	5554
P172,9	5555	5560
P196,1	5561	5568
P34,12	5569	5572
P12,14	5573	5573
P197,2	5574	5589
P61,11	5590	5595
P43,2	5596	5611
P182,1	5612	5627
P111,10	5628	5631
P107,10	5632	5633
P112,10	5634	5636
P199,1	5637	5652
P178,9	5653	5658
P110,10	5659	5664
P184,2	5665	5680
P185,2	5681	5696
P143,2	5697	5712
P120,10	5713	5713
P92,2	5714	5729
P126,10	5730	5731
P76,11	5732	5737
P146,1	5738	5753
P78,11	5754	5757
P51,2	5758	5773
P131,10	5774	5779
P132,10	5780	5783
P188,1	5784	5799
P129,10	5800	5803
P135,10	5804	5804
P45,12	5805	5810
P86,11	5811	5816
P141,10	5817	5820
P189,1	5821	5836
P24,2	5837	5852
P142,10	5853	5856
P103,1	5857	5872
P147,10	5873	5877
P91,11	5878	5880
P20,14	5881	5882
P193,1	5883	5898
P93,11	5899	5903
P97,11	5904	5908
P53,12	5909	5914
P98,11	5915	5919
P160,10	5920	5920
P180,2	5921	5936
P150,10	5937	5942
P96,11	5943	5947
P165,10	5948	5948
P55,12	5949	5951
P171,10	5952	5952
P163,10	5953	5958
P172,10	5959	5959
P167,10	5960	5964
P197,2	5965	5980
P198,2	5981	5996
P61,12	5997	6001
P59,12	6002	6007
P125,1	6008	6013
P199,1	6014	6029
P111,11	6030	6032
P112,11	6033	6037
P184,2	6038	6049
P68,12	6050	6053
P178,10	6054	6055
P137,1	6056	6071
P143,2	6072	6087
P118,11	6088	6088
P120,11	6089	6094
P71,12	6095	6100
P126,11	6101	6105
P187,2	6106	6121
P124,11	6122	6123
P127,11	6124	6127
P40,13	6128	6133
P78,12	6134	6134
P52,2	6135	6150
P152,1	6151	6166
P132,11	6167	6170
P45,13	6171	6171
P190,2	6172	6187
P24,2	6188	6203
P140,11	6204	6207
P142,11	6208	6213
P85,12	6214	6215
P191,1	6216	6231
P91,12	6232	6236
P175,2	6237	6252
P69,2	6253	6268
P97,12	6269	6269
P160,11	6270	6272
P53,13	6273	6273
P54,13	6274	6277
P158,11	6278	6283
P55,13	6284	6286
P165,11	6287	6290
P197,2	6291	6303
P171,11	6304	6304
P102,12	6305	6310
P43,2	6311	6326
P125,2	6327	6342
P61,13	6343	6348
P199,1	6349	6364
P108,12	6365	6367
P200,1	6368	6383
P185,2	6384	6399
P178,11	6400	6403
P92,2	6404	6419
P146,1	6420	6424
P187,2	6425	6440
P124,12	6441	6445
P52,2	6446	6461
P155,1	6462	6477
P132,12	6478	6480
P135,12	6481	6486
P86,13	6487	6488
P162,2	6489	6504
P89,13	6505	6508
P103,2	6509	6524
P85,13	6525	6526
P140,12	6527	6527
P147,12	6528	6531
P84,13	6532	6536
P175,2	6537	6552
P180,2	6553	6568
P160,12	6569	6572
P181,1	6573	6580
P198,2	6581	6596
P172,12	6597	6599
P182,2	6600	6615
P102,13	6616	6616
P183,1	6617	6632
P200,1	6633	6648
P185,2	6649	6664
P92,2	6665	6680
P77,14	6681	6685
P51,2	6686	6701
P71,14	6702	6702
P118,13	6703	6703
P152,2	6704	6719
P162,2	6720	6724
P86,14	6725	6728
P24,2	6729	6744
P191,1	6745	6760
P193,1	6761	6764
P175,2	6765	6780
P145,13	6781	6786
P158,13	6787	6788
P198,2	6789	6804
P53,15	6805	6806
P43,2	6807	6822
P125,2	6823	6838
P199,1	6839	6852
P200,1	6853	6861
P143,2	6862	6877
P107,14	6878	6879
P92,2	6880	6895
P51,2	6896	6911
P152,2	6912	6927
P24,2	6928	6943
P191,2	6944	6959
P175,2	6960	6975
P140,14	6976	6981
P180,2	6982	6997
P158,14	6998	7001
P43,2	7002	7017
P98,15	7018	7021
P125,2	7022	7037
P137,2	7038	7053
P96,15	7054	7058
P185,2	7059	7068
P102,15	7069	7074
P92,2	7075	7090
P107,15	7091	7092
P155,2	7093	7108
P190,2	7109	7109
P24,2	7110	7125
P191,2	7126	7141
P175,2	7142	7157
P180,2	7158	7173
P43,2	7174	7186
P125,2	7187	7202
P137,2	7203	7218
P143,2	7219	7234
P155,2	7235	7250
P176,15	7251	7253
P179,15	7254	7256
P24,2	7257	7272
P191,2	7273	7288
P175,2	7289	7299
P180,2	7300	7315
P182,2	7316	7331
P199,2	7332	7347
P200,2	7348	7363
P155,2	7364	7379
P103,2	7380	7395
P193,2	7396	7411
P180,2	7412	7427
P182,2	7428	7443
P199,2	7444	7459
P200,2	7460	7475
P103,2	7476	7491
P193,2	7492	7492
P69,2	7493	7501
P198,2	7502	7515
P125,2	7516	7531
P137,2	7532	7547
P155,2	7548	7563
P125,2	7564	7578
P137,2	7579	7586
P155,2	7587	7602
P199,2	7603	7618
P155,2	7619	7634
P199,2	7635	7650
P191,2	7651	7654
P199,2	7655	7686
P155,2	7698	7705
CPU1
P2,1	4	4
P3,1	8	23
P6,1	24	25
P7,1	26	28
P3,1	29	44
P1,1	45	60
P5,2	61	64
P7,2	65	65
P4,2	66	70
P12,1	71	73
P13,1	74	77
P6,2	78	78
P14,1	79	81
P15,1	82	97
P2,3	98	98
P17,1	99	100
P9,2	101	103
P18,1	104	106
P19,1	107	110
P8,2	111	111
P7,3	112	112
P5,3	113	118
P12,2	119	121
P1,1	122	137
P23,1	138	141
P24,1	142	157
P3,1	158	173
P13,2	174	174
P28,1	175	180
P17,2	181	182
P29,1	183	186
P2,4	187	191
P5,4	192	195
P31,1	196	198
P32,1	199	214
P33,1	215	230
P34,1	231	232
P10,3	233	238
P24,1	239	254
P6,4	255	257
P38,1	258	273
P39,1	274	279
P40,1	280	281
P23,2	282	287
P27,1	288	303
P11,3	304	309
P44,1	310	310
P28,2	311	313
P45,1	314	319
P1,1	320	335
P29,2	336	341
P49,1	342	347
P50,1	348	353
P20,3	354	354
P2,5	355	359
P51,1	360	375
P53,1	376	379
P54,1	380	384
P5,5	385	387
P7,5	388	392
P31,2	393	394
P8,4	395	399
P19,3	400	400
P55,1	401	406
P56,1	407	407
P57,1	408	410
P59,1	411	413
P60,1	414	418
P62,1	419	423
P34,2	424	427
P63,1	428	443
P66,1	444	448
P6,5	449	450
P10,4	451	452
P35,2	453	458
P36,2	459	459
P67,1	460	460
P69,1	461	476
P72,1	477	481
P73,1	482	497
P37,2	498	502
P27,1	503	518
P40,2	519	521
P43,1	522	537
P25,3	538	540
P42,2	541	545
P82,1	546	548
P83,1	549	564
P85,1	565	568
P47,2	569	571
P16,4	572	577
P13,4	578	583
P32,1	584	599
P92,1	600	615
P50,2	616	619
P93,1	620	621
P94,1	622	624
P52,1	625	640
P33,1	641	656
P98,1	657	659
P5,6	660	661
P8,5	662	666
P99,1	667	672
P100,1	673	677
P101,1	678	678
P102,1	679	684
P19,4	685	689
P31,3	690	690
P103,1	691	706
P104,1	707	712
P57,2	713	715
P21,4	716	717
P62,2	718	722
P63,1	723	738
P9,5	739	739
P107,1	740	744
P65,2	745	747
P108,1	748	752
P109,1	753	755
P12,5	756	758
P110,1	759	759
P64,2	760	763
P6,6	764	766
P66,2	767	770
P112,1	771	771
P68,2	772	775
P36,3	776	779
P113,1	780	780
P114,1	781	786
P35,3	787	792
P67,2	793	793
P3,1	794	799
P116,1	800	805
P117,1	806	808
P118,1	809	812
P119,1	813	816
P74,2	817	817
P71,2	818	823
P27,1	824	839
P122,1	840	845
P14,5	846	849
P123,1	850	854
P23,4	855	857
P40,3	858	861
P78,2	862	863
P124,1	864	868
P125,1	869	884
P128,1	885	889
P25,4	890	893
P83,1	894	909
P28,4	910	910
P131,1	911	912
P1,2	913	928
P135,1	929	932
P137,1	933	948
P47,3	949	949
P140,1	950	954
P141,1	955	955
P86,2	956	960
P46,3	961	962
P87,2	963	965
P44,3	966	970
P142,1	971	976
P16,5	977	979
P88,2	980	981
P92,1	982	997
P17,5	998	1001
P145,1	1002	1006
P91,2	1007	1010
P51,1	1011	1026
P148,1	1027	1027
P90,2	1028	1028
P149,1	1029	1033
P2,7	1034	1034
P50,3	1035	1039
P150,1	1040	1040
P20,5	1041	1043
P18,5	1044	1048
P94,2	1049	1054
P49,3	1055	1060
P152,1	1061	1076
P155,1	1077	1092
P53,3	1093	1097
P157,1	1098	1102
P30,4	1103	1105
P98,2	1106	1107
P54,3	1108	1111
P160,1	1112	1112
P7,7	1113	1117
P162,1	1118	1133
P103,1	1134	1149
P55,3	1150	1151
P101,2	1152	1152
P165,1	1153	1153
P102,2	1154	1159
P60,3	1160	1162
P105,1	1163	1178
P168,1	1179	1194
P170,1	1195	1195
P171,1	1196	1197
P62,3	1198	1198
P173,1	1199	1204
P38,1	1205	1220
P106,2	1221	1226
P176,1	1227	1232
P65,3	1233	1234
P108,2	1235	1237
P69,1	1238	1253
P64,3	1254	1257
P179,1	1258	1263
P66,3	1264	1266
P180,1	1267	1282
P115,1	1283	1298
P22,5	1299	1303
P70,3	1304	1309
P114,2	1310	1315
P35,4	1316	1319
P67,3	1320	1320
P119,2	1321	1325
P116,2	1326	1328
P71,3	1329	1330
P118,2	1331	1332
P117,2	1333	1336
P181,1	1337	1352
P77,3	1353	1358
P120,2	1359	1362
P75,3	1363	1365
P4,7	1366	1367
P76,3	1368	1371
P39,4	1372	1376
P122,2	1377	1382
P182,1	1383	1398
P183,1	1399	1414
P80,3	1415	1420
P124,2	1421	1426
P126,2	1427	1428
P128,2	1429	1431
P83,1	1432	1447
P26,5	1448	1453
P129,2	1454	1459
P131,2	1460	1464
P28,5	1465	1466
P132,2	1467	1470
P133,2	1471	1471
P137,1	1472	1487
P134,2	1488	1491
P185,1	1492	1507
P47,4	1508	1512
P140,2	1513	1516
P46,4	1517	1519
P85,3	1520	1522
P141,2	1523	1523
P143,1	1524	1539
P88,3	1540	1545
P45,4	1546	1547
P87,3	1548	1549
P16,6	1550	1555
P186,1	1556	1571
P17,6	1572	1577
P89,3	1578	1582
P91,3	1583	1587
P187,1	1588	1603
P148,2	1604	1609
P149,2	1610	1611
P150,2	1612	1614
P90,3	1615	1619
P147,2	1620	1622
P2,8	1623	1623
P29,5	1624	1626
P33,1	1627	1632
P152,1	1633	1648
P154,2	1649	1654
P95,3	1655	1660
P48,4	1661	1662
P153,2	1663	1663
P156,2	1664	1666
P15,2	1667	1682
P98,3	1683	1688
P97,3	1689	1689
P190,1	1690	1705
P159,2	1706	1710
P30,5	1711	1715
P24,1	1716	1731
P56,4	1732	1737
P100,3	1738	1740
P8,7	1741	1746
P165,2	1747	1749
P105,1	1750	1765
P58,4	1766	1771
P192,1	1772	1787
P168,1	1788	1803
P31,5	1804	1807
P166,2	1808	1810
P169,2	1811	1813
P38,1	1814	1829
P173,2	1830	1833
P170,2	1834	1835
P175,1	1836	1851
P9,7	1852	1853
P59,4	1854	1859
P176,2	1860	1864
P106,3	1865	1867
P61,4	1868	1870
P174,2	1871	1876
P111,3	1877	1882
P179,2	1883	1885
P195,1	1886	1901
P107,3	1902	1902
P64,4	1903	1907
P115,1	1908	1923
P66,4	1924	1924
P36,5	1925	1925
P113,3	1926	1927
P22,6	1928	1932
P112,3	1933	1937
P27,1	1938	1953
P10,7	1954	1954
P70,4	1955	1958
P116,3	1959	1960
P117,3	1961	1964
P197,1	1965	1980
P67,4	1981	1983
P119,3	1984	1985
P35,5	1986	1991
P43,1	1992	2007
P198,1	2008	2023
P76,4	2024	2028
P122,3	2029	2034
P37,5	2035	2035
P39,5	2036	2041
P125,1	2042	2057
P199,1	2058	2073
P184,1	2074	2089
P23,6	2090	2091
P83,1	2092	2103
P1,2	2104	2119
P42,5	2120	2121
P137,1	2122	2137
P136,3	2138	2140
P28,6	2141	2146
P32,1	2147	2162
P11,7	2163	2167
P135,3	2168	2168
P84,4	2169	2172
P47,5	2173	2178
P141,3	2179	2179
P140,3	2180	2183
P92,1	2184	2199
P44,5	2200	2205
P87,4	2206	2210
P45,5	2211	2213
P146,1	2214	2229
P144,3	2230	2234
P51,1	2235	2236
P187,1	2237	2252
P89,4	2253	2254
P148,3	2255	2258
P149,3	2259	2264
P2,9	2265	2266
P150,3	2267	2270
P90,4	2271	2276
P152,1	2277	2292
P18,7	2293	2294
P49,5	2295	2295
P94,4	2296	2297
P50,5	2298	2302
P95,4	2303	2307
P189,1	2308	2323
P151,3	2324	2324
P153,3	2325	2327
P48,5	2328	2331
P97,4	2332	2332
P53,5	2333	2334
P96,4	2335	2338
P157,3	2339	2340
P98,4	2341	2344
P162,1	2345	2360
P159,3	2361	2362
P103,1	2363	2378
P163,3	2379	2379
P105,1	2380	2395
P100,4	2396	2397
P56,5	2398	2403
P19,7	2404	2406
P102,4	2407	2408
P99,4	2409	2414
P101,4	2415	2419
P58,5	2420	2422
P55,5	2423	2428
P168,1	2429	2444
P166,3	2445	2445
P193,1	2446	2461
P171,3	2462	2466
P31,6	2467	2467
P169,3	2468	2469
P172,3	2470	2471
P175,1	2472	2487
P170,3	2488	2493
P69,1	2494	2509
P12,8	2510	2512
P180,1	2513	2528
P176,3	2529	2534
P179,3	2535	2538
P109,4	2539	2544
P115,1	2545	2560
P178,3	2561	2562
P36,6	2563	2568
P6,9	2569	2574
P66,5	2575	2576
P27,1	2577	2581
P113,4	2582	2586
P110,4	2587	2587
P112,4	2588	2591
P10,8	2592	2594
P116,4	2595	2599
P197,1	2600	2615
P70,5	2616	2618
P118,4	2619	2624
P119,4	2625	2629
P35,6	2630	2633
P71,5	2634	2637
P67,5	2638	2641
P75,5	2642	2646
P77,5	2647	2647
P81,1	2648	2663
P182,1	2664	2679
P183,1	2680	2695
P199,1	2696	2711
P184,1	2712	2727
P123,4	2728	2728
P1,2	2729	2744
P137,1	2745	2760
P129,4	2761	2764
P32,1	2765	2768
P82,5	2769	2769
P133,4	2770	2775
P28,7	2776	2781
P11,8	2782	2784
P135,4	2785	2789
P130,4	2790	2793
P47,6	2794	2797
P92,1	2798	2813
P186,1	2814	2829
P138,4	2830	2835
P46,6	2836	2839
P85,5	2840	2842
P91,5	2843	2847
P187,1	2848	2863
P142,4	2864	2864
P88,5	2865	2865
P16,8	2866	2871
P17,8	2872	2877
P145,4	2878	2881
P148,4	2882	2887
P89,5	2888	2892
P152,1	2893	2908
P2,10	2909	2911
P155,1	2912	2927
P15,2	2928	2934
P49,6	2935	2935
P154,4	2936	2939
P151,4	2940	2945
P190,1	2946	2961
P53,6	2962	2967
P97,5	2968	2970
P96,5	2971	2975
P24,1	2976	2991
P98,5	2992	2995
P159,4	2996	2998
P105,1	2999	3014
P161,4	3015	3020
P163,4	3021	3026
P19,8	3027	3028
P56,6	3029	3031
P8,9	3032	3036
P100,5	3037	3041
P63,1	3042	3046
P101,5	3047	3051
P102,5	3052	3055
P57,6	3056	3060
P193,1	3061	3076
P166,4	3077	3079
P31,7	3080	3085
P60,6	3086	3086
P171,4	3087	3089
P194,1	3090	3105
P69,1	3106	3121
P106,5	3122	3123
P195,1	3124	3139
P62,6	3140	3140
P9,9	3141	3146
P111,5	3147	3152
P3,2	3153	3168
P176,4	3169	3169
P107,5	3170	3171
P109,5	3172	3175
P61,6	3176	3177
P6,10	3178	3179
P68,6	3180	3182
P64,6	3183	3185
P178,4	3186	3187
P196,1	3188	3203
P10,9	3204	3204
P197,1	3205	3220
P116,5	3221	3222
P70,6	3223	3227
P198,1	3228	3243
P121,5	3244	3248
P71,6	3249	3250
P35,7	3251	3254
P75,6	3255	3255
P182,1	3256	3271
P77,6	3272	3273
P183,1	3274	3289
P200,1	3290	3305
P184,1	3306	3320
P23,8	3321	3321
P126,5	3322	3325
P123,5	3326	3330
P137,1	3331	3346
P185,1	3347	3362
P131,5	3363	3363
P79,6	3364	3368
P143,1	3369	3377
P92,1	3378	3392
P186,1	3393	3408
P141,5	3409	3409
P134,5	3410	3414
P44,7	3415	3418
P51,2	3419	3434
P46,7	3435	3440
P52,1	3441	3456
P17,9	3457	3460
P145,5	3461	3462
P142,5	3463	3465
P16,9	3466	3467
P152,1	3468	3483
P155,1	3484	3499
P2,11	3500	3505
P20,9	3506	3506
P93,6	3507	3512
P49,7	3513	3518
P153,5	3519	3524
P162,1	3525	3540
P54,7	3541	3543
P7,11	3544	3545
P53,7	3546	3550
P103,1	3551	3566
P157,5	3567	3568
P159,5	3569	3574
P191,1	3575	3590
P160,5	3591	3596
P164,5	3597	3597
P56,7	3598	3598
P168,1	3599	3613
P19,9	3614	3618
P100,6	3619	3620
P193,1	3621	3636
P58,7	3637	3642
P102,6	3643	3647
P55,7	3648	3649
P194,1	3650	3665
P171,5	3666	3670
P59,7	3671	3671
P169,5	3672	3676
P167,5	3677	3678
P172,5	3679	3679
P104,6	3680	3685
P170,5	3686	3689
P195,1	3690	3705
P108,6	3706	3710
P12,10	3711	3712
P115,1	3713	3728
P177,5	3729	3731
P111,6	3732	3734
P109,6	3735	3737
P73,1	3738	3753
P68,7	3754	3755
P107,6	3756	3760
P64,7	3761	3762
P181,1	3763	3778
P22,9	3779	3779
P66,7	3780	3782
P112,6	3783	3788
P198,1	3789	3804
P116,6	3805	3806
P118,6	3807	3812
P70,7	3813	3816
P119,6	3817	3817
P35,8	3818	3821
P182,1	3822	3837
P114,6	3838	3838
P121,6	3839	3839
P71,7	3840	3841
P183,1	3842	3857
P77,7	3858	3859
P120,6	3860	3863
P184,2	3864	3879
P37,8	3880	3883
P137,1	3884	3899
P185,1	3900	3915
P143,2	3916	3931
P79,7	3932	3935
P135,6	3936	3936
P132,6	3937	3942
P47,8	3943	3944
P186,1	3945	3960
P141,6	3961	3965
P84,7	3966	3967
P130,6	3968	3969
P45,8	3970	3971
P187,1	3972	3974
P139,6	3975	3977
P134,6	3978	3980
P140,6	3981	3985
P87,7	3986	3991
P86,7	3992	3995
P188,1	3996	4011
P142,6	4012	4013
P152,1	4014	4029
P147,6	4030	4034
P144,6	4035	4039
P148,6	4040	4041
P149,6	4042	4046
P90,7	4047	4048
P20,10	4049	4052
P190,1	4053	4068
P94,7	4069	4071
P18,10	4072	4072
P150,6	4073	4078
P49,8	4079	4081
P153,6	4082	4082
P53,8	4083	4083
P151,6	4084	4088
P103,1	4089	4104
P97,7	4105	4108
P96,7	4109	4109
P98,7	4110	4115
P30,9	4116	4119
P192,1	4120	4135
P56,8	4136	4137
P164,6	4138	4143
P19,10	4144	4146
P8,11	4147	4147
P100,7	4148	4149
P101,7	4150	4151
P175,2	4152	4167
P102,7	4168	4172
P55,8	4173	4176
P58,8	4177	4181
P166,6	4182	4185
P167,6	4186	4188
P180,1	4189	4204
P59,8	4205	4206
P172,6	4207	4208
P34,9	4209	4214
P3,2	4215	4220
P173,6	4221	4221
P12,11	4222	4223
P174,6	4224	4226
P62,8	4227	4230
P9,11	4231	4232
P108,7	4233	4234
P65,8	4235	4235
P179,6	4236	4241
P176,6	4242	4243
P6,12	4244	4248
P196,1	4249	4264
P181,1	4265	4280
P178,6	4281	4286
P43,2	4287	4302
P112,7	4303	4305
P22,10	4306	4307
P118,7	4308	4311
P182,1	4312	4327
P117,7	4328	4332
P119,7	4333	4333
P75,8	4334	4339
P183,1	4340	4355
P121,7	4356	4356
P71,8	4357	4360
P184,2	4361	4376
P137,1	4377	4392
P126,7	4393	4397
P14,11	4398	4399
P41,9	4400	4402
P143,2	4403	4418
P127,7	4419	4421
P92,2	4422	4437
P135,7	4438	4440
P79,8	4441	4441
P132,7	4442	4447
P146,1	4448	4463
P51,2	4464	4479
P45,9	4480	4482
P86,8	4483	4487
P87,8	4488	4488
P140,7	4489	4489
P139,7	4490	4493
P134,7	4494	4497
P152,1	4498	4513
P138,7	4514	4515
P46,9	4516	4516
P91,8	4517	4521
P189,1	4522	4537
P90,8	4538	4542
P149,7	4543	4544
P20,11	4545	4545
P2,13	4546	4551
P156,7	4552	4552
P18,11	4553	4555
P93,8	4556	4556
P49,9	4557	4557
P103,1	4558	4573
P191,1	4574	4589
P97,8	4590	4591
P159,7	4592	4597
P98,8	4598	4600
P158,7	4601	4604
P160,7	4605	4608
P175,2	4609	4624
P194,1	4625	4640
P55,9	4641	4644
P58,9	4645	4646
P180,1	4647	4662
P171,7	4663	4667
P167,7	4668	4670
P60,9	4671	4674
P172,7	4675	4680
P104,8	4681	4682
P173,7	4683	4686
P170,7	4687	4689
P12,12	4690	4692
P59,9	4693	4693
P174,7	4694	4695
P73,1	4696	4711
P6,13	4712	4717
P62,9	4718	4721
P108,8	4722	4726
P61,9	4727	4727
P181,1	4728	4743
P68,9	4744	4747
P64,9	4748	4752
P198,1	4753	4754
P178,7	4755	4757
P107,8	4758	4760
P182,1	4761	4776
P110,8	4777	4777
P118,8	4778	4779
P66,9	4780	4783
P119,8	4784	4789
P199,1	4790	4805
P200,1	4806	4821
P75,9	4822	4827
P137,1	4828	4843
P126,8	4844	4849
P143,2	4850	4865
P92,2	4866	4881
P124,8	4882	4885
P133,8	4886	4887
P129,8	4888	4888
P146,1	4889	4904
P135,8	4905	4907
P51,2	4908	4923
P47,10	4924	4924
P188,1	4925	4940
P130,8	4941	4943
P140,8	4944	4946
P86,9	4947	4947
P155,1	4948	4963
P89,9	4964	4965
P134,8	4966	4969
P85,9	4970	4975
P190,1	4976	4991
P90,9	4992	4996
P24,2	4997	5012
P18,12	5013	5015
P156,8	5016	5018
P94,9	5019	5022
P49,10	5023	5025
P153,8	5026	5031
P2,14	5032	5034
P191,1	5035	5050
P159,8	5051	5053
P158,8	5054	5054
P175,2	5055	5070
P194,1	5071	5076
P8,13	5077	5080
P56,10	5081	5081
P163,8	5082	5082
P180,1	5083	5098
P55,10	5099	5104
P171,8	5105	5108
P102,9	5109	5110
P166,8	5111	5113
P57,10	5114	5119
P34,11	5120	5120
P172,8	5121	5125
P12,13	5126	5127
P170,8	5128	5130
P73,1	5131	5146
P65,10	5147	5147
P61,10	5148	5149
P181,1	5150	5165
P176,8	5166	5167
P198,2	5168	5183
P179,8	5184	5187
P111,9	5188	5188
P182,1	5189	5204
P68,10	5205	5209
P112,9	5210	5212
P107,9	5213	5217
P116,9	5218	5221
P199,1	5222	5237
P66,10	5238	5240
P200,1	5241	5256
P117,9	5257	5260
P185,2	5261	5276
P77,10	5277	5277
P120,9	5278	5280
P76,10	5281	5283
P39,11	5284	5289
P92,2	5290	5305
P78,10	5306	5308
P124,9	5309	5312
P14,13	5313	5316
P133,9	5317	5318
P40,11	5319	5321
P41,11	5322	5322
P127,9	5323	5323
P131,9	5324	5325
P187,2	5326	5341
P129,9	5342	5347
P135,9	5348	5350
P132,9	5351	5356
P188,1	5357	5372
P86,10	5373	5377
P155,1	5378	5393
P190,1	5394	5409
P134,9	5410	5415
P85,10	5416	5421
P24,2	5422	5437
P90,10	5438	5438
P138,9	5439	5443
P103,1	5444	5459
P49,11	5460	5463
P93,10	5464	5466
P156,9	5467	5469
P2,15	5470	5473
P193,1	5474	5489
P150,9	5490	5491
P54,11	5492	5493
P30,12	5494	5494
P98,10	5495	5496
P160,9	5497	5502
P159,9	5503	5507
P180,1	5508	5522
P195,1	5523	5538
P115,1	5539	5545
P167,9	5546	5551
P73,1	5552	5567
P57,11	5568	5572
P181,1	5573	5588
P59,11	5589	5590
P198,2	5591	5606
P176,9	5607	5610
P179,9	5611	5614
P125,1	5615	5630
P108,10	5631	5632
P183,1	5633	5648
P64,11	5649	5654
P35,12	5655	5657
P68,11	5658	5659
P200,1	5660	5675
P137,1	5676	5691
P118,10	5692	5695
P117,10	5696	5701
P77,11	5702	5707
P71,11	5708	5713
P39,12	5714	5719
P186,1	5720	5735
P37,12	5736	5739
P40,12	5740	5743
P124,10	5744	5745
P187,2	5746	5761
P127,10	5762	5763
P14,14	5764	5766
P133,10	5767	5771
P52,2	5772	5787
P152,1	5788	5803
P155,1	5804	5819
P140,10	5820	5820
P190,1	5821	5828
P89,11	5829	5830
P84,11	5831	5832
P162,2	5833	5848
P85,11	5849	5854
P139,10	5855	5856
P138,10	5857	5857
P191,1	5858	5873
P145,10	5874	5877
P18,14	5878	5881
P156,10	5882	5885
P49,12	5886	5889
P94,11	5890	5893
P175,2	5894	5909
P54,12	5910	5915
P69,2	5916	5931
P158,10	5932	5936
P159,10	5937	5940
P195,1	5941	5945
P58,12	5946	5947
P8,15	5948	5951
P73,1	5952	5953
P166,10	5954	5959
P102,11	5960	5963
P181,1	5964	5979
P57,12	5980	5981
P43,2	5982	5997
P182,1	5998	6008
P176,10	6009	6009
P179,10	6010	6010
P183,1	6011	6026
P107,11	6027	6028
P108,11	6029	6033
P200,1	6034	6049
P35,13	6050	6055
P185,2	6056	6071
P77,12	6072	6073
P92,2	6074	6089
P186,1	6090	6097
P146,1	6098	6113
P37,13	6114	6114
P76,12	6115	6118
P51,2	6119	6134
P133,11	6135	6140
P131,11	6141	6146
P188,1	6147	6150
P155,1	6151	6166
P135,11	6167	6172
P129,11	6173	6174
P189,1	6175	6180
P86,12	6181	6184
P89,12	6185	6185
P162,2	6186	6201
P84,12	6202	6207
P103,1	6208	6221
P147,11	6222	6222
P193,1	6223	6238
P145,11	6239	6244
P156,11	6245	6248
P49,13	6249	6251
P94,12	6252	6254
P180,2	6255	6270
P98,12	6271	6275
P150,11	6276	6276
P159,11	6277	6281
P96,12	6282	6283
P163,11	6284	6284
P181,1	6285	6300
P58,13	6301	6303
P172,11	6304	6309
P198,2	6310	6325
P182,2	6326	6341
P59,13	6342	6343
P183,1	6344	6359
P176,11	6360	6362
P179,11	6363	6368
P107,12	6369	6370
P112,12	6371	6375
P35,14	6376	6376
P137,1	6377	6392
P111,12	6393	6398
P68,13	6399	6402
P143,2	6403	6418
P77,13	6419	6419
P71,13	6420	6424
P118,12	6425	6428
P126,12	6429	6432
P51,2	6433	6448
P76,13	6449	6452
P127,12	6453	6454
P131,12	6455	6456
P152,1	6457	6471
P133,12	6472	6475
P45,14	6476	6476
P190,2	6477	6492
P129,12	6493	6493
P24,2	6494	6509
P191,1	6510	6525
P193,1	6526	6541
P145,12	6542	6547
P69,2	6548	6563
P91,13	6564	6565
P49,14	6566	6569
P94,13	6570	6570
P53,14	6571	6571
P163,12	6572	6574
P158,12	6575	6575
P98,13	6576	6579
P96,13	6580	6581
P58,14	6582	6587
P43,2	6588	6603
P125,2	6604	6619
P199,1	6620	6635
P176,12	6636	6641
P107,13	6642	6642
P137,1	6643	6646
P108,13	6647	6651
P179,12	6652	6656
P112,13	6657	6660
P35,15	6661	6661
P143,2	6662	6677
P111,13	6678	6683
P187,2	6684	6699
P52,2	6700	6715
P155,1	6716	6716
P76,14	6717	6718
P190,2	6719	6734
P133,13	6735	6736
P129,13	6737	6740
P103,2	6741	6756
P89,14	6757	6762
P140,13	6763	6767
P147,13	6768	6768
P69,2	6769	6784
P180,2	6785	6800
P160,13	6801	6806
P163,13	6807	6812
P98,14	6813	6816
P182,2	6817	6832
P172,13	6833	6833
P96,14	6834	6839
P102,14	6840	6843
P137,2	6844	6859
P185,2	6860	6875
P176,13	6876	6881
P179,13	6882	6882
P187,2	6883	6898
P52,2	6899	6899
P155,2	6900	6915
P71,15	6916	6918
P118,14	6919	6923
P190,2	6924	6939
P86,15	6940	6942
P103,2	6943	6958
P193,2	6959	6974
P69,2	6975	6990
P147,14	6991	6994
P198,2	6995	7010
P182,2	7011	7026
P160,14	7027	7029
P163,14	7030	7030
P199,2	7031	7046
P200,2	7047	7062
P143,2	7063	7078
P179,14	7079	7084
P187,2	7085	7088
P176,14	7089	7093
P152,2	7094	7109
P103,2	7110	7125
P193,2	7126	7141
P69,2	7142	7157
P198,2	7158	7173
P182,2	7174	7189
P199,2	7190	7205
P163,15	7206	7209
P200,2	7210	7225
P92,2	7226	7240
P152,2	7241	7256
P103,2	7257	7272
P193,2	7273	7288
P69,2	7289	7304
P198,2	7305	7320
P125,2	7321	7336
P137,2	7337	7352
P143,2	7353	7368
P152,2	7369	7371
P24,2	7372	7387
P191,2	7388	7403
P69,2	7404	7419
P198,2	7420	7435
P125,2	7436	7451
P137,2	7452	7467
P155,2	7468	7483
P191,2	7484	7499
P180,2	7500	7511
P182,2	7512	7517
P199,2	7518	7533
P200,2	7534	7549
P103,2	7550	7552
P191,2	7553	7568
P199,2	7569	7584
P200,2	7585	7600
P191,2	7601	7616
P200,2	7617	7632
P191,2	7633	7648
P200,2	7649	7649
P155,2	7650	7697
