CPU0
P1,1	2	129
P2,1	130	130
P3,1	131	248
P4,1	249	249
P5,1	250	253
P6,1	254	255
P7,1	256	258
P8,1	259	262
P9,1	263	268
P10,1	269	270
P11,1	271	275
P12,1	276	278
P13,1	279	282
P14,1	283	285
P15,1	286	347
P16,1	348	353
P17,1	354	355
P18,1	356	358
P19,1	359	362
P20,1	363	367
P21,1	368	372
P22,1	373	375
P23,1	376	379
P24,1	380	543
P25,1	544	547
P26,1	548	548
P27,1	549	649
P28,1	650	655
P29,1	656	659
P1,2	660	744
P30,1	745	745
P31,1	746	748
P32,1	749	848
P33,1	849	918
P34,1	919	920
P2,2	921	922
P35,1	923	927
P36,1	928	931
P37,1	932	935
P38,1	936	1055
P39,1	1056	1061
P40,1	1062	1063
P41,1	1064	1067
P42,1	1068	1071
P43,1	1072	1183
P44,1	1184	1184
P45,1	1185	1190
P46,1	1191	1191
P47,1	1192	1196
P48,1	1197	1202
P49,1	1203	1208
P50,1	1209	1214
P51,1	1215	1280
P52,1	1281	1412
P53,1	1413	1416
P54,1	1417	1421
P55,1	1422	1427
P56,1	1428	1428
P57,1	1429	1431
P58,1	1432	1434
P59,1	1435	1437
P60,1	1438	1442
P61,1	1443	1443
P3,2	1444	1529
P62,1	1530	1534
P63,1	1535	1619
P64,1	1620	1624
P65,1	1625	1627
P66,1	1628	1632
P67,1	1633	1633
P5,2	1634	1637
P7,2	1638	1638
P68,1	1639	1642
P69,1	1643	1800
P4,2	1801	1805
P70,1	1806	1808
P71,1	1809	1813
P72,1	1814	1818
P73,1	1819	1996
P6,2	1997	1997
P9,2	1998	2000
P74,1	2001	2003
P12,2	2004	2006
P75,1	2007	2007
P76,1	2008	2010
P8,2	2011	2011
P77,1	2012	2012
P14,2	2013	2017
P78,1	2018	2020
P10,2	2021	2023
P11,2	2024	2026
P79,1	2027	2027
P13,2	2028	2028
P80,1	2029	2033
P81,1	2034	2145
P82,1	2146	2148
P83,1	2149	2208
P84,1	2209	2211
P85,1	2212	2215
P86,1	2216	2220
P15,2	2221	2291
P87,1	2292	2292
P88,1	2293	2293
P89,1	2294	2296
P16,2	2297	2300
P90,1	2301	2303
P91,1	2304	2309
P92,1	2310	2404
P93,1	2405	2406
P94,1	2407	2409
P17,2	2410	2411
P18,2	2412	2413
P95,1	2414	2415
P20,2	2416	2418
P96,1	2419	2424
P21,2	2425	2426
P19,2	2427	2427
P97,1	2428	2429
P98,1	2430	2432
P22,2	2433	2437
P23,2	2438	2443
P99,1	2444	2449
P100,1	2450	2454
P101,1	2455	2455
P102,1	2456	2461
P103,1	2462	2651
P104,1	2652	2657
P105,1	2658	2754
P106,1	2755	2758
P107,1	2759	2763
P108,1	2764	2768
P109,1	2769	2771
P110,1	2772	2772
P111,1	2773	2774
P112,1	2775	2775
P113,1	2776	2776
P114,1	2777	2782
P115,1	2783	2933
P116,1	2934	2939
P117,1	2940	2942
P118,1	2943	2946
P119,1	2947	2950
P120,1	2951	2953
P121,1	2954	2955
P122,1	2956	2961
P123,1	2962	2966
P24,2	2967	3126
P124,1	3127	3131
P125,1	3132	3297
P126,1	3298	3299
P127,1	3300	3303
P128,1	3304	3308
P26,2	3309	3312
P129,1	3313	3314
P130,1	3315	3316
P25,2	3317	3319
P131,1	3320	3321
P132,1	3322	3326
P133,1	3327	3330
P134,1	3331	3331
P135,1	3332	3335
P136,1	3336	3341
P137,1	3342	3537
P138,1	3538	3542
P139,1	3543	3545
P140,1	3546	3550
P141,1	3551	3551
P142,1	3552	3557
P143,1	3558	3630
P144,1	3631	3634
P145,1	3635	3639
P146,1	3640	3820
P147,1	3821	3825
P148,1	3826	3826
P149,1	3827	3831
P150,1	3832	3832
P151,1	3833	3833
P152,1	3834	4024
P153,1	4025	4025
P154,1	4026	4028
P155,1	4029	4221
P156,1	4222	4225
P28,2	4226	4228
P157,1	4229	4233
P158,1	4234	4235
P29,2	4236	4241
P159,1	4242	4243
P160,1	4244	4244
P161,1	4245	4245
P162,1	4246	4345
P163,1	4346	4349
P164,1	4350	4353
P165,1	4354	4354
P166,1	4355	4359
P167,1	4360	4362
P168,1	4363	4441
P169,1	4442	4443
P170,1	4444	4444
P171,1	4445	4446
P172,1	4447	4452
P173,1	4453	4458
P174,1	4459	4464
P175,1	4465	4542
P176,1	4543	4548
P30,2	4549	4554
P177,1	4555	4559
P31,2	4560	4561
P178,1	4562	4567
P179,1	4568	4573
P180,1	4574	4716
P181,1	4717	4900
P182,1	4901	5055
P183,1	5056	5247
P184,1	5248	5310
P2,3	5311	5311
P34,2	5312	5315
P36,2	5316	5316
P35,2	5317	5322
P185,1	5323	5402
P37,2	5403	5407
P186,1	5408	5559
P187,1	5560	5626
P188,1	5627	5774
P39,2	5775	5777
P40,2	5778	5780
P41,2	5781	5783
P42,2	5784	5788
P189,1	5789	5938
P190,1	5939	6074
P191,1	6075	6266
P192,1	6267	6362
P43,2	6363	6535
P47,2	6536	6538
P193,1	6539	6718
P44,2	6719	6724
P45,2	6725	6725
P46,2	6726	6726
P50,2	6727	6730
P48,2	6731	6732
P194,1	6733	6834
P49,2	6835	6835
P195,1	6836	6968
P51,2	6969	7144
P196,1	7145	7264
P197,1	7265	7340
P198,1	7341	7422
P199,1	7423	7612
P52,2	7613	7709
P200,1	7710	7894
P53,2	7895	7900
P54,2	7901	7905
P56,2	7906	7909
P55,2	7910	7914
P58,2	7915	7920
P60,2	7921	7926
P57,2	7927	7929
P59,2	7930	7933
P61,2	7934	7938
P62,2	7939	7943
P65,2	7944	7946
P7,3	7947	7947
P5,3	7948	7953
P68,2	7954	7957
P64,2	7958	7961
P66,2	7962	7965
P67,2	7966	7966
P69,2	7967	8119
P70,2	8120	8121
P4,3	8122	8124
P71,2	8125	8130
P72,2	8131	8131
P6,3	8132	8136
P74,2	8137	8137
P77,2	8138	8138
P75,2	8139	8139
P14,3	8140	8143
P12,3	8144	8148
P76,2	8149	8152
P9,3	8153	8157
P8,3	8158	8161
P10,3	8162	8167
P80,2	8168	8169
P11,3	8170	8175
P78,2	8176	8177
P13,3	8178	8180
P79,2	8181	8186
P82,2	8187	8190
P84,2	8191	8196
P85,2	8197	8201
P86,2	8202	8206
P87,2	8207	8209
P88,2	8210	8211
P89,2	8212	8216
P91,2	8217	8220
P16,3	8221	8224
P90,2	8225	8225
P92,2	8226	8400
P93,2	8401	8404
P17,3	8405	8409
P94,2	8410	8415
P95,2	8416	8420
P19,3	8421	8421
P20,3	8422	8422
P18,3	8423	8425
P96,2	8426	8428
P97,2	8429	8430
P21,3	8431	8431
P98,2	8432	8433
P22,3	8434	8436
P23,3	8437	8442
P100,2	8443	8446
P99,2	8447	8451
P101,2	8452	8452
P102,2	8453	8458
P103,2	8459	8573
P104,2	8574	8574
P108,2	8575	8577
P106,2	8578	8583
P109,2	8584	8585
P111,2	8586	8587
P107,2	8588	8590
P110,2	8591	8593
P113,2	8594	8598
P112,2	8599	8601
P114,2	8602	8607
P119,2	8608	8612
P121,2	8613	8616
P116,2	8617	8619
P118,2	8620	8621
P117,2	8622	8625
P120,2	8626	8629
P122,2	8630	8635
P123,2	8636	8636
P124,2	8637	8642
P125,2	8643	8785
P128,2	8786	8788
P26,3	8789	8792
P126,2	8793	8794
P127,2	8795	8796
P129,2	8797	8802
P131,2	8803	8807
P130,2	8808	8812
P132,2	8813	8816
P133,2	8817	8817
P136,2	8818	8822
P25,3	8823	8825
P135,2	8826	8831
P134,2	8832	8835
P137,2	8836	8939
P140,2	8940	8943
P139,2	8944	8947
P138,2	8948	8953
P142,2	8954	8957
P141,2	8958	8958
P143,2	8959	9150
P144,2	9151	9155
P145,2	9156	9158
P148,2	9159	9164
P150,2	9165	9167
P149,2	9168	9169
P147,2	9170	9172
P151,2	9173	9177
P152,2	9178	9244
P154,2	9245	9250
P153,2	9251	9251
P155,2	9252	9435
P156,2	9436	9438
P157,2	9439	9439
P28,3	9440	9441
P161,2	9442	9447
P159,2	9448	9452
P158,2	9453	9458
P29,3	9459	9461
P160,2	9462	9465
P162,2	9466	9550
P164,2	9551	9552
P165,2	9553	9555
P163,2	9556	9556
P167,2	9557	9560
P166,2	9561	9563
P169,2	9564	9566
P171,2	9567	9567
P172,2	9568	9573
P170,2	9574	9575
P173,2	9576	9579
P174,2	9580	9585
P175,2	9586	9756
P176,2	9757	9761
P177,2	9762	9766
P30,3	9767	9768
P179,2	9769	9771
P178,2	9772	9773
P31,3	9774	9774
P180,2	9775	9914
P182,2	9915	10032
P184,2	10033	10124
P36,3	10125	10128
P2,4	10129	10133
P34,3	10134	10137
P35,3	10138	10143
P185,2	10144	10281
P37,3	10282	10284
P187,2	10285	10416
P39,3	10417	10418
P40,3	10419	10422
P42,3	10423	10428
P41,3	10429	10433
P190,2	10434	10498
P191,2	10499	10630
P47,3	10631	10631
P193,2	10632	10696
P46,3	10697	10698
P45,3	10699	10703
P44,3	10704	10708
P50,3	10709	10713
P48,3	10714	10718
P49,3	10719	10724
P197,2	10725	10801
P198,2	10802	10975
P199,2	10976	11135
P200,2	11136	11248
P53,3	11249	11253
P56,3	11254	11256
P54,3	11257	11260
P58,3	11261	11262
P55,3	11263	11264
P60,3	11265	11267
P57,3	11268	11273
P59,3	11274	11278
P61,3	11279	11284
P68,3	11285	11289
P65,3	11290	11291
P5,4	11292	11295
P7,4	11296	11299
P62,3	11300	11300
P64,3	11301	11304
P66,3	11305	11307
P67,3	11308	11308
P4,4	11309	11311
P70,3	11312	11317
P71,3	11318	11319
P72,3	11320	11325
P6,4	11326	11328
P75,3	11329	11331
P77,3	11332	11337
P74,3	11338	11342
P12,4	11343	11345
P8,4	11346	11350
P76,3	11351	11354
P14,4	11355	11357
P80,3	11358	11363
P9,4	11364	11365
P11,4	11366	11368
P13,4	11369	11374
P10,4	11375	11376
P78,3	11377	11380
P79,3	11381	11385
P82,3	11386	11390
P88,3	11391	11396
P86,3	11397	11399
P85,3	11400	11402
P84,3	11403	11405
P89,3	11406	11410
P91,3	11411	11415
P87,3	11416	11417
P16,4	11418	11423
P90,3	11424	11428
P93,3	11429	11431
P95,3	11432	11437
P17,4	11438	11440
P94,3	11441	11445
P18,4	11446	11450
P98,3	11451	11456
P20,4	11457	11458
P22,4	11459	11462
P19,4	11463	11467
P21,4	11468	11469
P96,3	11470	11473
P23,4	11474	11476
P97,3	11477	11477
P102,3	11478	11478
P99,3	11479	11481
P101,3	11482	11483
P100,3	11484	11486
P108,3	11487	11487
P111,3	11488	11493
P104,3	11494	11499
P106,3	11500	11502
P113,3	11503	11504
P109,3	11505	11507
P107,3	11508	11508
P110,3	11509	11512
P118,3	11513	11518
P112,3	11519	11523
P119,3	11524	11525
P117,3	11526	11529
P121,3	11530	11535
P116,3	11536	11537
P114,3	11538	11543
P122,3	11544	11549
P120,3	11550	11553
P123,3	11554	11556
P124,3	11557	11560
P128,3	11561	11562
P126,3	11563	11567
P127,3	11568	11572
P26,4	11573	11575
P136,3	11576	11578
P129,3	11579	11579
P131,3	11580	11583
P132,3	11584	11588
P25,4	11589	11592
P130,3	11593	11598
P133,3	11599	11604
P135,3	11605	11605
P134,3	11606	11609
P140,3	11610	11613
P141,3	11614	11614
P139,3	11615	11618
P142,3	11619	11620
P138,3	11621	11625
P144,3	11626	11630
P148,3	11631	11634
P145,3	11635	11637
P149,3	11638	11643
P147,3	11644	11644
P150,3	11645	11648
P151,3	11649	11649
P154,3	11650	11651
P153,3	11652	11654
P28,4	11655	11655
P156,3	11656	11661
P157,3	11662	11663
P159,3	11664	11665
P161,3	11666	11667
P158,3	11668	11672
P29,4	11673	11678
P160,3	11679	11681
P164,3	11682	11685
P163,3	11686	11686
P166,3	11687	11687
P165,3	11688	11692
P171,3	11693	11697
P167,3	11698	11700
P172,3	11701	11702
P169,3	11703	11704
P174,3	11705	11705
P170,3	11706	11711
P173,3	11712	11713
P177,3	11714	11718
P179,3	11719	11722
P178,3	11723	11724
P176,3	11725	11730
P30,4	11731	11733
P31,4	11734	11739
P34,4	11740	11740
P36,4	11741	11741
P2,5	11742	11746
P35,4	11747	11750
P37,4	11751	11753
P42,4	11754	11755
P39,4	11756	11760
P40,4	11761	11765
P41,4	11766	11766
P47,4	11767	11771
P46,4	11772	11774
P44,4	11775	11778
P45,4	11779	11780
P48,4	11781	11782
P49,4	11783	11783
P50,4	11784	11786
P53,4	11787	11790
P54,4	11791	11794
P56,4	11795	11800
P57,4	11801	11801
P58,4	11802	11807
P60,4	11808	11813
P55,4	11814	11816
P68,4	11817	11817
P59,4	11818	11823
P61,4	11824	11826
P7,5	11827	11831
P65,4	11832	11832
P5,5	11833	11835
P62,4	11836	11837
P64,4	11838	11842
P67,4	11843	11845
P72,4	11846	11847
P66,4	11848	11848
P6,5	11849	11850
P4,5	11851	11854
P71,4	11855	11856
P75,4	11857	11861
P70,4	11862	11865
P77,4	11866	11870
P74,4	11871	11872
P12,5	11873	11875
P8,5	11876	11880
P76,4	11881	11885
P14,5	11886	11889
P80,4	11890	11894
P9,5	11895	11895
P11,5	11896	11900
P13,5	11901	11906
P82,4	11907	11907
P78,4	11908	11908
P79,4	11909	11913
P10,5	11914	11917
P88,4	11918	11919
P91,4	11920	11920
P86,4	11921	11924
P87,4	11925	11929
P85,4	11930	11930
P89,4	11931	11932
P84,4	11933	11936
P93,4	11937	11942
P95,4	11943	11947
P90,4	11948	11953
P16,5	11954	11956
P18,5	11957	11961
P17,5	11962	11965
P94,4	11966	11967
P98,4	11968	11971
P20,5	11972	11974
P19,5	11975	11980
P21,5	11981	11981
P22,5	11982	11986
P97,4	11987	11987
P96,4	11988	11991
P99,4	11992	11997
P101,4	11998	12002
P23,5	12003	12006
P111,4	12007	12011
P108,4	12012	12012
P102,4	12013	12014
P100,4	12015	12016
P104,4	12017	12022
P106,4	12023	12024
P107,4	12025	12025
P113,4	12026	12030
P109,4	12031	12036
P118,4	12037	12042
P112,4	12043	12046
P117,4	12047	12051
P110,4	12052	12052
P119,4	12053	12057
P116,4	12058	12062
P121,4	12063	12063
P114,4	12064	12064
P120,4	12065	12068
P122,4	12069	12074
P124,4	12075	12075
P123,4	12076	12076
P126,4	12077	12080
P127,4	12081	12084
P128,4	12085	12085
P131,4	12086	12090
P26,5	12091	12096
P129,4	12097	12100
P136,4	12101	12106
P25,5	12107	12107
P135,4	12108	12112
P133,4	12113	12118
P132,4	12119	12120
P130,4	12121	12124
P141,4	12125	12126
P139,4	12127	12131
P142,4	12132	12132
P134,4	12133	12133
P140,4	12134	12134
P138,4	12135	12140
P148,4	12141	12146
P145,4	12147	12150
P147,4	12151	12152
P144,4	12153	12155
P151,4	12156	12161
P149,4	12162	12166
P153,4	12167	12169
P156,4	12170	12170
P154,4	12171	12174
P150,4	12175	12179
P28,5	12180	12181
P159,4	12182	12184
P158,4	12185	12188
P161,4	12189	12194
P157,4	12195	12199
P166,4	12200	12202
P29,5	12203	12205
P164,4	12206	12206
P171,4	12207	12209
P160,4	12210	12211
P163,4	12212	12217
P169,4	12218	12223
P174,4	12224	12228
P165,4	12229	12229
P167,4	12230	12230
P170,4	12231	12231
P172,4	12232	12237
P173,4	12238	12239
P177,4	12240	12243
P179,4	12244	12248
P176,4	12249	12249
P36,5	12250	12250
P178,4	12251	12252
P2,6	12253	12256
P30,5	12257	12261
P34,5	12262	12263
P31,5	12264	12267
P42,5	12268	12269
P37,5	12270	12270
P35,5	12271	12276
P39,5	12277	12282
P47,5	12283	12288
P40,5	12289	12291
P41,5	12292	12295
P44,5	12296	12301
P53,5	12302	12303
P45,5	12304	12306
P46,5	12307	12311
P48,5	12312	12315
P49,5	12316	12316
P54,5	12317	12322
P50,5	12323	12327
P58,5	12328	12330
P57,5	12331	12333
P55,5	12334	12339
P56,5	12340	12345
P68,5	12346	12347
P59,5	12348	12349
P60,5	12350	12354
P64,5	12355	12359
P7,6	12360	12361
P61,5	12362	12364
P65,5	12365	12366
P5,6	12367	12368
P66,5	12369	12370
P62,5	12371	12373
P6,6	12374	12376
P75,5	12377	12381
P4,6	12382	12386
P72,5	12387	12392
P71,5	12393	12396
P67,5	12397	12400
P74,5	12401	12401
P70,5	12402	12404
P77,5	12405	12405
P12,6	12406	12408
P14,6	12409	12414
P80,5	12415	12418
P9,6	12419	12424
P11,6	12425	12430
P8,6	12431	12431
P13,6	12432	12437
P76,5	12438	12441
P78,5	12442	12447
P91,5	12448	12452
P82,5	12453	12453
P10,6	12454	12456
P79,5	12457	12459
P88,5	12460	12460
P86,5	12461	12461
P87,5	12462	12466
P89,5	12467	12471
P85,5	12472	12474
P84,5	12475	12478
P90,5	12479	12483
P93,5	12484	12487
P95,5	12488	12493
P18,6	12494	12496
P17,6	12497	12502
P94,5	12503	12503
P16,6	12504	12509
P20,6	12510	12511
P22,6	12512	12516
P98,5	12517	12520
P19,6	12521	12526
P96,5	12527	12531
P97,5	12532	12534
P99,5	12535	12537
P101,5	12538	12542
P108,5	12543	12545
P23,6	12546	12547
P111,5	12548	12553
P106,5	12554	12555
P107,5	12556	12557
P113,5	12558	12561
P109,5	12562	12565
P102,5	12566	12569
P100,5	12570	12574
P104,5	12575	12575
P112,5	12576	12578
P118,5	12579	12580
P110,5	12581	12582
P116,5	12583	12584
P117,5	12585	12585
P114,5	12586	12586
P121,5	12587	12591
P119,5	12592	12593
P122,5	12594	12598
P127,5	12599	12600
P123,5	12601	12605
P120,5	12606	12607
P124,5	12608	12609
P126,5	12610	12613
P26,6	12614	12619
P128,5	12620	12624
P131,5	12625	12625
P135,5	12626	12627
P129,5	12628	12630
P25,6	12631	12634
P133,5	12635	12637
P136,5	12638	12642
P132,5	12643	12647
P130,5	12648	12651
P141,5	12652	12652
P145,5	12653	12654
P134,5	12655	12659
P142,5	12660	12662
P139,5	12663	12668
P140,5	12669	12669
P148,5	12670	12675
P147,5	12676	12678
P138,5	12679	12679
P153,5	12680	12685
P156,5	12686	12687
P144,5	12688	12690
P151,5	12691	12696
P149,5	12697	12698
P159,5	12699	12704
P154,5	12705	12706
P161,5	12707	12710
P150,5	12711	12711
P158,5	12712	12716
P28,6	12717	12722
P160,5	12723	12728
P164,5	12729	12729
P157,5	12730	12731
P166,5	12732	12734
P29,6	12735	12740
P171,5	12741	12745
P174,5	12746	12746
P163,5	12747	12751
P169,5	12752	12756
P170,5	12757	12760
P165,5	12761	12765
P167,5	12766	12767
P36,6	12768	12773
P172,5	12774	12774
P176,5	12775	12779
P177,5	12780	12782
P173,5	12783	12788
P34,6	12789	12794
P179,5	12795	12796
P178,5	12797	12799
P2,7	12800	12800
P31,6	12801	12801
P37,6	12802	12802
P35,6	12803	12806
P30,6	12807	12807
P40,6	12808	12811
P47,6	12812	12815
P39,6	12816	12820
P41,6	12821	12825
P45,6	12826	12827
P44,6	12828	12829
P48,6	12830	12833
P53,6	12834	12839
P54,6	12840	12844
P50,6	12845	12845
P46,6	12846	12849
P49,6	12850	12850
P57,6	12851	12855
P58,6	12856	12856
P59,6	12857	12861
P55,6	12862	12863
P56,6	12864	12866
P68,6	12867	12869
P7,7	12870	12874
P65,6	12875	12877
P60,6	12878	12878
P64,6	12879	12881
P66,6	12882	12882
P61,6	12883	12884
P4,7	12885	12886
P6,7	12887	12892
P62,6	12893	12893
P75,6	12894	12894
P70,6	12895	12899
P71,6	12900	12901
P12,7	12902	12905
P77,6	12906	12907
P14,7	12908	12913
P13,7	12914	12916
P9,7	12917	12918
P11,7	12919	12923
P8,7	12924	12929
P82,6	12930	12933
P76,6	12934	12938
P78,6	12939	12939
P91,6	12940	12943
P87,6	12944	12944
P79,6	12945	12949
P84,6	12950	12951
P10,7	12952	12952
P86,6	12953	12953
P89,6	12954	12954
P93,6	12955	12960
P90,6	12961	12963
P85,6	12964	12968
P95,6	12969	12970
P20,7	12971	12974
P18,7	12975	12976
P17,7	12977	12977
P94,6	12978	12978
P22,7	12979	12981
P16,7	12982	12987
P19,7	12988	12990
P98,6	12991	12992
P101,6	12993	12996
P96,6	12997	13000
P97,6	13001	13004
P23,7	13005	13008
P109,6	13009	13011
P108,6	13012	13016
P111,6	13017	13019
P107,6	13020	13024
P118,6	13025	13030
P104,6	13031	13036
P112,6	13037	13042
P100,6	13043	13044
P102,6	13045	13049
P110,6	13050	13055
P116,6	13056	13057
P119,6	13058	13058
P117,6	13059	13059
P114,6	13060	13060
P121,6	13061	13061
P127,6	13062	13063
P120,6	13064	13067
P123,6	13068	13073
P124,6	13074	13075
P26,7	13076	13078
P126,6	13079	13083
P135,6	13084	13084
P129,6	13085	13086
P131,6	13087	13092
P133,6	13093	13095
P132,6	13096	13101
P141,6	13102	13106
P145,6	13107	13110
P142,6	13111	13112
P134,6	13113	13115
P139,6	13116	13118
P130,6	13119	13120
P147,6	13121	13125
P140,6	13126	13130
P148,6	13131	13132
P138,6	13133	13135
P156,6	13136	13137
P149,6	13138	13142
P153,6	13143	13143
P144,6	13144	13148
P151,6	13149	13153
P159,6	13154	13155
P28,7	13156	13161
P150,6	13162	13167
P158,6	13168	13172
P160,6	13173	13178
P29,7	13179	13183
P166,6	13184	13187
P164,6	13188	13193
P163,6	13194	13199
P174,6	13200	13202
P171,6	13203	13205
P167,6	13206	13208
P165,6	13209	13211
P170,6	13212	13215
P176,6	13216	13217
P172,6	13218	13219
P179,6	13220	13225
P31,7	13226	13231
P173,6	13232	13232
P34,7	13233	13233
P177,6	13234	13237
P178,6	13238	13243
P30,7	13244	13248
P2,8	13249	13249
P47,7	13250	13254
P37,7	13255	13259
P35,7	13260	13263
P40,7	13264	13269
P41,7	13270	13274
P48,7	13275	13280
P54,7	13281	13283
P39,7	13284	13288
P45,7	13289	13289
P44,7	13290	13293
P53,7	13294	13298
P46,7	13299	13304
P58,7	13305	13310
P59,7	13311	13311
P49,7	13312	13317
P57,7	13318	13323
P7,8	13324	13326
P68,7	13327	13328
P56,7	13329	13329
P61,7	13330	13332
P60,7	13333	13333
P55,7	13334	13335
P65,7	13336	13340
P64,7	13341	13342
P75,7	13343	13347
P62,7	13348	13351
P66,7	13352	13354
P12,8	13355	13357
P6,8	13358	13359
P71,7	13360	13361
P77,7	13362	13363
P70,7	13364	13367
P11,8	13368	13370
P9,8	13371	13372
P82,7	13373	13374
P14,8	13375	13379
P8,8	13380	13381
P76,7	13382	13383
P10,8	13384	13386
P89,7	13387	13391
P78,7	13392	13396
P87,7	13397	13402
P79,7	13403	13406
P91,7	13407	13409
P84,7	13410	13411
P93,7	13412	13416
P85,7	13417	13418
P86,7	13419	13422
P18,8	13423	13424
P90,7	13425	13426
P95,7	13427	13428
P17,8	13429	13434
P20,8	13435	13435
P16,8	13436	13441
P98,7	13442	13447
P22,8	13448	13449
P94,7	13450	13452
P19,8	13453	13454
P23,8	13455	13455
P101,7	13456	13457
P96,7	13458	13458
P97,7	13459	13462
P108,7	13463	13464
P118,7	13465	13468
P111,7	13469	13469
P107,7	13470	13475
P112,7	13476	13478
P102,7	13479	13483
P104,7	13484	13484
P100,7	13485	13486
P117,7	13487	13491
P114,7	13492	13497
P110,7	13498	13502
P121,7	13503	13503
P120,7	13504	13507
P116,7	13508	13508
P119,7	13509	13509
P124,7	13510	13514
P126,7	13515	13519
P127,7	13520	13522
P123,7	13523	13524
P135,7	13525	13527
P129,7	13528	13532
P26,8	13533	13537
P131,7	13538	13538
P132,7	13539	13544
P133,7	13545	13546
P142,7	13547	13547
P141,7	13548	13548
P145,7	13549	13554
P134,7	13555	13558
P147,7	13559	13564
P130,7	13565	13566
P139,7	13567	13570
P140,7	13571	13571
P156,7	13572	13572
P153,7	13573	13575
P138,7	13576	13577
P149,7	13578	13579
P159,7	13580	13585
P28,8	13586	13590
P150,7	13591	13594
P29,8	13595	13598
P158,7	13599	13602
P166,7	13603	13606
P160,7	13607	13610
P174,7	13611	13612
P171,7	13613	13617
P163,7	13618	13620
P165,7	13621	13624
P164,7	13625	13626
P170,7	13627	13629
P167,7	13630	13632
P172,7	13633	13638
P173,7	13639	13642
P179,7	13643	13648
P176,7	13649	13651
P34,8	13652	13653
P2,9	13654	13655
P178,7	13656	13658
P47,8	13659	13660
P30,8	13661	13661
P35,8	13662	13665
P37,8	13666	13669
P41,8	13670	13671
P40,8	13672	13673
P45,8	13674	13675
P53,8	13676	13676
P48,8	13677	13677
P39,8	13678	13681
P54,8	13682	13684
P46,8	13685	13689
P7,9	13690	13691
P58,8	13692	13696
P59,8	13697	13698
P49,8	13699	13701
P68,8	13702	13706
P57,8	13707	13707
P65,8	13708	13708
P55,8	13709	13712
P64,8	13713	13717
P61,8	13718	13722
P56,8	13723	13724
P60,8	13725	13728
P75,8	13729	13734
P62,8	13735	13738
P6,9	13739	13744
P66,8	13745	13749
P77,8	13750	13750
P12,9	13751	13756
P71,8	13757	13760
P14,9	13761	13765
P82,8	13766	13768
P76,8	13769	13773
P9,9	13774	13779
P8,9	13780	13784
P10,9	13785	13785
P89,8	13786	13790
P78,8	13791	13794
P87,8	13795	13795
P91,8	13796	13800
P79,8	13801	13801
P84,8	13802	13802
P86,8	13803	13807
P85,8	13808	13809
P90,8	13810	13814
P93,8	13815	13815
P18,9	13816	13816
P17,9	13817	13820
P95,8	13821	13821
P20,9	13822	13822
P22,9	13823	13823
P98,8	13824	13826
P23,9	13827	13828
P16,9	13829	13830
P94,8	13831	13836
P101,8	13837	13837
P111,8	13838	13839
P96,8	13840	13842
P97,8	13843	13844
P19,9	13845	13849
P108,8	13850	13854
P118,8	13855	13856
P112,8	13857	13858
P104,8	13859	13860
P107,8	13861	13863
P114,8	13864	13864
P102,8	13865	13865
P120,8	13866	13867
P117,8	13868	13868
P110,8	13869	13869
P119,8	13870	13875
P126,8	13876	13881
P124,8	13882	13885
P116,8	13886	13889
P123,8	13890	13894
P127,8	13895	13895
P131,8	13896	13896
P129,8	13897	13897
P135,8	13898	13900
P26,9	13901	13901
P132,8	13902	13902
P142,8	13903	13905
P133,8	13906	13907
P141,8	13908	13908
P145,8	13909	13910
P153,8	13911	13916
P134,8	13917	13920
P147,8	13921	13923
P130,8	13924	13926
P140,8	13927	13929
P156,8	13930	13932
P139,8	13933	13936
P159,8	13937	13939
P138,8	13940	13940
P149,8	13941	13946
P158,8	13947	13947
P150,8	13948	13950
P28,9	13951	13954
P171,8	13955	13958
P160,8	13959	13961
P165,8	13962	13963
P166,8	13964	13966
P170,8	13967	13969
P164,8	13970	13975
P167,8	13976	13976
P163,8	13977	13977
P172,8	13978	13982
P176,8	13983	13984
P34,9	13985	13990
P30,9	13991	13994
P35,9	13995	13996
P179,8	13997	14000
P40,9	14001	14006
P41,9	14007	14009
P47,9	14010	14011
P2,10	14012	14014
P178,8	14015	14016
P39,9	14017	14022
P48,9	14023	14027
P37,9	14028	14030
P7,10	14031	14033
P53,9	14034	14037
P45,9	14038	14040
P54,9	14041	14041
P58,9	14042	14043
P46,9	14044	14044
P49,9	14045	14045
P68,9	14046	14049
P55,9	14050	14053
P59,9	14054	14054
P65,9	14055	14060
P57,9	14061	14066
P61,9	14067	14067
P64,9	14068	14072
P56,9	14073	14075
P60,9	14076	14079
P6,10	14080	14081
P77,9	14082	14084
P75,9	14085	14090
P62,9	14091	14094
P12,10	14095	14096
P66,9	14097	14100
P71,9	14101	14103
P76,9	14104	14106
P9,10	14107	14109
P14,10	14110	14113
P10,10	14114	14117
P8,10	14118	14123
P89,9	14124	14125
P78,9	14126	14127
P84,9	14128	14131
P90,9	14132	14136
P91,9	14137	14137
P86,9	14138	14138
P20,10	14139	14142
P93,9	14143	14146
P16,10	14147	14149
P85,9	14150	14155
P94,9	14156	14159
P18,10	14160	14160
P22,10	14161	14162
P98,9	14163	14163
P95,9	14164	14164
P96,9	14165	14165
P97,9	14166	14169
P19,10	14170	14172
P111,9	14173	14173
P112,9	14174	14176
P110,9	14177	14179
P102,9	14180	14181
P118,9	14182	14186
P117,9	14187	14190
P120,9	14191	14193
P108,9	14194	14196
P107,9	14197	14201
P124,9	14202	14205
P116,9	14206	14209
P126,9	14210	14210
P127,9	14211	14211
P133,9	14212	14213
P135,9	14214	14216
P131,9	14217	14218
P141,9	14219	14219
P129,9	14220	14225
P145,9	14226	14229
P132,9	14230	14235
P142,9	14236	14241
P134,9	14242	14247
P130,9	14248	14249
P147,9	14250	14251
P140,9	14252	14252
P139,9	14253	14258
P156,9	14259	14261
P138,9	14262	14266
P159,9	14267	14271
P150,9	14272	14273
P160,9	14274	14279
P171,9	14280	14283
P158,9	14284	14289
P28,10	14290	14292
P166,9	14293	14297
P165,9	14298	14301
P167,9	14302	14307
P172,9	14308	14313
P34,10	14314	14317
P164,9	14318	14322
P163,9	14323	14323
P176,9	14324	14327
P179,9	14328	14331
P40,10	14332	14337
P30,10	14338	14340
P35,10	14341	14343
P39,10	14344	14344
P2,11	14345	14350
P178,9	14351	14356
P47,10	14357	14357
P41,10	14358	14363
P53,10	14364	14364
P7,11	14365	14366
P58,10	14367	14371
P54,10	14372	14372
P45,10	14373	14373
P37,10	14374	14379
P49,10	14380	14382
P59,10	14383	14386
P46,10	14387	14390
P65,10	14391	14391
P61,10	14392	14393
P68,10	14394	14398
P55,10	14399	14404
P6,11	14405	14409
P57,10	14410	14415
P64,10	14416	14421
P56,10	14422	14422
P77,10	14423	14423
P12,11	14424	14425
P71,10	14426	14431
P66,10	14432	14434
P9,11	14435	14436
P10,11	14437	14437
P76,10	14438	14440
P89,10	14441	14441
P8,11	14442	14442
P78,10	14443	14445
P14,11	14446	14447
P90,10	14448	14448
P86,10	14449	14453
P91,10	14454	14459
P20,11	14460	14460
P93,10	14461	14463
P84,10	14464	14465
P18,11	14466	14468
P94,10	14469	14470
P85,10	14471	14476
P98,10	14477	14478
P97,10	14479	14480
P96,10	14481	14482
P112,10	14483	14485
P111,10	14486	14489
P102,10	14490	14493
P117,10	14494	14499
P120,10	14500	14500
P107,10	14501	14502
P110,10	14503	14508
P118,10	14509	14512
P108,10	14513	14514
P126,10	14515	14516
P124,10	14517	14518
P127,10	14519	14520
P141,10	14521	14524
P133,10	14525	14529
P132,10	14530	14533
P135,10	14534	14534
P131,10	14535	14540
P129,10	14541	14544
P145,10	14545	14548
P142,10	14549	14552
P140,10	14553	14553
P147,10	14554	14558
P156,10	14559	14562
P139,10	14563	14564
P138,10	14565	14565
P159,10	14566	14569
P160,10	14570	14570
P171,10	14571	14571
P150,10	14572	14577
P158,10	14578	14582
P166,10	14583	14588
P172,10	14589	14589
P28,11	14590	14594
P165,10	14595	14595
P167,10	14596	14600
P34,11	14601	14601
P176,10	14602	14602
P179,10	14603	14603
P163,10	14604	14609
P35,11	14610	14612
P40,11	14613	14615
P30,11	14616	14619
P39,11	14620	14625
P47,11	14626	14627
P2,12	14628	14629
P178,10	14630	14631
P53,11	14632	14637
P41,11	14638	14638
P45,11	14639	14643
P58,11	14644	14647
P54,11	14648	14649
P37,11	14650	14650
P49,11	14651	14654
P59,11	14655	14656
P61,11	14657	14662
P6,12	14663	14667
P68,11	14668	14669
P55,11	14670	14670
P77,11	14671	14676
P12,12	14677	14679
P64,11	14680	14685
P57,11	14686	14690
P71,11	14691	14696
P89,11	14697	14698
P8,12	14699	14701
P76,11	14702	14707
P86,11	14708	14713
P78,11	14714	14717
P20,12	14718	14718
P14,12	14719	14724
P18,12	14725	14727
P85,11	14728	14733
P91,11	14734	14736
P84,11	14737	14738
P98,11	14739	14743
P93,11	14744	14748
P97,11	14749	14753
P94,11	14754	14757
P96,11	14758	14762
P112,11	14763	14767
P120,11	14768	14773
P111,11	14774	14776
P102,11	14777	14780
P107,11	14781	14782
P127,11	14783	14786
P126,11	14787	14791
P108,11	14792	14796
P118,11	14797	14797
P124,11	14798	14799
P133,11	14800	14805
P135,11	14806	14811
P131,11	14812	14817
P142,11	14818	14823
P132,11	14824	14827
P129,11	14828	14829
P147,11	14830	14830
P145,11	14831	14836
P159,11	14837	14841
P156,11	14842	14845
P150,11	14846	14846
P140,11	14847	14850
P160,11	14851	14853
P171,11	14854	14854
P158,11	14855	14860
P172,11	14861	14866
P165,11	14867	14870
P163,11	14871	14871
P40,12	14872	14875
P30,12	14876	14876
P35,12	14877	14879
P176,11	14880	14882
P34,12	14883	14886
P179,11	14887	14892
P39,12	14893	14898
P2,13	14899	14904
P45,12	14905	14910
P178,11	14911	14914
P58,12	14915	14916
P53,12	14917	14922
P54,12	14923	14928
P37,12	14929	14932
P49,12	14933	14936
P6,13	14937	14942
P61,12	14943	14947
P55,12	14948	14950
P68,12	14951	14954
P77,12	14955	14956
P12,13	14957	14958
P59,12	14959	14964
P89,12	14965	14965
P57,12	14966	14967
P8,13	14968	14971
P71,12	14972	14977
P20,13	14978	14980
P86,12	14981	14984
P76,12	14985	14988
P78,12	14989	14989
P18,13	14990	14994
P85,12	14995	14996
P91,12	14997	15001
P14,13	15002	15005
P84,12	15006	15011
P98,12	15012	15016
P97,12	15017	15017
P96,12	15018	15019
P94,12	15020	15022
P112,12	15023	15027
P102,12	15028	15033
P108,12	15034	15036
P126,12	15037	15040
P111,12	15041	15046
P107,12	15047	15048
P127,12	15049	15050
P124,12	15051	15055
P131,12	15056	15057
P118,12	15058	15061
P135,12	15062	15067
P133,12	15068	15071
P147,12	15072	15075
P132,12	15076	15078
P129,12	15079	15079
P145,12	15080	15085
P160,12	15086	15089
P158,12	15090	15090
P140,12	15091	15091
P163,12	15092	15094
P172,12	15095	15097
P176,12	15098	15103
P35,13	15104	15109
P40,13	15110	15115
P45,13	15116	15116
P179,12	15117	15121
P2,14	15122	15124
P58,13	15125	15127
P37,13	15128	15128
P53,13	15129	15129
P54,13	15130	15133
P49,13	15134	15136
P61,13	15137	15142
P55,13	15143	15145
P77,13	15146	15146
P6,14	15147	15150
P59,13	15151	15152
P68,13	15153	15156
P12,14	15157	15157
P71,13	15158	15162
P86,13	15163	15164
P89,13	15165	15168
P8,14	15169	15173
P20,14	15174	15175
P85,13	15176	15177
P76,13	15178	15181
P18,14	15182	15185
P91,13	15186	15187
P14,14	15188	15190
P84,13	15191	15195
P98,13	15196	15199
P96,13	15200	15201
P94,13	15202	15202
P112,13	15203	15206
P108,13	15207	15211
P107,13	15212	15212
P102,13	15213	15213
P111,13	15214	15219
P118,13	15220	15220
P147,13	15221	15221
P145,13	15222	15227
P158,13	15228	15229
P133,13	15230	15231
P129,13	15232	15235
P140,13	15236	15240
P160,13	15241	15246
P172,13	15247	15247
P35,14	15248	15248
P163,13	15249	15254
P45,14	15255	15255
P176,13	15256	15261
P2,15	15262	15265
P58,14	15266	15271
P53,14	15272	15272
P179,13	15273	15273
P77,14	15274	15278
P49,14	15279	15282
P86,14	15283	15286
P89,14	15287	15292
P71,14	15293	15293
P8,15	15294	15297
P76,14	15298	15299
P98,14	15300	15303
P102,14	15304	15307
P96,14	15308	15313
P107,14	15314	15315
P118,14	15316	15320
P158,14	15321	15324
P147,14	15325	15328
P140,14	15329	15334
P160,14	15335	15337
P35,15	15338	15338
P163,14	15339	15339
P176,14	15340	15344
P179,14	15345	15350
P53,15	15351	15352
P86,15	15353	15355
P71,15	15356	15358
P98,15	15359	15362
P102,15	15363	15368
P107,15	15369	15370
P96,15	15371	15375
P163,15	15376	15379
P176,15	15380	15382
P179,15	15385	15387
