CPU0
P1,1	2	129
P6,1	130	131
P8,1	132	135
P9,1	136	141
P12,1	142	144
P14,1	145	147
P16,1	148	153
P17,1	154	155
P18,1	156	158
P19,1	159	162
P20,1	163	167
P21,1	168	172
P22,1	173	175
P23,1	176	179
P24,1	180	343
P1,2	344	428
P33,1	429	498
P34,1	499	500
P7,2	501	501
P5,2	502	505
P4,2	506	510
P12,2	511	513
P35,1	514	518
P36,1	519	522
P37,1	523	526
P38,1	527	646
P21,2	647	648
P44,1	649	649
P19,2	650	650
P45,1	651	656
P46,1	657	657
P47,1	658	662
P48,1	663	668
P22,2	669	673
P49,1	674	679
P50,1	680	685
P23,2	686	691
P51,1	692	757
P53,1	758	761
P54,1	762	766
P26,2	767	770
P25,2	771	773
P55,1	774	779
P56,1	780	780
P57,1	781	783
P58,1	784	786
P59,1	787	789
P60,1	790	794
P61,1	795	795
P62,1	796	800
P63,1	801	885
P67,1	886	886
P68,1	887	890
P70,1	891	893
P71,1	894	898
P72,1	899	903
P73,1	904	1081
P82,1	1082	1084
P83,1	1085	1144
P84,1	1145	1147
P28,2	1148	1150
P85,1	1151	1154
P24,2	1155	1314
P100,1	1315	1319
P102,1	1320	1325
P104,1	1326	1331
P105,1	1332	1428
P106,1	1429	1432
P30,2	1433	1438
P31,2	1439	1440
P107,1	1441	1445
P108,1	1446	1450
P109,1	1451	1453
P110,1	1454	1454
P111,1	1455	1456
P112,1	1457	1457
P113,1	1458	1458
P114,1	1459	1464
P115,1	1465	1615
P126,1	1616	1617
P2,4	1618	1622
P127,1	1623	1626
P9,3	1627	1631
P39,2	1632	1634
P128,1	1635	1639
P10,3	1640	1645
P8,3	1646	1649
P37,2	1650	1654
P16,3	1655	1658
P129,1	1659	1660
P130,1	1661	1662
P17,3	1663	1667
P131,1	1668	1669
P132,1	1670	1674
P40,2	1675	1677
P11,3	1678	1683
P133,1	1684	1687
P134,1	1688	1688
P41,2	1689	1691
P135,1	1692	1695
P136,1	1696	1701
P137,1	1702	1897
P147,1	1898	1902
P148,1	1903	1903
P149,1	1904	1908
P150,1	1909	1909
P151,1	1910	1910
P152,1	1911	2101
P19,3	2102	2102
P156,1	2103	2106
P43,2	2107	2279
P163,1	2280	2283
P48,2	2284	2285
P50,2	2286	2289
P164,1	2290	2293
P23,3	2294	2299
P165,1	2300	2300
P49,2	2301	2301
P166,1	2302	2306
P167,1	2307	2309
P168,1	2310	2388
P174,1	2389	2394
P175,1	2395	2472
P176,1	2473	2478
P177,1	2479	2483
P26,3	2484	2487
P53,2	2488	2493
P178,1	2494	2499
P54,2	2500	2504
P179,1	2505	2510
P180,1	2511	2653
P182,1	2654	2808
P183,1	2809	3000
P186,1	3001	3152
P188,1	3153	3300
P190,1	3301	3436
P84,2	3437	3442
P85,2	3443	3447
P192,1	3448	3543
P86,2	3544	3548
P87,2	3549	3551
P88,2	3552	3553
P29,3	3554	3556
P193,1	3557	3736
P195,1	3737	3869
P93,2	3870	3873
P94,2	3874	3879
P95,2	3880	3884
P100,2	3885	3888
P96,2	3889	3891
P97,2	3892	3893
P98,2	3894	3895
P196,1	3896	4015
P199,1	4016	4205
P30,3	4206	4207
P106,2	4208	4213
P108,2	4214	4216
P109,2	4217	4218
P31,3	4219	4219
P111,2	4220	4221
P107,2	4222	4224
P110,2	4225	4227
P113,2	4228	4232
P112,2	4233	4235
P114,2	4236	4241
P103,2	4242	4356
P128,2	4357	4359
P8,4	4360	4364
P10,4	4365	4366
P37,3	4367	4369
P131,2	4370	4374
P17,4	4375	4377
P40,3	4378	4381
P133,2	4382	4382
P136,2	4383	4387
P134,2	4388	4391
P125,2	4392	4534
P144,2	4535	4539
P145,2	4540	4542
P137,2	4543	4646
P153,2	4647	4647
P152,2	4648	4714
P157,2	4715	4715
P47,3	4716	4716
P21,4	4717	4718
P46,3	4719	4720
P22,4	4721	4724
P45,3	4725	4729
P44,3	4730	4734
P159,2	4735	4739
P161,2	4740	4745
P158,2	4746	4751
P160,2	4752	4755
P164,2	4756	4757
P163,2	4758	4758
P50,3	4759	4763
P165,2	4764	4766
P23,4	4767	4769
P48,3	4770	4774
P49,3	4775	4780
P167,2	4781	4784
P166,2	4785	4787
P162,2	4788	4872
P176,2	4873	4877
P177,2	4878	4882
P53,3	4883	4887
P26,4	4888	4890
P178,2	4891	4892
P179,2	4893	4895
P54,3	4896	4899
P56,3	4900	4902
P58,3	4903	4904
P55,3	4905	4906
P60,3	4907	4909
P57,3	4910	4915
P25,4	4916	4919
P59,3	4920	4924
P62,3	4925	4925
P61,3	4926	4931
P180,2	4932	5071
P65,3	5072	5073
P184,2	5074	5165
P66,3	5166	5168
P67,3	5169	5169
P72,3	5170	5175
P187,2	5176	5307
P80,3	5308	5313
P77,3	5314	5319
P78,3	5320	5323
P82,3	5324	5328
P28,4	5329	5329
P85,3	5330	5332
P84,3	5333	5335
P88,3	5336	5341
P86,3	5342	5344
P29,4	5345	5350
P87,3	5351	5352
P191,2	5353	5484
P96,3	5485	5488
P100,3	5489	5491
P197,2	5492	5568
P199,2	5569	5728
P118,3	5729	5734
P116,3	5735	5736
P119,3	5737	5738
P117,3	5739	5742
P121,3	5743	5748
P7,5	5749	5753
P34,4	5754	5754
P120,3	5755	5758
P122,3	5759	5764
P5,5	5765	5767
P6,5	5768	5769
P36,4	5770	5770
P123,3	5771	5773
P12,5	5774	5776
P14,5	5777	5780
P4,5	5781	5784
P126,3	5785	5789
P2,6	5790	5793
P124,3	5794	5797
P35,4	5798	5801
P128,3	5802	5803
P127,3	5804	5808
P8,5	5809	5813
P37,4	5814	5816
P39,4	5817	5821
P9,5	5822	5822
P129,3	5823	5823
P136,3	5824	5826
P10,5	5827	5830
P131,3	5831	5834
P132,3	5835	5839
P135,3	5840	5840
P11,5	5841	5845
P133,3	5846	5851
P18,5	5852	5856
P20,5	5857	5859
P140,3	5860	5863
P142,3	5864	5865
P138,3	5866	5870
P145,3	5871	5873
P149,3	5874	5879
P156,3	5880	5885
P151,3	5886	5886
P21,5	5887	5887
P47,4	5888	5892
P157,3	5893	5894
P44,4	5895	5898
P45,4	5899	5900
P161,3	5901	5902
P163,3	5903	5903
P158,3	5904	5908
P48,4	5909	5910
P23,5	5911	5914
P166,3	5915	5915
P167,3	5916	5918
P172,3	5919	5920
P169,3	5921	5922
P170,3	5923	5928
P178,3	5929	5930
P53,4	5931	5934
P179,3	5935	5938
P26,5	5939	5944
P58,4	5945	5950
P55,4	5951	5953
P62,4	5954	5955
P61,4	5956	5958
P65,4	5959	5959
P68,4	5960	5960
P70,4	5961	5964
P67,4	5965	5967
P66,4	5968	5968
P75,4	5969	5973
P74,4	5974	5975
P76,4	5976	5980
P78,4	5981	5981
P28,5	5982	5983
P85,4	5984	5984
P87,4	5985	5989
P86,4	5990	5993
P91,4	5994	5994
P90,4	5995	6000
P95,4	6001	6005
P98,4	6006	6009
P101,4	6010	6014
P104,4	6015	6020
P106,4	6021	6022
P108,4	6023	6023
P107,4	6024	6024
P30,5	6025	6029
P109,4	6030	6035
P110,4	6036	6036
P114,4	6037	6037
P117,4	6038	6042
P119,4	6043	6047
P121,4	6048	6048
P34,5	6049	6050
P7,6	6051	6052
P122,4	6053	6058
P5,6	6059	6060
P123,4	6061	6061
P12,6	6062	6064
P4,6	6065	6069
P128,4	6070	6070
P35,5	6071	6076
P37,5	6077	6077
P8,6	6078	6078
P129,4	6079	6082
P17,6	6083	6088
P135,4	6089	6093
P136,4	6094	6099
P16,6	6100	6105
P13,6	6106	6111
P42,5	6112	6113
P40,5	6114	6116
P134,4	6117	6117
P139,4	6118	6122
P145,4	6123	6126
P148,4	6127	6132
P144,4	6133	6135
P151,4	6136	6141
P154,4	6142	6145
P159,4	6146	6148
P19,6	6149	6154
P44,5	6155	6160
P45,5	6161	6163
P157,4	6164	6168
P164,4	6169	6169
P166,4	6170	6172
P48,5	6173	6176
P49,5	6177	6177
P169,4	6178	6183
P174,4	6184	6188
P177,4	6189	6192
P172,4	6193	6198
P26,6	6199	6204
P178,4	6205	6206
P57,5	6207	6209
P55,5	6210	6215
P68,5	6216	6217
P56,5	6218	6223
P71,5	6224	6227
P75,5	6228	6232
P66,5	6233	6234
P74,5	6235	6235
P72,5	6236	6241
P78,5	6242	6247
P87,5	6248	6252
P76,5	6253	6256
P90,5	6257	6261
P29,6	6262	6267
P28,6	6268	6273
P96,5	6274	6278
P95,5	6279	6284
P106,5	6285	6286
P113,5	6287	6290
P98,5	6291	6294
P100,5	6295	6299
P112,5	6300	6302
P31,6	6303	6303
P114,5	6304	6304
P116,5	6305	6306
P110,5	6307	6308
P36,6	6309	6314
P121,5	6315	6319
P118,5	6320	6321
P6,7	6322	6327
P12,7	6328	6331
P123,5	6332	6336
P35,6	6337	6340
P128,5	6341	6345
P135,5	6346	6347
P39,6	6348	6352
P131,5	6353	6353
P129,5	6354	6356
P10,7	6357	6357
P13,7	6358	6360
P11,7	6361	6365
P136,5	6366	6370
P16,7	6371	6376
P130,5	6377	6380
P156,5	6381	6382
P153,5	6383	6388
P142,5	6389	6391
P139,5	6392	6397
P144,5	6398	6400
P151,5	6401	6406
P154,5	6407	6408
P19,7	6409	6411
P150,5	6412	6412
P44,6	6413	6414
P161,5	6415	6418
P48,6	6419	6422
P46,6	6423	6426
P166,5	6427	6429
P49,6	6430	6430
P171,5	6431	6435
P163,5	6436	6440
P53,6	6441	6446
P165,5	6447	6451
P54,6	6452	6456
P57,6	6457	6461
P179,5	6462	6463
P59,6	6464	6468
P55,6	6469	6470
P58,6	6471	6471
P70,6	6472	6476
P64,6	6477	6479
P82,6	6480	6483
P77,6	6484	6485
P78,6	6486	6486
P84,6	6487	6488
P90,6	6489	6491
P76,6	6492	6496
P28,7	6497	6502
P93,6	6503	6508
P101,6	6509	6512
P96,6	6513	6516
P30,7	6517	6521
P104,6	6522	6527
P98,6	6528	6529
P112,6	6530	6535
P110,6	6536	6541
P114,6	6542	6542
P102,6	6543	6547
P119,6	6548	6548
P120,6	6549	6552
P2,9	6553	6554
P6,8	6555	6556
P135,6	6557	6557
P126,6	6558	6562
P124,6	6563	6564
P35,7	6565	6568
P14,8	6569	6573
P37,7	6574	6578
P8,8	6579	6580
P39,7	6581	6585
P132,6	6586	6591
P16,8	6592	6597
P18,8	6598	6599
P141,6	6600	6604
P142,6	6605	6606
P156,6	6607	6608
P139,6	6609	6611
P148,6	6612	6613
P149,6	6614	6618
P144,6	6619	6623
P47,7	6624	6628
P159,6	6629	6630
P48,7	6631	6636
P46,7	6637	6642
P160,6	6643	6648
P166,6	6649	6652
P163,6	6653	6658
P49,7	6659	6664
P176,6	6665	6666
P53,7	6667	6671
P179,6	6672	6677
P173,6	6678	6678
P177,6	6679	6682
P58,7	6683	6688
P75,7	6689	6693
P65,7	6694	6698
P82,7	6699	6700
P60,7	6701	6701
P71,7	6702	6703
P29,8	6704	6707
P66,7	6708	6710
P70,7	6711	6714
P84,7	6715	6716
P90,7	6717	6718
P85,7	6719	6720
P28,8	6721	6725
P91,7	6726	6728
P93,7	6729	6733
P94,7	6734	6736
P101,7	6737	6738
P98,7	6739	6744
P7,9	6745	6746
P100,7	6747	6748
P107,7	6749	6754
P118,7	6755	6758
P110,7	6759	6763
P120,7	6764	6767
P6,9	6768	6773
P124,7	6774	6778
P10,9	6779	6779
P35,8	6780	6783
P17,9	6784	6787
P127,7	6788	6790
P2,10	6791	6793
P9,9	6794	6799
P37,8	6800	6803
P41,8	6804	6805
P39,8	6806	6809
P20,9	6810	6810
P145,7	6811	6816
P156,7	6817	6817
P153,7	6818	6820
P141,7	6821	6821
P130,7	6822	6823
P149,7	6824	6825
P139,7	6826	6829
P22,9	6830	6830
P138,7	6831	6832
P45,8	6833	6834
P23,9	6835	6836
P19,9	6837	6841
P48,8	6842	6842
P158,7	6843	6846
P171,7	6847	6851
P53,8	6852	6852
P170,7	6853	6855
P167,7	6856	6858
P173,7	6859	6862
P49,8	6863	6865
P172,7	6866	6871
P178,7	6872	6874
P59,8	6875	6876
P65,8	6877	6877
P57,8	6878	6878
P61,8	6879	6883
P26,9	6884	6884
P75,8	6885	6890
P55,8	6891	6894
P82,8	6895	6897
P77,8	6898	6898
P60,8	6899	6902
P90,8	6903	6907
P66,8	6908	6912
P76,8	6913	6917
P91,8	6918	6922
P7,10	6923	6925
P95,8	6926	6926
P104,8	6927	6928
P101,8	6929	6929
P97,8	6930	6931
P114,8	6932	6932
P98,8	6933	6935
P96,8	6936	6938
P108,8	6939	6943
P120,8	6944	6945
P110,8	6946	6946
P126,8	6947	6952
P102,8	6953	6953
P116,8	6954	6957
P10,10	6958	6961
P12,10	6962	6963
P123,8	6964	6968
P131,8	6969	6969
P2,11	6970	6975
P39,9	6976	6981
P132,8	6982	6982
P16,10	6983	6985
P133,8	6986	6987
P142,8	6988	6990
P40,9	6991	6996
P145,8	6997	6998
P18,10	6999	6999
P147,8	7000	7002
P130,8	7003	7005
P134,8	7006	7009
P22,10	7010	7011
P149,8	7012	7017
P158,8	7018	7018
P45,9	7019	7021
P138,8	7022	7022
P150,8	7023	7025
P170,8	7026	7028
P46,9	7029	7029
P53,9	7030	7033
P49,9	7034	7034
P176,8	7035	7036
P54,9	7037	7037
P163,8	7038	7038
P172,8	7039	7043
P65,9	7044	7049
P55,9	7050	7053
P178,8	7054	7055
P77,9	7056	7058
P64,9	7059	7063
P75,9	7064	7069
P71,9	7070	7072
P76,9	7073	7075
P60,9	7076	7079
P66,9	7080	7083
P85,9	7084	7089
P91,9	7090	7090
P97,9	7091	7094
P95,9	7095	7095
P112,9	7096	7098
P96,9	7099	7099
P98,9	7100	7100
P28,10	7101	7103
P120,9	7104	7106
P102,9	7107	7108
P10,11	7109	7109
P117,9	7110	7113
P124,9	7114	7117
P111,9	7118	7118
P118,9	7119	7123
P9,11	7124	7125
P39,10	7126	7126
P131,9	7127	7128
P133,9	7129	7130
P129,9	7131	7136
P18,11	7137	7139
P41,10	7140	7145
P145,9	7146	7149
P141,9	7150	7150
P130,9	7151	7152
P156,9	7153	7155
P134,9	7156	7161
P147,9	7162	7163
P47,10	7164	7164
P159,9	7165	7169
P138,9	7170	7174
P158,9	7175	7180
P166,9	7181	7185
P54,10	7186	7186
P61,10	7187	7188
P165,9	7189	7192
P176,9	7193	7196
P59,10	7197	7200
P65,10	7201	7201
P164,9	7202	7206
P89,10	7207	7207
P178,9	7208	7213
P57,10	7214	7219
P64,10	7220	7225
P71,10	7226	7231
P94,10	7232	7233
P93,10	7234	7236
P91,10	7237	7242
P6,12	7243	7247
P30,11	7248	7251
P96,10	7252	7253
P12,12	7254	7256
P117,10	7257	7262
P35,11	7263	7265
P28,11	7266	7270
P2,13	7271	7276
P118,10	7277	7280
P39,11	7281	7286
P40,11	7287	7289
P133,10	7290	7294
P142,10	7295	7298
P140,10	7299	7299
P141,10	7300	7303
P156,10	7304	7307
P147,10	7308	7312
P171,10	7313	7313
P45,11	7314	7318
P159,10	7319	7322
P166,10	7323	7328
P49,11	7329	7332
P61,11	7333	7338
P176,10	7339	7339
P165,10	7340	7340
P58,11	7341	7344
P59,11	7345	7346
P179,10	7347	7347
P178,10	7348	7349
P68,11	7350	7351
P86,11	7352	7357
P71,11	7358	7363
P78,11	7364	7367
P6,13	7368	7373
P76,11	7374	7379
P12,13	7380	7381
P98,11	7382	7386
P34,12	7387	7390
P93,11	7391	7395
P112,11	7396	7400
P35,12	7401	7403
P127,11	7404	7407
P102,11	7408	7411
P108,11	7412	7416
P40,12	7417	7420
P39,12	7421	7426
P131,11	7427	7432
P8,13	7433	7436
P132,11	7437	7440
P147,11	7441	7441
P129,11	7442	7443
P14,13	7444	7447
P140,11	7448	7451
P37,12	7452	7455
P160,11	7456	7458
P171,11	7459	7459
P53,12	7460	7465
P89,12	7466	7466
P58,12	7467	7468
P49,12	7469	7472
P172,11	7473	7478
P77,12	7479	7480
P165,11	7481	7484
P163,11	7485	7485
P176,11	7486	7488
P179,11	7489	7494
P59,12	7495	7500
P84,12	7501	7506
P6,14	7507	7510
P91,12	7511	7515
P94,12	7516	7518
P126,12	7519	7522
P108,12	7523	7525
P124,12	7526	7530
P102,12	7531	7536
P18,14	7537	7540
P2,15	7541	7544
P147,12	7545	7548
P111,12	7549	7554
P118,12	7555	7558
P160,12	7559	7562
P14,14	7563	7565
P140,12	7566	7566
P158,12	7567	7567
P61,13	7568	7573
P172,12	7574	7576
P89,13	7577	7580
P53,13	7581	7581
P86,13	7582	7583
P176,12	7584	7589
P54,13	7590	7593
P179,12	7594	7598
P76,13	7599	7602
P35,14	7603	7603
P91,13	7604	7605
P108,13	7606	7610
P45,14	7611	7611
P102,13	7612	7612
P147,13	7613	7613
P129,13	7614	7617
P160,13	7618	7623
P77,14	7624	7628
P118,13	7629	7629
P133,13	7630	7631
P8,15	7632	7635
P86,14	7636	7639
P89,14	7640	7645
P53,14	7646	7646
P176,13	7647	7652
P102,14	7653	7656
P158,14	7657	7660
P140,14	7661	7666
P118,14	7667	7671
P86,15	7672	7674
P71,15	7675	7677
P53,15	7678	7679
P163,14	7680	7680
P98,15	7681	7684
P107,15	7685	7686
P102,15	7692	7697
P163,15	7706	7709
P176,15	7710	7712
P179,15	7714	7716
CPU1
P2,1	4	4
P3,1	8	125
P4,1	126	126
P5,1	127	130
P7,1	131	133
P2,2	134	135
P10,1	136	137
P11,1	138	142
P13,1	143	146
P15,1	147	208
P25,1	209	212
P26,1	213	213
P27,1	214	314
P28,1	315	320
P29,1	321	324
P3,2	325	410
P30,1	411	411
P31,1	412	414
P32,1	415	514
P2,3	515	515
P9,2	516	518
P6,2	519	519
P14,2	520	524
P16,2	525	528
P8,2	529	529
P10,2	530	532
P39,1	533	538
P40,1	539	540
P17,2	541	542
P11,2	543	545
P18,2	546	547
P13,2	548	548
P41,1	549	552
P20,2	553	555
P42,1	556	559
P43,1	560	671
P15,2	672	742
P52,1	743	874
P64,1	875	879
P65,1	880	882
P66,1	883	887
P69,1	888	1045
P74,1	1046	1048
P75,1	1049	1049
P76,1	1050	1052
P77,1	1053	1053
P78,1	1054	1056
P79,1	1057	1057
P80,1	1058	1062
P81,1	1063	1174
P86,1	1175	1179
P29,2	1180	1185
P87,1	1186	1186
P88,1	1187	1187
P89,1	1188	1190
P90,1	1191	1193
P91,1	1194	1199
P92,1	1200	1294
P93,1	1295	1296
P94,1	1297	1299
P95,1	1300	1301
P96,1	1302	1307
P97,1	1308	1309
P98,1	1310	1312
P99,1	1313	1318
P101,1	1319	1319
P103,1	1320	1509
P116,1	1510	1515
P117,1	1516	1518
P118,1	1519	1522
P119,1	1523	1526
P120,1	1527	1529
P7,3	1530	1530
P121,1	1531	1532
P5,3	1533	1538
P34,2	1539	1542
P122,1	1543	1548
P6,3	1549	1553
P123,1	1554	1558
P36,2	1559	1559
P14,3	1560	1563
P4,3	1564	1566
P12,3	1567	1571
P35,2	1572	1577
P124,1	1578	1582
P125,1	1583	1748
P18,3	1749	1751
P13,3	1752	1754
P20,3	1755	1755
P42,2	1756	1760
P138,1	1761	1765
P139,1	1766	1768
P140,1	1769	1773
P141,1	1774	1774
P142,1	1775	1780
P143,1	1781	1853
P144,1	1854	1857
P145,1	1858	1862
P146,1	1863	2043
P153,1	2044	2044
P154,1	2045	2047
P155,1	2048	2240
P157,1	2241	2245
P21,3	2246	2246
P47,2	2247	2249
P44,2	2250	2255
P158,1	2256	2257
P45,2	2258	2258
P159,1	2259	2260
P46,2	2261	2261
P160,1	2262	2262
P161,1	2263	2263
P22,3	2264	2266
P162,1	2267	2366
P169,1	2367	2368
P170,1	2369	2369
P171,1	2370	2371
P172,1	2372	2377
P173,1	2378	2383
P51,2	2384	2559
P56,2	2560	2563
P55,2	2564	2568
P58,2	2569	2574
P60,2	2575	2580
P25,3	2581	2583
P57,2	2584	2586
P62,2	2587	2591
P59,2	2592	2595
P61,2	2596	2600
P181,1	2601	2784
P52,2	2785	2881
P65,2	2882	2884
P184,1	2885	2947
P68,2	2948	2951
P70,2	2952	2953
P64,2	2954	2957
P67,2	2958	2958
P66,2	2959	2962
P71,2	2963	2968
P72,2	2969	2969
P185,1	2970	3049
P187,1	3050	3116
P69,2	3117	3269
P74,2	3270	3270
P77,2	3271	3271
P75,2	3272	3272
P76,2	3273	3276
P80,2	3277	3278
P78,2	3279	3280
P79,2	3281	3286
P82,2	3287	3290
P189,1	3291	3440
P28,3	3441	3442
P191,1	3443	3634
P89,2	3635	3639
P91,2	3640	3643
P90,2	3644	3644
P194,1	3645	3746
P92,2	3747	3921
P104,2	3922	3922
P197,1	3923	3998
P99,2	3999	4003
P101,2	4004	4004
P102,2	4005	4010
P198,1	4011	4092
P200,1	4093	4277
P119,2	4278	4282
P116,2	4283	4285
P121,2	4286	4289
P118,2	4290	4291
P117,2	4292	4295
P7,4	4296	4299
P5,4	4300	4303
P120,2	4304	4307
P34,3	4308	4311
P122,2	4312	4317
P36,3	4318	4321
P4,4	4322	4324
P6,4	4325	4327
P123,2	4328	4328
P12,4	4329	4331
P14,4	4332	4334
P35,3	4335	4340
P124,2	4341	4346
P126,2	4347	4348
P2,5	4349	4353
P127,2	4354	4355
P39,3	4356	4357
P9,4	4358	4359
P129,2	4360	4365
P16,4	4366	4371
P130,2	4372	4376
P132,2	4377	4380
P11,4	4381	4383
P135,2	4384	4389
P41,3	4390	4394
P13,4	4395	4400
P18,4	4401	4405
P42,3	4406	4411
P20,4	4412	4413
P140,2	4414	4417
P139,2	4418	4421
P138,2	4422	4427
P142,2	4428	4431
P141,2	4432	4432
P143,2	4433	4624
P148,2	4625	4630
P150,2	4631	4633
P149,2	4634	4635
P147,2	4636	4638
P151,2	4639	4643
P154,2	4644	4649
P156,2	4650	4652
P19,4	4653	4657
P155,2	4658	4841
P169,2	4842	4844
P171,2	4845	4845
P172,2	4846	4851
P170,2	4852	4853
P173,2	4854	4857
P174,2	4858	4863
P175,2	4864	5034
P182,2	5035	5152
P68,3	5153	5157
P70,3	5158	5163
P64,3	5164	5167
P71,3	5168	5169
P185,2	5170	5307
P75,3	5308	5310
P76,3	5311	5314
P74,3	5315	5319
P79,3	5320	5324
P190,2	5325	5389
P89,3	5390	5394
P91,3	5395	5399
P90,3	5400	5404
P193,2	5405	5469
P93,3	5470	5472
P95,3	5473	5478
P94,3	5479	5483
P98,3	5484	5489
P97,3	5490	5490
P104,3	5491	5496
P102,3	5497	5497
P99,3	5498	5500
P101,3	5501	5502
P198,2	5503	5676
P108,3	5677	5677
P106,3	5678	5680
P111,3	5681	5686
P30,4	5687	5689
P113,3	5690	5691
P31,4	5692	5697
P109,3	5698	5700
P107,3	5701	5701
P110,3	5702	5705
P112,3	5706	5710
P114,3	5711	5716
P200,2	5717	5829
P17,5	5830	5833
P16,5	5834	5836
P130,3	5837	5842
P40,4	5843	5847
P134,3	5848	5851
P41,4	5852	5852
P42,4	5853	5854
P13,5	5855	5860
P141,3	5861	5861
P139,3	5862	5865
P144,3	5866	5870
P148,3	5871	5874
P147,3	5875	5875
P150,3	5876	5879
P153,3	5880	5882
P154,3	5883	5884
P19,5	5885	5890
P46,4	5891	5893
P22,5	5894	5898
P159,3	5899	5900
P164,3	5901	5904
P160,3	5905	5907
P165,3	5908	5912
P49,4	5913	5913
P50,4	5914	5916
P171,3	5917	5921
P174,3	5922	5922
P173,3	5923	5924
P177,3	5925	5929
P176,3	5930	5935
P54,4	5936	5939
P57,4	5940	5940
P56,4	5941	5946
P60,4	5947	5952
P25,5	5953	5953
P59,4	5954	5959
P72,4	5960	5961
P71,4	5962	5963
P64,4	5964	5968
P80,4	5969	5973
P77,4	5974	5978
P82,4	5979	5979
P79,4	5980	5984
P84,4	5985	5988
P88,4	5989	5990
P29,5	5991	5993
P89,4	5994	5995
P93,4	5996	6001
P97,4	6002	6002
P94,4	6003	6004
P96,4	6005	6008
P99,4	6009	6014
P100,4	6015	6016
P102,4	6017	6018
P111,4	6019	6023
P113,4	6024	6028
P31,5	6029	6032
P112,4	6033	6036
P116,4	6037	6041
P118,4	6042	6047
P120,4	6048	6051
P36,5	6052	6052
P6,6	6053	6055
P14,6	6056	6061
P126,4	6062	6065
P124,4	6066	6066
P2,7	6067	6067
P127,4	6068	6071
P9,6	6072	6077
P39,5	6078	6083
P10,6	6084	6086
P131,4	6087	6091
P11,6	6092	6097
P133,4	6098	6103
P130,4	6104	6107
P132,4	6108	6109
P18,6	6110	6112
P141,4	6113	6114
P20,6	6115	6116
P142,4	6117	6117
P41,5	6118	6121
P147,4	6122	6123
P138,4	6124	6129
P140,4	6130	6130
P156,4	6131	6131
P153,4	6132	6134
P149,4	6135	6139
P150,4	6140	6144
P22,6	6145	6149
P47,5	6150	6155
P158,4	6156	6159
P46,5	6160	6164
P161,4	6165	6170
P163,4	6171	6176
P171,4	6177	6179
P23,6	6180	6181
P160,4	6182	6183
P167,4	6184	6184
P170,4	6185	6185
P165,4	6186	6186
P173,4	6187	6188
P53,5	6189	6190
P50,5	6191	6195
P179,4	6196	6200
P176,4	6201	6201
P54,5	6202	6207
P58,5	6208	6210
P59,5	6211	6212
P25,6	6213	6216
P64,5	6217	6221
P60,5	6222	6226
P65,5	6227	6228
P62,5	6229	6231
P70,5	6232	6234
P61,5	6235	6237
P80,5	6238	6241
P77,5	6242	6242
P67,5	6243	6246
P91,5	6247	6251
P82,5	6252	6252
P79,5	6253	6255
P88,5	6256	6256
P85,5	6257	6259
P86,5	6260	6260
P84,5	6261	6264
P89,5	6265	6269
P94,5	6270	6270
P97,5	6271	6273
P99,5	6274	6276
P93,5	6277	6280
P101,5	6281	6285
P107,5	6286	6287
P108,5	6288	6290
P109,5	6291	6294
P104,5	6295	6295
P111,5	6296	6301
P102,5	6302	6305
P30,6	6306	6306
P34,6	6307	6312
P7,7	6313	6317
P117,5	6318	6318
P119,5	6319	6320
P122,5	6321	6325
P120,5	6326	6327
P4,7	6328	6329
P127,5	6330	6331
P126,5	6332	6335
P2,8	6336	6336
P14,7	6337	6342
P124,5	6343	6344
P37,6	6345	6345
P8,7	6346	6351
P9,7	6352	6353
P17,7	6354	6354
P133,5	6355	6357
P40,6	6358	6361
P20,7	6362	6365
P41,6	6366	6370
P132,5	6371	6375
P145,5	6376	6377
P147,5	6378	6380
P18,7	6381	6382
P141,5	6383	6383
P134,5	6384	6388
P148,5	6389	6394
P138,5	6395	6395
P140,5	6396	6396
P159,5	6397	6402
P22,7	6403	6405
P149,5	6406	6407
P47,6	6408	6411
P45,6	6412	6413
P158,5	6414	6418
P164,5	6419	6419
P160,5	6420	6425
P157,5	6426	6427
P174,5	6428	6428
P50,6	6429	6429
P23,7	6430	6433
P170,5	6434	6437
P169,5	6438	6442
P167,5	6443	6444
P176,5	6445	6449
P177,5	6450	6452
P173,5	6453	6458
P172,5	6459	6459
P26,7	6460	6462
P178,5	6463	6465
P65,6	6466	6468
P68,6	6469	6471
P56,6	6472	6474
P71,6	6475	6476
P66,6	6477	6477
P75,6	6478	6478
P60,6	6479	6479
P62,6	6480	6480
P61,6	6481	6482
P87,6	6483	6483
P91,6	6484	6487
P29,7	6488	6492
P79,6	6493	6497
P89,6	6498	6498
P86,6	6499	6499
P85,6	6500	6504
P94,6	6505	6505
P97,6	6506	6509
P109,6	6510	6512
P95,6	6513	6514
P31,7	6515	6520
P107,6	6521	6525
P108,6	6526	6530
P100,6	6531	6532
P7,8	6533	6535
P34,7	6536	6536
P116,6	6537	6538
P111,6	6539	6541
P118,6	6542	6547
P12,8	6548	6550
P121,6	6551	6551
P117,6	6552	6552
P127,6	6553	6554
P123,6	6555	6560
P10,8	6561	6563
P17,8	6564	6569
P9,8	6570	6571
P11,8	6572	6574
P129,6	6575	6576
P133,6	6577	6579
P131,6	6580	6585
P145,6	6586	6589
P20,8	6590	6590
P41,7	6591	6595
P40,7	6596	6601
P147,6	6602	6606
P134,6	6607	6609
P130,6	6610	6611
P153,6	6612	6612
P138,6	6613	6615
P140,6	6616	6620
P151,6	6621	6625
P22,8	6626	6627
P19,8	6628	6629
P45,7	6630	6630
P44,7	6631	6634
P23,8	6635	6635
P150,6	6636	6641
P158,6	6642	6646
P174,6	6647	6649
P164,6	6650	6655
P167,6	6656	6658
P171,6	6659	6661
P54,7	6662	6664
P170,6	6665	6668
P165,6	6669	6671
P59,7	6672	6672
P178,6	6673	6678
P172,6	6679	6680
P57,7	6681	6686
P68,7	6687	6688
P61,7	6689	6691
P26,8	6692	6696
P62,7	6697	6700
P56,7	6701	6701
P64,7	6702	6703
P55,7	6704	6705
P77,7	6706	6707
P89,7	6708	6712
P87,7	6713	6718
P78,7	6719	6723
P76,7	6724	6725
P79,7	6726	6729
P86,7	6730	6733
P95,7	6734	6735
P97,7	6736	6739
P96,7	6740	6740
P30,8	6741	6741
P108,7	6742	6743
P112,7	6744	6746
P104,7	6747	6747
P114,7	6748	6753
P34,8	6754	6755
P102,7	6756	6760
P111,7	6761	6761
P116,7	6762	6762
P117,7	6763	6767
P126,7	6768	6772
P121,7	6773	6773
P119,7	6774	6774
P135,7	6775	6777
P12,9	6778	6783
P123,7	6784	6785
P14,9	6786	6790
P129,7	6791	6795
P8,9	6796	6800
P131,7	6801	6801
P133,7	6802	6803
P132,7	6804	6809
P18,9	6810	6810
P142,7	6811	6811
P16,9	6812	6813
P147,7	6814	6819
P40,8	6820	6821
P134,7	6822	6825
P140,7	6826	6826
P47,8	6827	6828
P159,7	6829	6834
P174,7	6835	6836
P166,7	6837	6840
P150,7	6841	6844
P46,8	6845	6849
P160,7	6850	6853
P163,7	6854	6856
P165,7	6857	6860
P164,7	6861	6862
P54,8	6863	6865
P176,7	6866	6868
P179,7	6869	6874
P68,8	6875	6879
P64,8	6880	6884
P58,8	6885	6889
P62,8	6890	6893
P89,8	6894	6898
P56,8	6899	6900
P71,8	6901	6904
P87,8	6905	6905
P84,8	6906	6906
P78,8	6907	6910
P85,8	6911	6912
P86,8	6913	6917
P79,8	6918	6918
P30,9	6919	6922
P28,9	6923	6926
P93,8	6927	6927
P94,8	6928	6933
P112,8	6934	6935
P34,9	6936	6941
P111,8	6942	6943
P107,8	6944	6946
P6,10	6947	6948
P118,8	6949	6950
P119,8	6951	6956
P117,8	6957	6957
P35,9	6958	6959
P124,8	6960	6963
P135,8	6964	6966
P127,8	6967	6967
P9,10	6968	6970
P129,8	6971	6971
P14,10	6972	6975
P20,10	6976	6979
P41,9	6980	6982
P8,10	6983	6988
P153,8	6989	6994
P37,9	6995	6997
P156,8	6998	7000
P141,8	7001	7001
P140,8	7002	7004
P159,8	7005	7007
P47,9	7008	7009
P139,8	7010	7013
P19,10	7014	7016
P48,9	7017	7021
P171,8	7022	7025
P165,8	7026	7027
P166,8	7028	7030
P167,8	7031	7031
P160,8	7032	7034
P164,8	7035	7040
P68,9	7041	7044
P58,9	7045	7046
P61,9	7047	7047
P59,9	7048	7048
P57,9	7049	7054
P179,8	7055	7058
P89,9	7059	7060
P90,9	7061	7065
P62,9	7066	7069
P84,9	7070	7073
P56,9	7074	7076
P78,9	7077	7078
P86,9	7079	7079
P7,11	7080	7081
P94,9	7082	7085
P30,10	7086	7088
P93,9	7089	7092
P34,10	7093	7096
P110,9	7097	7099
P6,11	7100	7104
P116,9	7105	7108
P107,9	7109	7113
P12,11	7114	7115
P108,9	7116	7118
P35,10	7119	7121
P126,9	7122	7122
P135,9	7123	7125
P127,9	7126	7126
P20,11	7127	7127
P2,12	7128	7129
P14,11	7130	7131
P8,11	7132	7132
P40,10	7133	7138
P132,9	7139	7144
P142,9	7145	7150
P37,10	7151	7156
P140,9	7157	7157
P139,9	7158	7163
P45,10	7164	7164
P53,10	7165	7165
P171,9	7166	7169
P160,9	7170	7175
P150,9	7176	7177
P167,9	7178	7183
P49,10	7184	7186
P46,10	7187	7190
P58,10	7191	7195
P172,9	7196	7201
P179,9	7202	7205
P163,9	7206	7206
P68,10	7207	7211
P90,10	7212	7212
P77,10	7213	7213
P55,10	7214	7219
P86,10	7220	7224
P78,10	7225	7227
P76,10	7228	7230
P56,10	7231	7231
P84,10	7232	7233
P66,10	7234	7236
P34,11	7237	7237
P97,10	7238	7239
P85,10	7240	7245
P112,10	7246	7248
P98,10	7249	7250
P120,10	7251	7251
P107,10	7252	7253
P110,10	7254	7259
P126,10	7260	7261
P102,10	7262	7265
P124,10	7266	7267
P108,10	7268	7269
P111,10	7270	7273
P20,12	7274	7274
P127,10	7275	7276
P18,12	7277	7279
P132,10	7280	7283
P135,10	7284	7284
P8,12	7285	7287
P131,10	7288	7293
P14,12	7294	7299
P129,10	7300	7303
P41,11	7304	7304
P145,10	7305	7308
P37,11	7309	7309
P47,11	7310	7311
P53,11	7312	7317
P139,10	7318	7319
P160,10	7320	7320
P138,10	7321	7321
P158,10	7322	7326
P167,10	7327	7331
P150,10	7332	7337
P172,10	7338	7338
P54,11	7339	7340
P89,11	7341	7342
P77,11	7343	7348
P163,10	7349	7354
P55,11	7355	7355
P64,11	7356	7361
P57,11	7362	7366
P85,11	7367	7372
P97,11	7373	7377
P30,12	7378	7378
P84,11	7379	7380
P94,11	7381	7384
P120,11	7385	7390
P107,11	7391	7392
P91,11	7393	7395
P96,11	7396	7400
P126,11	7401	7405
P20,13	7406	7408
P124,11	7409	7410
P18,13	7411	7415
P135,11	7416	7421
P111,11	7422	7424
P2,14	7425	7427
P142,11	7428	7433
P118,11	7434	7434
P133,11	7435	7440
P45,12	7441	7446
P156,11	7447	7450
P159,11	7451	7455
P145,11	7456	7461
P150,11	7462	7462
P158,11	7463	7468
P61,12	7469	7473
P54,12	7474	7479
P55,12	7480	7482
P68,12	7483	7486
P178,11	7487	7490
P86,12	7491	7494
P85,12	7495	7496
P57,12	7497	7498
P78,12	7499	7499
P71,12	7500	7505
P97,12	7506	7506
P12,14	7507	7507
P76,12	7508	7511
P98,12	7512	7516
P96,12	7517	7518
P107,12	7519	7520
P112,12	7521	7525
P35,13	7526	7531
P127,12	7532	7533
P20,14	7534	7535
P135,12	7536	7541
P131,12	7542	7543
P40,13	7544	7549
P132,12	7550	7552
P45,13	7553	7553
P129,12	7554	7554
P133,12	7555	7558
P8,14	7559	7563
P37,13	7564	7564
P145,12	7565	7570
P77,13	7571	7571
P163,12	7572	7574
P58,13	7575	7577
P49,13	7578	7580
P55,13	7581	7583
P68,13	7584	7587
P59,13	7588	7589
P85,13	7590	7591
P71,13	7592	7596
P107,13	7597	7597
P84,13	7598	7602
P98,13	7603	7606
P96,13	7607	7608
P94,13	7609	7609
P112,13	7610	7613
P158,13	7614	7615
P140,13	7616	7620
P111,13	7621	7626
P145,13	7627	7632
P172,13	7633	7633
P58,14	7634	7639
P163,13	7640	7645
P49,14	7646	7649
P107,14	7650	7651
P71,14	7652	7652
P179,13	7653	7653
P35,15	7654	7654
P76,14	7655	7656
P98,14	7657	7660
P147,14	7661	7664
P96,14	7665	7670
P160,14	7671	7673
P179,14	7674	7679
P176,14	7680	7684
P96,15	7707	7711
