CPU0
P1,1	2	5
P2,1	6	6
P1,1	7	10
P3,1	11	14
P1,1	15	18
P4,1	19	19
P3,1	20	23
P5,1	24	27
P1,1	28	31
P6,1	32	33
P7,1	34	36
P3,1	37	40
P8,1	41	44
P9,1	45	48
P1,1	49	52
P2,2	53	54
P10,1	55	56
P3,1	57	60
P4,2	61	64
P9,1	65	66
P11,1	67	70
P5,2	71	74
P12,1	75	77
P1,1	78	81
P7,2	82	82
P3,1	83	86
P13,1	87	90
P14,1	91	93
P4,2	94	94
P15,1	95	98
P16,1	99	102
P6,2	103	103
P11,1	104	104
P17,1	105	106
P18,1	107	109
P19,1	110	113
P2,3	114	114
P20,1	115	118
P8,2	119	119
P1,1	120	123
P21,1	124	127
P3,1	128	131
P9,2	132	134
P22,1	135	137
P12,2	138	140
P10,2	141	143
P5,3	144	147
P7,3	148	148
P15,1	149	152
P23,1	153	156
P24,1	157	160
P16,1	161	162
P25,1	163	166
P26,1	167	167
P27,1	168	171
P14,2	172	175
P6,3	176	179
P20,1	180	180
P28,1	181	184
P1,1	185	188
P4,3	189	191
P13,2	192	192
P29,1	193	196
P21,1	197	197
P17,2	198	199
P3,1	200	203
P18,2	204	205
P30,1	206	206
P31,1	207	209
P32,1	210	213
P11,2	214	216
P33,1	217	220
P5,3	221	222
P19,2	223	223
P34,1	224	225
P2,4	226	229
P8,3	230	233
P15,1	234	237
P35,1	238	241
P24,1	242	245
P36,1	246	249
P37,1	250	253
P38,1	254	257
P10,3	258	261
P27,1	262	265
P12,3	266	269
P9,3	270	273
P22,2	274	277
P14,2	278	278
P39,1	279	282
P40,1	283	284
P7,4	285	288
P16,2	289	292
P6,3	293	293
P41,1	294	297
P28,1	298	299
P26,2	300	303
P25,2	304	306
P1,1	307	310
P42,1	311	314
P43,1	315	318
P23,2	319	322
P44,1	323	323
P45,1	324	327
P20,2	328	330
P3,1	331	334
P46,1	335	335
P47,1	336	339
P4,4	340	342
P48,1	343	346
P32,1	347	350
P49,1	351	354
P50,1	355	358
P33,1	359	362
P21,2	363	364
P29,2	365	368
P51,1	369	372
P52,1	373	376
P17,3	377	380
P53,1	381	384
P13,3	385	387
P2,4	388	388
P54,1	389	392
P15,1	393	396
P55,1	397	400
P19,3	401	401
P56,1	402	402
P57,1	403	405
P35,1	406	406
P30,2	407	410
P18,3	411	413
P5,4	414	417
P58,1	418	420
P59,1	421	423
P24,1	424	427
P31,2	428	429
P11,3	430	433
P60,1	434	437
P61,1	438	438
P8,4	439	442
P34,2	443	446
P38,1	447	450
P62,1	451	454
P10,3	455	456
P63,1	457	460
P27,1	461	464
P64,1	465	468
P36,2	469	469
P12,3	470	470
P65,1	471	473
P66,1	474	477
P9,3	478	478
P67,1	479	479
P22,2	480	480
P68,1	481	484
P69,1	485	488
P70,1	489	491
P71,1	492	495
P39,1	496	497
P72,1	498	501
P37,2	502	505
P73,1	506	509
P74,1	510	512
P14,3	513	516
P75,1	517	517
P76,1	518	520
P77,1	521	521
P78,1	522	524
P1,1	525	528
P7,5	529	532
P40,2	533	535
P79,1	536	536
P28,2	537	539
P26,3	540	543
P43,1	544	547
P80,1	548	551
P23,2	552	553
P81,1	554	557
P41,2	558	560
P16,3	561	564
P6,4	565	567
P45,1	568	569
P82,1	570	572
P83,1	573	576
P84,1	577	579
P3,1	580	583
P85,1	584	587
P47,1	588	588
P42,2	589	592
P25,3	593	595
P48,1	596	597
P86,1	598	601
P32,1	602	605
P49,1	606	607
P87,1	608	608
P50,1	609	610
P44,2	611	614
P88,1	615	615
P20,3	616	616
P33,1	617	620
P89,1	621	623
P29,2	624	625
P46,2	626	626
P90,1	627	629
P51,1	630	633
P91,1	634	637
P92,1	638	641
P52,1	642	645
P93,1	646	647
P94,1	648	650
P4,5	651	654
P17,3	655	655
P95,1	656	657
P54,1	658	658
P21,3	659	659
P96,1	660	663
P15,1	664	667
P55,1	668	669
P13,4	670	673
P97,1	674	675
P53,2	676	679
P30,2	680	681
P98,1	682	684
P2,5	685	688
P56,2	689	692
P99,1	693	696
P100,1	697	700
P101,1	701	701
P24,1	702	705
P102,1	706	709
P19,4	710	713
P35,2	714	717
P11,3	718	719
P103,1	720	723
P18,4	724	727
P57,2	728	730
P58,2	731	734
P60,1	735	735
P104,1	736	739
P105,1	740	743
P8,4	744	744
P106,1	745	748
P38,1	749	752
P107,1	753	756
P62,1	757	757
P5,5	758	760
P59,2	761	764
P63,1	765	768
P108,1	769	772
P109,1	773	775
P27,1	776	779
P61,2	780	783
P31,3	784	784
P64,1	785	785
P110,1	786	786
P111,1	787	788
P66,1	789	789
P34,3	790	793
P112,1	794	794
P113,1	795	795
P114,1	796	799
P69,1	800	803
P115,1	804	807
P65,2	808	810
P10,4	811	812
P36,3	813	816
P116,1	817	820
P71,1	821	821
P117,1	822	824
P118,1	825	828
P12,4	829	831
P72,1	832	832
P68,2	833	836
P37,2	837	837
P119,1	838	841
P22,3	842	844
P73,1	845	848
P67,2	849	849
P9,4	850	851
P70,2	852	853
P120,1	854	856
P39,2	857	859
P121,1	860	861
P74,2	862	862
P1,1	863	866
P7,5	867	867
P122,1	868	871
P77,2	872	872
P123,1	873	876
P75,2	877	877
P43,1	878	881
P76,2	882	885
P124,1	886	889
P125,1	890	893
P126,1	894	895
P80,1	896	896
P127,1	897	900
P14,4	901	903
P81,1	904	907
P128,1	908	911
P40,3	912	915
P28,3	916	917
P78,2	918	919
P129,1	920	921
P130,1	922	923
P131,1	924	925
P132,1	926	929
P23,3	930	933
P79,2	934	937
P83,1	938	941
P133,1	942	945
P134,1	946	946
P26,4	947	949
P135,1	950	953
P3,1	954	957
P6,5	958	959
P136,1	960	963
P137,1	964	967
P138,1	968	971
P139,1	972	974
P82,2	975	978
P16,4	979	982
P42,2	983	983
P140,1	984	987
P41,3	988	991
P45,2	992	992
P86,1	993	993
P141,1	994	994
P84,2	995	998
P32,1	999	1002
P47,2	1003	1005
P85,2	1006	1009
P142,1	1010	1013
P143,1	1014	1017
P44,2	1018	1019
P144,1	1020	1023
P25,4	1024	1027
P33,1	1028	1031
P145,1	1032	1035
P146,1	1036	1039
P147,1	1040	1043
P87,2	1044	1046
P51,1	1047	1050
P148,1	1051	1051
P50,2	1052	1055
P48,2	1056	1057
P91,1	1058	1059
P149,1	1060	1063
P92,1	1064	1067
P88,2	1068	1069
P20,4	1070	1071
P52,1	1072	1075
P46,3	1076	1077
P49,2	1078	1078
P150,1	1079	1079
P151,1	1080	1080
P89,2	1081	1084
P29,3	1085	1087
P152,1	1088	1091
P153,1	1092	1092
P154,1	1093	1095
P96,1	1096	1097
P155,1	1098	1101
P15,1	1102	1105
P156,1	1106	1109
P90,2	1110	1110
P13,4	1111	1112
P157,1	1113	1116
P93,2	1117	1120
P53,2	1121	1122
P4,6	1123	1126
P94,2	1127	1130
P54,2	1131	1134
P21,4	1135	1136
P158,1	1137	1138
P95,2	1139	1142
P17,4	1143	1145
P2,5	1146	1146
P55,2	1147	1150
P159,1	1151	1152
P160,1	1153	1153
P161,1	1154	1154
P99,1	1155	1156
P100,1	1157	1157
P97,2	1158	1159
P162,1	1160	1163
P163,1	1164	1167
P24,1	1168	1171
P98,2	1172	1173
P56,3	1174	1176
P102,1	1177	1178
P164,1	1179	1182
P30,3	1183	1184
P19,4	1185	1185
P35,2	1186	1187
P165,1	1188	1188
P103,1	1189	1192
P18,4	1193	1193
P166,1	1194	1197
P58,2	1198	1199
P167,1	1200	1202
P104,1	1203	1204
P11,4	1205	1207
P101,2	1208	1208
P168,1	1209	1212
P105,1	1213	1216
P169,1	1217	1218
P170,1	1219	1219
P57,3	1220	1223
P171,1	1224	1225
P60,2	1226	1229
P172,1	1230	1233
P38,1	1234	1237
P107,1	1238	1238
P173,1	1239	1242
P8,5	1243	1246
P174,1	1247	1250
P63,1	1251	1254
P175,1	1255	1258
P108,1	1259	1259
P176,1	1260	1263
P62,2	1264	1267
P27,1	1268	1271
P177,1	1272	1275
P61,2	1276	1276
P106,2	1277	1280
P59,3	1281	1284
P178,1	1285	1288
P179,1	1289	1292
P180,1	1293	1296
P5,6	1297	1298
P114,1	1299	1300
P109,2	1301	1302
P69,1	1303	1306
P115,1	1307	1310
P111,2	1311	1312
P34,4	1313	1313
P31,4	1314	1317
P110,2	1318	1320
P66,2	1321	1324
P116,1	1325	1326
P64,2	1327	1330
P113,2	1331	1334
P112,2	1335	1337
P65,3	1338	1339
P181,1	1340	1343
P73,1	1344	1347
P10,5	1348	1351
P36,4	1352	1352
P68,3	1353	1356
P71,2	1357	1360
P12,5	1361	1363
P119,2	1364	1367
P22,4	1368	1371
P118,2	1372	1373
P117,2	1374	1377
P72,2	1378	1378
P1,1	1379	1382
P37,3	1383	1385
P122,1	1386	1387
P123,1	1388	1388
P182,1	1389	1392
P70,3	1393	1396
P121,2	1397	1400
P43,1	1401	1404
P39,3	1405	1406
P9,5	1407	1407
P183,1	1408	1411
P67,3	1412	1412
P124,1	1413	1413
P120,2	1414	1417
P125,1	1418	1421
P7,6	1422	1423
P74,3	1424	1427
P184,1	1428	1431
P81,1	1432	1435
P77,3	1436	1439
P75,3	1440	1442
P128,1	1443	1443
P76,3	1444	1447
P80,2	1448	1449
P126,2	1450	1451
P127,2	1452	1453
P14,5	1454	1457
P132,1	1458	1458
P28,4	1459	1459
P23,3	1460	1461
P79,2	1462	1463
P83,1	1464	1467
P129,2	1468	1471
P131,2	1472	1475
P78,3	1476	1479
P40,4	1480	1483
P3,1	1484	1487
P130,2	1488	1491
P136,1	1492	1493
P185,1	1494	1497
P137,1	1498	1501
P133,2	1502	1502
P138,1	1503	1503
P135,2	1504	1507
P134,2	1508	1511
P16,4	1512	1513
P26,5	1514	1517
P6,6	1518	1520
P140,1	1521	1521
P41,3	1522	1522
P84,2	1523	1524
P139,2	1525	1528
P32,1	1529	1532
P42,3	1533	1536
P85,2	1537	1537
P82,3	1538	1541
P142,1	1542	1543
P86,2	1544	1547
P143,1	1548	1551
P186,1	1552	1555
P45,3	1556	1559
P47,3	1560	1560
P141,2	1561	1561
P33,1	1562	1565
P187,1	1566	1569
P145,1	1570	1570
P146,1	1571	1574
P147,1	1575	1575
P144,2	1576	1579
P44,3	1580	1583
P51,1	1584	1587
P25,5	1588	1588
P188,1	1589	1592
P149,1	1593	1593
P92,1	1594	1597
P148,2	1598	1601
P52,1	1602	1605
P50,3	1606	1609
P91,2	1610	1613
P89,2	1614	1614
P87,3	1615	1616
P88,3	1617	1620
P20,5	1621	1623
P152,1	1624	1627
P48,3	1628	1631
P150,2	1632	1634
P46,4	1635	1637
P49,3	1638	1641
P155,1	1642	1645
P189,1	1646	1649
P15,1	1650	1653
P154,2	1654	1657
P29,4	1658	1661
P151,2	1662	1665
P157,1	1666	1666
P96,2	1667	1669
P4,6	1670	1670
P190,1	1671	1674
P153,2	1675	1675
P156,2	1676	1678
P94,2	1679	1680
P54,2	1681	1681
P90,3	1682	1685
P95,2	1686	1686
P13,5	1687	1690
P93,3	1691	1693
P53,3	1694	1697
P55,2	1698	1698
P21,5	1699	1699
P2,6	1700	1703
P162,1	1704	1707
P24,1	1708	1711
P100,2	1712	1715
P17,5	1716	1719
P158,2	1720	1723
P161,2	1724	1727
P159,2	1728	1731
P191,1	1732	1735
P192,1	1736	1739
P160,2	1740	1743
P98,3	1744	1747
P103,1	1748	1751
P97,3	1752	1752
P99,2	1753	1756
P164,2	1757	1758
P166,1	1759	1759
P163,2	1760	1760
P165,2	1761	1763
P19,5	1764	1767
P18,5	1768	1771
P56,4	1772	1775
P168,1	1776	1779
P105,1	1780	1783
P102,2	1784	1787
P35,3	1788	1791
P58,3	1792	1793
P104,2	1794	1794
P193,1	1795	1798
P167,2	1799	1802
P57,3	1803	1804
P30,4	1805	1807
P60,2	1808	1809
P172,1	1810	1811
P38,1	1812	1815
P11,5	1816	1819
P169,2	1820	1822
P101,3	1823	1824
P173,1	1825	1826
P194,1	1827	1830
P171,2	1831	1831
P8,5	1832	1832
P174,1	1833	1834
P63,1	1835	1838
P170,2	1839	1840
P175,1	1841	1844
P176,1	1845	1846
P62,2	1847	1847
P27,1	1848	1851
P177,1	1852	1852
P107,2	1853	1855
P106,2	1856	1857
P195,1	1858	1861
P59,3	1862	1862
P108,2	1863	1865
P178,1	1866	1867
P179,1	1868	1869
P180,1	1870	1873
P61,3	1874	1877
P69,1	1878	1881
P115,1	1882	1885
P31,4	1886	1887
P111,3	1888	1891
P113,2	1892	1892
P114,2	1893	1896
P109,3	1897	1899
P196,1	1900	1903
P34,5	1904	1905
P181,1	1906	1909
P66,3	1910	1912
P73,1	1913	1916
P197,1	1917	1920
P64,3	1921	1924
P68,3	1925	1925
P110,3	1926	1929
P71,2	1930	1931
P116,2	1932	1934
P119,2	1935	1935
P36,5	1936	1936
P112,3	1937	1940
P65,4	1941	1941
P10,6	1942	1944
P1,1	1945	1948
P118,3	1949	1952
P198,1	1953	1956
P12,6	1957	1959
P182,1	1960	1963
P117,3	1964	1967
P70,3	1968	1969
P22,5	1970	1973
P37,4	1974	1976
P43,1	1977	1980
P183,1	1981	1984
P122,2	1985	1988
P72,3	1989	1992
P199,1	1993	1996
P125,1	1997	2000
P123,2	2001	2001
P121,3	2002	2005
P74,3	2006	2006
P9,6	2007	2010
P184,1	2011	2014
P81,1	2015	2018
P200,1	2019	2022
P77,3	2023	2024
P39,4	2025	2028
P7,7	2029	2032
P124,2	2033	2036
P67,4	2037	2039
P120,3	2040	2043
P128,2	2044	2046
P75,4	2047	2050
P80,3	2051	2054
P83,1	2055	2058
P126,3	2059	2062
P129,2	2063	2064
P14,6	2065	2068
P76,4	2069	2072
P131,2	2073	2073
P127,3	2074	2077
P23,4	2078	2080
P40,4	2081	2081
P28,5	2082	2083
P132,2	2084	2087
P79,3	2088	2091
P3,1	2092	2095
P130,2	2096	2096
P185,1	2097	2100
P137,1	2101	2104
P135,2	2105	2106
P136,2	2107	2110
P78,4	2111	2111
P26,5	2112	2113
P32,1	2114	2117
P133,3	2118	2121
P42,3	2122	2123
P134,3	2124	2127
P140,2	2128	2131
P82,3	2132	2132
P138,2	2133	2136
P86,2	2137	2137
P16,5	2138	2140
P143,1	2141	2144
P6,7	2145	2148
P41,4	2149	2149
P186,1	2150	2153
P139,3	2154	2157
P45,3	2158	2158
P84,3	2159	2161
P33,1	2162	2165
P142,2	2166	2169
P187,1	2170	2173
P85,3	2174	2176
P146,1	2177	2180
P144,2	2181	2181
P141,3	2182	2182
P47,4	2183	2186
P44,3	2187	2187
P51,1	2188	2191
P188,1	2192	2195
P92,1	2196	2199
P145,2	2200	2202
P148,2	2203	2204
P52,1	2205	2208
P50,3	2209	2209
P149,2	2210	2211
P147,2	2212	2214
P25,6	2215	2218
P88,3	2219	2220
P152,1	2221	2224
P87,4	2225	2228
P48,3	2229	2229
P91,3	2230	2233
P89,3	2234	2237
P49,3	2238	2239
P155,1	2240	2243
P189,1	2244	2247
P20,6	2248	2249
P15,1	2250	2253
P154,2	2254	2255
P29,4	2256	2257
P150,3	2258	2261
P151,2	2262	2262
P46,5	2263	2266
P190,1	2267	2270
P157,2	2271	2271
P90,3	2272	2272
P4,7	2273	2274
P13,5	2275	2276
P53,3	2277	2277
P156,3	2278	2281
P96,3	2282	2285
P153,3	2286	2288
P95,3	2289	2292
P94,3	2293	2296
P162,1	2297	2300
P54,3	2301	2304
P24,1	2305	2308
P93,4	2309	2312
P158,2	2313	2314
P55,3	2315	2316
P161,2	2317	2318
P159,2	2319	2319
P191,1	2320	2323
P2,7	2324	2324
P192,1	2325	2328
P17,6	2329	2332
P98,3	2333	2334
P103,1	2335	2338
P100,3	2339	2341
P99,2	2342	2342
P19,5	2343	2344
P97,4	2345	2345
P18,5	2346	2346
P56,4	2347	2348
P164,3	2349	2352
P163,3	2353	2353
P168,1	2354	2357
P160,3	2358	2360
P105,1	2361	2364
P102,2	2365	2366
P35,3	2367	2368
P165,3	2369	2372
P166,2	2373	2375
P193,1	2376	2379
P38,1	2380	2383
P11,5	2384	2384
P57,4	2385	2385
P60,3	2386	2388
P58,4	2389	2392
P194,1	2393	2396
P167,3	2397	2399
P104,3	2400	2403
P172,2	2404	2407
P63,1	2408	2411
P101,4	2412	2415
P30,5	2416	2419
P175,1	2420	2423
P171,3	2424	2427
P27,1	2428	2431
P169,3	2432	2433
P173,2	2434	2437
P195,1	2438	2441
P174,2	2442	2445
P176,2	2446	2449
P8,6	2450	2450
P170,3	2451	2454
P180,1	2455	2458
P177,2	2459	2462
P61,3	2463	2464
P108,3	2465	2465
P69,1	2466	2469
P62,3	2470	2470
P115,1	2471	2474
P106,3	2475	2477
P179,2	2478	2480
P107,3	2481	2481
P111,3	2482	2483
P178,2	2484	2485
P114,2	2486	2487
P59,4	2488	2491
P196,1	2492	2495
P181,1	2496	2499
P113,3	2500	2501
P73,1	2502	2505
P197,1	2506	2509
P34,6	2510	2513
P31,5	2514	2517
P109,4	2518	2521
P112,3	2522	2522
P68,4	2523	2523
P1,1	2524	2527
P66,4	2528	2528
P71,3	2529	2530
P36,6	2531	2534
P118,3	2535	2536
P198,1	2537	2540
P116,3	2541	2542
P64,4	2543	2546
P182,1	2547	2550
P119,3	2551	2552
P110,4	2553	2553
P65,5	2554	2555
P22,5	2556	2556
P43,1	2557	2560
P10,7	2561	2561
P12,7	2562	2565
P183,1	2566	2569
P117,4	2570	2573
P122,2	2574	2575
P72,3	2576	2577
P199,1	2578	2581
P125,1	2582	2585
P70,4	2586	2589
P121,3	2590	2591
P37,5	2592	2592
P9,6	2593	2594
P184,1	2595	2598
P81,1	2599	2602
P74,4	2603	2604
P200,1	2605	2608
P39,4	2609	2609
P123,3	2610	2612
P7,7	2613	2613
P124,2	2614	2615
P77,4	2616	2619
P75,4	2620	2620
P80,3	2621	2622
P83,1	2623	2626
P126,3	2627	2627
P120,4	2628	2631
P128,3	2632	2633
P14,6	2634	2635
P76,4	2636	2636
P67,5	2637	2640
P127,3	2641	2641
P79,3	2642	2642
P3,1	2643	2646
P185,1	2647	2650
P129,3	2651	2651
P137,1	2652	2655
P131,3	2656	2659
P23,5	2660	2663
P136,2	2664	2664
P132,3	2665	2668
P32,1	2669	2672
P40,5	2673	2675
P133,3	2676	2677
P28,6	2678	2681
P135,3	2682	2682
P78,5	2683	2686
P26,6	2687	2690
P130,3	2691	2694
P138,2	2695	2696
P42,4	2697	2698
P143,1	2699	2702
P6,7	2703	2704
P82,4	2705	2705
P186,1	2706	2709
P140,3	2710	2713
P86,3	2714	2716
P134,4	2717	2717
P33,1	2718	2721
P187,1	2722	2725
P16,6	2726	2729
P146,1	2730	2733
P139,4	2734	2737
P47,4	2738	2738
P41,5	2739	2742
P45,4	2743	2744
P51,1	2745	2748
P188,1	2749	2752
P84,4	2753	2756
P142,3	2757	2758
P92,1	2759	2762
P141,4	2763	2764
P144,3	2765	2768
P52,1	2769	2772
P85,4	2773	2773
P44,4	2774	2777
P148,3	2778	2781
P152,1	2782	2785
P87,4	2786	2786
P145,3	2787	2789
P91,3	2790	2790
P149,3	2791	2794
P147,3	2795	2795
P89,3	2796	2796
P155,1	2797	2800
P50,4	2801	2803
P189,1	2804	2807
P48,4	2808	2809
P88,4	2810	2811
P15,1	2812	2815
P49,4	2816	2816
P20,7	2817	2820
P46,5	2821	2821
P190,1	2822	2825
P154,3	2826	2827
P156,3	2828	2829
P13,6	2830	2833
P29,5	2834	2836
P95,3	2837	2838
P150,4	2839	2842
P94,3	2843	2843
P157,3	2844	2845
P90,4	2846	2849
P151,3	2850	2850
P162,1	2851	2854
P53,4	2855	2858
P96,4	2859	2862
P153,4	2863	2865
P24,1	2866	2869
P93,4	2870	2871
P191,1	2872	2875
P54,4	2876	2879
P192,1	2880	2883
P17,6	2884	2885
P103,1	2886	2889
P158,3	2890	2893
P159,3	2894	2895
P161,3	2896	2897
P55,4	2898	2900
P2,8	2901	2901
P98,4	2902	2905
P168,1	2906	2909
P105,1	2910	2913
P18,6	2914	2916
P99,3	2917	2919
P165,3	2920	2920
P100,4	2921	2922
P19,6	2923	2926
P97,5	2927	2929
P193,1	2930	2933
P164,4	2934	2934
P102,3	2935	2935
P38,1	2936	2939
P163,4	2940	2943
P56,5	2944	2947
P166,3	2948	2948
P58,4	2949	2950
P194,1	2951	2954
P160,4	2955	2956
P11,6	2957	2960
P104,3	2961	2962
P35,4	2963	2966
P172,2	2967	2968
P63,1	2969	2972
P57,5	2973	2975
P101,4	2976	2976
P60,4	2977	2980
P30,5	2981	2981
P175,1	2982	2985
P171,3	2986	2986
P167,4	2987	2987
P27,1	2988	2991
P195,1	2992	2995
P174,2	2996	2997
P176,2	2998	2998
P170,3	2999	3000
P169,4	3001	3004
P180,1	3005	3008
P177,2	3009	3009
P69,1	3010	3013
P173,3	3014	3015
P115,1	3016	3019
P8,7	3020	3023
P108,4	3024	3024
P59,4	3025	3026
P196,1	3027	3030
P111,4	3031	3034
P106,4	3035	3036
P107,4	3037	3037
P181,1	3038	3041
P179,3	3042	3045
P61,4	3046	3048
P62,4	3049	3050
P73,1	3051	3054
P178,3	3055	3056
P197,1	3057	3060
P34,6	3061	3062
P109,4	3063	3064
P114,3	3065	3068
P1,1	3069	3072
P113,4	3073	3076
P36,6	3077	3078
P198,1	3079	3082
P31,6	3083	3083
P64,4	3084	3084
P112,4	3085	3088
P68,5	3089	3090
P182,1	3091	3094
P66,5	3095	3096
P71,4	3097	3098
P43,1	3099	3102
P116,4	3103	3106
P118,4	3107	3110
P183,1	3111	3114
P65,6	3115	3117
P117,4	3118	3118
P22,6	3119	3122
P10,8	3123	3125
P119,4	3126	3129
P12,8	3130	3132
P199,1	3133	3136
P110,5	3137	3138
P125,1	3139	3142
P122,3	3143	3146
P72,4	3147	3148
P184,1	3149	3152
P81,1	3153	3156
P200,1	3157	3160
P121,4	3161	3161
P70,5	3162	3164
P37,6	3165	3165
P77,4	3166	3166
P74,5	3167	3167
P83,1	3168	3171
P7,8	3172	3174
P9,7	3175	3176
P75,5	3177	3180
P39,5	3181	3184
P123,4	3185	3185
P80,4	3186	3189
P124,3	3190	3193
P126,4	3194	3197
P3,1	3198	3201
P185,1	3202	3205
P137,1	3206	3209
P127,4	3210	3213
P79,4	3214	3217
P132,3	3218	3218
P120,5	3219	3220
P128,4	3221	3221
P32,1	3222	3225
P76,5	3226	3229
P14,7	3230	3233
P136,3	3234	3236
P28,6	3237	3238
P129,4	3239	3242
P131,4	3243	3246
P78,5	3247	3248
P40,6	3249	3252
P26,6	3253	3254
P23,6	3255	3256
P130,3	3257	3258
P133,4	3259	3262
P135,4	3263	3266
P143,1	3267	3270
P186,1	3271	3274
P33,1	3275	3278
P42,5	3279	3280
P187,1	3281	3284
P16,6	3285	3286
P146,1	3287	3290
P138,3	3291	3294
P6,8	3295	3296
P139,4	3297	3297
P82,5	3298	3298
P140,4	3299	3299
P86,4	3300	3303
P51,1	3304	3307
P134,5	3308	3311
P188,1	3312	3315
P41,6	3316	3319
P92,1	3320	3323
P47,5	3324	3327
P144,3	3328	3328
P52,1	3329	3332
P45,5	3333	3335
P142,4	3336	3336
P152,1	3337	3340
P84,5	3341	3344
P149,3	3345	3346
P141,5	3347	3347
P155,1	3348	3351
P148,4	3352	3355
P91,4	3356	3356
P44,5	3357	3360
P189,1	3361	3364
P87,5	3365	3368
P85,5	3369	3371
P145,4	3372	3375
P147,4	3376	3377
P15,1	3378	3381
P190,1	3382	3385
P89,4	3386	3387
P13,6	3388	3389
P48,5	3390	3393
P88,5	3394	3394
P50,5	3395	3398
P150,4	3399	3399
P156,4	3400	3400
P49,5	3401	3401
P90,4	3402	3403
P20,8	3404	3404
P95,4	3405	3408
P162,1	3409	3412
P154,4	3413	3416
P46,6	3417	3420
P29,6	3421	3424
P94,4	3425	3426
P24,1	3427	3430
P151,4	3431	3434
P53,5	3435	3436
P191,1	3437	3440
P153,5	3441	3444
P157,4	3445	3448
P192,1	3449	3452
P96,5	3453	3456
P103,1	3457	3460
P158,3	3461	3461
P54,5	3462	3465
P93,5	3466	3469
P168,1	3470	3473
P105,1	3474	3477
P159,4	3478	3480
P17,7	3481	3481
P2,9	3482	3483
P55,5	3484	3487
P19,6	3488	3489
P161,4	3490	3493
P193,1	3494	3497
P99,4	3498	3501
P38,1	3502	3505
P98,5	3506	3509
P163,4	3510	3511
P56,5	3512	3513
P18,7	3514	3515
P194,1	3516	3519
P164,5	3520	3520
P165,4	3521	3521
P100,5	3522	3525
P11,6	3526	3527
P97,6	3528	3531
P166,4	3532	3534
P160,5	3535	3538
P102,4	3539	3540
P63,1	3541	3544
P58,5	3545	3547
P60,4	3548	3549
P172,3	3550	3551
P175,1	3552	3555
P104,4	3556	3559
P27,1	3560	3563
P57,6	3564	3567
P195,1	3568	3571
P101,5	3572	3575
P169,4	3576	3577
P35,5	3578	3581
P171,4	3582	3584
P180,1	3585	3588
P69,1	3589	3592
P174,3	3593	3593
P30,6	3594	3594
P115,1	3595	3598
P170,4	3599	3599
P167,5	3600	3601
P8,7	3602	3603
P196,1	3604	3607
P177,3	3608	3611
P111,4	3612	3612
P176,3	3613	3616
P173,4	3617	3618
P181,1	3619	3622
P108,5	3623	3625
P59,5	3626	3627
P73,1	3628	3631
P106,5	3632	3633
P107,5	3634	3635
P197,1	3636	3639
P179,4	3640	3643
P114,3	3644	3645
P1,1	3646	3649
P113,4	3650	3650
P109,5	3651	3654
P198,1	3655	3658
P61,5	3659	3661
P62,5	3662	3664
P34,7	3665	3665
P178,4	3666	3667
P182,1	3668	3671
P31,7	3672	3675
P64,5	3676	3679
P43,1	3680	3683
P116,4	3684	3684
P112,5	3685	3687
P118,4	3688	3689
P183,1	3690	3693
P68,6	3694	3696
P66,6	3697	3697
P22,6	3698	3698
P71,5	3699	3702
P119,4	3703	3703
P199,1	3704	3707
P125,1	3708	3711
P10,9	3712	3712
P122,3	3713	3714
P65,7	3715	3718
P184,1	3719	3722
P117,5	3723	3723
P81,1	3724	3727
P200,1	3728	3731
P12,9	3732	3735
P110,6	3736	3739
P83,1	3740	3743
P75,5	3744	3744
P72,5	3745	3748
P70,6	3749	3752
P39,5	3753	3754
P121,5	3755	3758
P77,5	3759	3759
P80,4	3760	3760
P7,9	3761	3762
P3,1	3763	3766
P37,7	3767	3770
P9,8	3771	3772
P185,1	3773	3776
P137,1	3777	3780
P123,5	3781	3784
P124,4	3785	3785
P79,4	3786	3786
P32,1	3787	3790
P126,5	3791	3794
P127,5	3795	3796
P14,7	3797	3798
P120,6	3799	3802
P131,4	3803	3803
P128,5	3804	3807
P132,4	3808	3809
P28,7	3810	3813
P76,6	3814	3817
P133,4	3818	3819
P135,4	3820	3820
P143,1	3821	3824
P186,1	3825	3828
P136,4	3829	3832
P129,5	3833	3835
P33,1	3836	3839
P26,7	3840	3842
P78,6	3843	3843
P187,1	3844	3847
P23,7	3848	3851
P40,7	3852	3855
P130,4	3856	3859
P146,1	3860	3863
P138,3	3864	3864
P51,1	3865	3868
P134,5	3869	3869
P82,6	3870	3873
P188,1	3874	3877
P6,9	3878	3881
P41,6	3882	3882
P16,7	3883	3886
P92,1	3887	3890
P47,5	3891	3892
P86,5	3893	3893
P52,1	3894	3897
P139,5	3898	3901
P140,5	3902	3902
P152,1	3903	3906
P45,6	3907	3908
P155,1	3909	3912
P148,4	3913	3914
P44,5	3915	3916
P144,4	3917	3919
P84,6	3920	3921
P189,1	3922	3925
P141,6	3926	3929
P87,5	3930	3930
P91,5	3931	3934
P142,5	3935	3937
P149,4	3938	3941
P15,1	3942	3945
P190,1	3946	3949
P145,5	3950	3951
P50,5	3952	3952
P147,5	3953	3955
P13,7	3956	3958
P48,6	3959	3962
P95,4	3963	3963
P85,6	3964	3967
P162,1	3968	3971
P89,5	3972	3975
P156,5	3976	3977
P90,5	3978	3981
P29,6	3982	3983
P24,1	3984	3987
P150,5	3988	3988
P151,4	3989	3990
P49,6	3991	3991
P191,1	3992	3995
P20,9	3996	3996
P153,5	3997	3998
P46,7	3999	4002
P154,5	4003	4004
P157,4	4005	4005
P94,5	4006	4006
P192,1	4007	4010
P96,5	4011	4011
P103,1	4012	4015
P53,6	4016	4019
P54,5	4020	4021
P168,1	4022	4025
P105,1	4026	4029
P158,4	4030	4033
P55,5	4034	4035
P93,6	4036	4039
P161,4	4040	4041
P193,1	4042	4045
P159,5	4046	4049
P99,4	4050	4051
P17,8	4052	4055
P38,1	4056	4059
P19,7	4060	4062
P194,1	4063	4066
P2,10	4067	4069
P100,5	4070	4070
P18,8	4071	4072
P160,5	4073	4074
P98,6	4075	4076
P56,6	4077	4079
P63,1	4080	4083
P163,5	4084	4087
P175,1	4088	4091
P165,5	4092	4095
P164,6	4096	4099
P104,4	4100	4101
P11,7	4102	4105
P27,1	4106	4109
P97,7	4110	4113
P166,5	4114	4116
P57,6	4117	4117
P195,1	4118	4121
P101,5	4122	4122
P102,5	4123	4126
P35,5	4127	4128
P60,5	4129	4132
P172,4	4133	4136
P58,6	4137	4137
P180,1	4138	4141
P69,1	4142	4145
P115,1	4146	4149
P196,1	4150	4153
P30,7	4154	4157
P177,3	4158	4158
P169,5	4159	4162
P167,6	4163	4165
P176,3	4166	4167
P171,5	4168	4171
P174,4	4172	4175
P181,1	4176	4179
P170,5	4180	4183
P73,1	4184	4187
P8,8	4188	4189
P197,1	4190	4193
P179,4	4194	4194
P111,5	4195	4198
P1,1	4199	4202
P59,6	4203	4206
P173,5	4207	4210
P198,1	4211	4214
P108,6	4215	4218
P113,5	4219	4222
P109,6	4223	4225
P182,1	4226	4229
P107,6	4230	4233
P114,4	4234	4234
P31,7	4235	4236
P64,5	4237	4237
P43,1	4238	4241
P34,8	4242	4243
P183,1	4244	4247
P178,5	4248	4250
P61,6	4251	4252
P62,6	4253	4253
P116,5	4254	4255
P199,1	4256	4259
P125,1	4260	4263
P112,6	4264	4267
P68,7	4268	4269
P65,7	4270	4270
P22,7	4271	4273
P184,1	4274	4277
P118,5	4278	4279
P81,1	4280	4283
P71,6	4284	4285
P200,1	4286	4289
P66,7	4290	4292
P12,9	4293	4294
P119,5	4295	4296
P10,10	4297	4300
P110,6	4301	4302
P83,1	4303	4306
P122,4	4307	4310
P72,5	4311	4312
P70,6	4313	4313
P121,5	4314	4314
P117,6	4315	4315
P3,1	4316	4319
P37,7	4320	4320
P75,6	4321	4321
P185,1	4322	4325
P7,10	4326	4328
P137,1	4329	4332
P80,5	4333	4336
P39,6	4337	4340
P123,5	4341	4341
P32,1	4342	4345
P77,6	4346	4347
P9,9	4348	4351
P128,5	4352	4352
P28,7	4353	4354
P76,6	4355	4355
P124,5	4356	4357
P79,5	4358	4360
P127,6	4361	4362
P143,1	4363	4366
P120,7	4367	4370
P131,5	4371	4371
P186,1	4372	4375
P126,6	4376	4379
P136,4	4380	4381
P14,8	4382	4385
P133,5	4386	4388
P135,5	4389	4390
P33,1	4391	4394
P132,5	4395	4398
P187,1	4399	4402
P40,7	4403	4404
P129,6	4405	4406
P146,1	4407	4410
P23,8	4411	4411
P51,1	4412	4415
P188,1	4416	4419
P26,8	4420	4423
P6,9	4424	4425
P78,7	4426	4429
P16,7	4430	4431
P138,4	4432	4435
P92,1	4436	4439
P82,7	4440	4441
P130,5	4442	4445
P52,1	4446	4449
P134,6	4450	4452
P139,5	4453	4454
P152,1	4455	4458
P41,7	4459	4462
P155,1	4463	4466
P47,6	4467	4470
P189,1	4471	4474
P141,6	4475	4475
P86,6	4476	4476
P91,5	4477	4477
P140,6	4478	4481
P44,6	4482	4483
P148,5	4484	4487
P45,7	4488	4488
P149,4	4489	4489
P15,1	4490	4493
P190,1	4494	4497
P144,5	4498	4500
P87,6	4501	4501
P142,6	4502	4503
P84,7	4504	4505
P50,6	4506	4506
P85,6	4507	4507
P145,6	4508	4511
P162,1	4512	4515
P89,5	4516	4516
P147,6	4517	4520
P90,5	4521	4521
P48,7	4522	4525
P24,1	4526	4529
P191,1	4530	4533
P95,5	4534	4537
P29,7	4538	4541
P46,7	4542	4543
P156,6	4544	4545
P192,1	4546	4549
P20,10	4550	4553
P103,1	4554	4557
P151,5	4558	4561
P53,6	4562	4563
P49,7	4564	4567
P150,6	4568	4571
P168,1	4572	4575
P105,1	4576	4579
P153,6	4580	4580
P54,6	4581	4584
P93,6	4585	4586
P157,5	4587	4588
P94,6	4589	4589
P193,1	4590	4593
P96,6	4594	4597
P159,5	4598	4599
P17,8	4600	4601
P161,5	4602	4605
P158,5	4606	4609
P38,1	4610	4613
P194,1	4614	4617
P55,6	4618	4619
P99,5	4620	4622
P63,1	4623	4626
P19,8	4627	4628
P163,5	4629	4629
P175,1	4630	4633
P98,7	4634	4637
P2,11	4638	4641
P165,5	4642	4642
P164,6	4643	4644
P18,9	4645	4645
P100,6	4646	4647
P160,6	4648	4651
P11,7	4652	4652
P56,7	4653	4653
P27,1	4654	4657
P195,1	4658	4661
P60,5	4662	4662
P172,4	4663	4664
P104,5	4665	4665
P180,1	4666	4669
P97,8	4670	4671
P166,6	4672	4675
P101,6	4676	4679
P69,1	4680	4683
P57,7	4684	4687
P35,6	4688	4691
P115,1	4692	4695
P196,1	4696	4699
P58,7	4700	4703
P30,7	4704	4704
P169,5	4705	4705
P102,6	4706	4709
P171,5	4710	4710
P174,4	4711	4711
P181,1	4712	4715
P177,4	4716	4719
P73,1	4720	4723
P197,1	4724	4727
P176,4	4728	4728
P111,5	4729	4730
P167,7	4731	4733
P1,1	4734	4737
P59,6	4738	4738
P173,5	4739	4740
P198,1	4741	4744
P8,9	4745	4748
P108,6	4749	4749
P170,6	4750	4753
P179,5	4754	4755
P182,1	4756	4759
P107,6	4760	4760
P43,1	4761	4764
P183,1	4765	4768
P114,5	4769	4769
P199,1	4770	4773
P125,1	4774	4777
P34,9	4778	4781
P112,6	4782	4783
P61,7	4784	4786
P178,6	4787	4790
P64,6	4791	4793
P62,7	4794	4797
P184,1	4798	4801
P81,1	4802	4805
P116,6	4806	4807
P65,8	4808	4808
P200,1	4809	4812
P68,8	4813	4816
P118,6	4817	4820
P22,8	4821	4822
P83,1	4823	4826
P122,4	4827	4828
P71,7	4829	4830
P12,10	4831	4832
P10,11	4833	4833
P3,1	4834	4837
P119,6	4838	4838
P185,1	4839	4842
P66,8	4843	4846
P110,7	4847	4850
P137,1	4851	4854
P117,7	4855	4858
P75,7	4859	4862
P39,6	4863	4863
P32,1	4864	4867
P121,6	4868	4868
P37,8	4869	4872
P9,9	4873	4874
P7,11	4875	4876
P70,7	4877	4880
P143,1	4881	4884
P123,6	4885	4888
P77,7	4889	4890
P186,1	4891	4894
P28,8	4895	4898
P126,6	4899	4899
P76,7	4900	4901
P14,8	4902	4902
P120,8	4903	4904
P124,6	4905	4906
P33,1	4907	4910
P79,6	4911	4914
P132,5	4915	4915
P127,7	4916	4918
P187,1	4919	4922
P131,6	4923	4926
P146,1	4927	4930
P135,6	4931	4931
P133,6	4932	4934
P51,1	4935	4938
P188,1	4939	4942
P136,5	4943	4946
P26,8	4947	4947
P78,7	4948	4948
P23,9	4949	4950
P129,7	4951	4954
P138,4	4955	4956
P92,1	4957	4960
P40,8	4961	4962
P6,10	4963	4964
P52,1	4965	4968
P16,8	4969	4972
P152,1	4973	4976
P41,7	4977	4977
P155,1	4978	4981
P82,8	4982	4984
P139,6	4985	4987
P189,1	4988	4991
P140,6	4992	4992
P130,6	4993	4994
P148,5	4995	4996
P134,7	4997	5000
P47,7	5001	5004
P15,1	5005	5008
P190,1	5009	5012
P91,6	5013	5016
P45,8	5017	5018
P141,7	5019	5019
P162,1	5020	5023
P86,7	5024	5027
P44,7	5028	5031
P147,6	5032	5032
P149,5	5033	5034
P48,7	5035	5036
P142,7	5037	5037
P85,7	5038	5039
P24,1	5040	5043
P84,8	5044	5044
P144,6	5045	5048
P191,1	5049	5052
P87,7	5053	5056
P95,5	5057	5058
P29,7	5059	5059
P89,6	5060	5060
P90,6	5061	5063
P192,1	5064	5067
P145,7	5068	5071
P103,1	5072	5075
P151,5	5076	5077
P49,7	5078	5079
P150,6	5080	5081
P156,7	5082	5082
P168,1	5083	5086
P20,11	5087	5087
P105,1	5088	5091
P46,8	5092	5095
P54,6	5096	5096
P53,7	5097	5100
P193,1	5101	5104
P153,7	5105	5107
P158,5	5108	5108
P93,7	5109	5112
P38,1	5113	5116
P194,1	5117	5120
P17,9	5121	5124
P94,7	5125	5127
P63,1	5128	5131
P96,7	5132	5132
P175,1	5133	5136
P98,7	5137	5138
P159,6	5139	5140
P2,11	5141	5142
P163,6	5143	5146
P160,6	5147	5148
P27,1	5149	5152
P55,7	5153	5154
P195,1	5155	5158
P19,9	5159	5162
P165,6	5163	5165
P11,8	5166	5168
P180,1	5169	5172
P100,7	5173	5174
P18,10	5175	5175
P69,1	5176	5179
P164,7	5180	5181
P57,7	5182	5183
P56,8	5184	5185
P172,5	5186	5186
P104,6	5187	5190
P166,7	5191	5194
P115,1	5195	5198
P97,9	5199	5202
P196,1	5203	5206
P60,6	5207	5207
P58,7	5208	5209
P102,6	5210	5210
P101,7	5211	5212
P181,1	5213	5216
P73,1	5217	5220
P174,5	5221	5221
P197,1	5222	5225
P35,7	5226	5229
P30,8	5230	5230
P1,1	5231	5234
P171,6	5235	5237
P198,1	5238	5241
P176,5	5242	5245
P8,9	5246	5246
P177,5	5247	5249
P59,7	5250	5250
P167,8	5251	5251
P182,1	5252	5255
P43,1	5256	5259
P183,1	5260	5263
P111,6	5264	5266
P173,6	5267	5267
P179,6	5268	5271
P108,7	5272	5273
P170,7	5274	5276
P199,1	5277	5280
P125,1	5281	5284
P34,9	5285	5286
P178,6	5287	5288
P107,7	5289	5292
P184,1	5293	5296
P112,7	5297	5299
P81,1	5300	5303
P114,6	5304	5304
P200,1	5305	5308
P61,8	5309	5312
P68,8	5313	5313
P118,6	5314	5315
P64,7	5316	5317
P62,8	5318	5321
P83,1	5322	5325
P65,9	5326	5329
P3,1	5330	5333
P116,7	5334	5334
P185,1	5335	5338
P22,9	5339	5339
P66,8	5340	5340
P110,7	5341	5341
P122,5	5342	5345
P12,11	5346	5347
P137,1	5348	5351
P117,7	5352	5352
P75,7	5353	5353
P71,8	5354	5357
P32,1	5358	5361
P119,7	5362	5362
P143,1	5363	5366
P123,6	5367	5368
P9,10	5369	5371
P186,1	5372	5375
P121,7	5376	5376
P28,8	5377	5377
P39,7	5378	5381
P37,9	5382	5384
P33,1	5385	5388
P79,6	5389	5389
P126,7	5390	5393
P77,8	5394	5394
P14,9	5395	5398
P187,1	5399	5402
P124,7	5403	5406
P76,8	5407	5410
P131,6	5411	5412
P120,9	5413	5415
P146,1	5416	5419
P132,6	5420	5423
P51,1	5424	5427
P188,1	5428	5431
P127,8	5432	5432
P136,5	5433	5433
P129,7	5434	5434
P135,7	5435	5437
P92,1	5438	5441
P133,7	5442	5443
P78,8	5444	5447
P52,1	5448	5451
P26,9	5452	5452
P16,8	5453	5454
P152,1	5455	5458
P40,9	5459	5462
P6,11	5463	5466
P155,1	5467	5470
P138,5	5471	5471
P189,1	5472	5475
P41,8	5476	5477
P47,7	5478	5478
P15,1	5479	5482
P190,1	5483	5486
P140,7	5487	5487
P162,1	5488	5491
P139,7	5492	5495
P148,6	5496	5497
P130,7	5498	5499
P134,8	5500	5503
P24,1	5504	5507
P86,8	5508	5511
P144,6	5512	5512
P141,8	5513	5513
P45,9	5514	5516
P191,1	5517	5520
P149,6	5521	5524
P91,7	5525	5527
P87,7	5528	5529
P142,8	5530	5532
P147,7	5533	5536
P85,8	5537	5538
P192,1	5539	5542
P84,9	5543	5546
P145,7	5547	5548
P48,8	5549	5549
P29,8	5550	5553
P103,1	5554	5557
P89,7	5558	5561
P168,1	5562	5565
P105,1	5566	5569
P95,6	5570	5571
P90,7	5572	5573
P46,8	5574	5574
P53,7	5575	5575
P151,6	5576	5579
P193,1	5580	5583
P156,8	5584	5586
P20,12	5587	5587
P54,7	5588	5590
P93,7	5591	5591
P49,8	5592	5594
P150,7	5595	5598
P38,1	5599	5602
P194,1	5603	5606
P153,8	5607	5610
P63,1	5611	5614
P175,1	5615	5618
P158,6	5619	5622
P163,6	5623	5624
P27,1	5625	5628
P195,1	5629	5632
P94,8	5633	5636
P159,7	5637	5640
P19,9	5641	5641
P96,8	5642	5644
P98,8	5645	5647
P2,12	5648	5649
P180,1	5650	5653
P55,8	5654	5657
P69,1	5658	5661
P160,7	5662	5665
P165,7	5666	5669
P104,6	5670	5671
P18,11	5672	5674
P115,1	5675	5678
P196,1	5679	5682
P164,8	5683	5686
P57,8	5687	5687
P181,1	5688	5691
P172,6	5692	5693
P73,1	5694	5697
P56,9	5698	5700
P97,10	5701	5702
P197,1	5703	5706
P102,7	5707	5710
P60,7	5711	5711
P166,8	5712	5714
P1,1	5715	5718
P198,1	5719	5722
P101,8	5723	5723
P35,8	5724	5727
P176,5	5728	5728
P174,6	5729	5731
P58,8	5732	5735
P30,9	5736	5739
P171,7	5740	5743
P182,1	5744	5747
P43,1	5748	5751
P183,1	5752	5755
P179,6	5756	5757
P167,9	5758	5761
P8,10	5762	5765
P199,1	5766	5769
P173,7	5770	5773
P125,1	5774	5777
P177,6	5778	5781
P59,8	5782	5783
P107,7	5784	5785
P111,7	5786	5786
P170,8	5787	5789
P184,1	5790	5793
P81,1	5794	5797
P34,10	5798	5801
P200,1	5802	5805
P108,8	5806	5809
P61,8	5810	5810
P178,7	5811	5813
P114,7	5814	5817
P112,8	5818	5819
P83,1	5820	5823
P65,9	5824	5825
P118,7	5826	5829
P68,9	5830	5833
P64,8	5834	5837
P3,1	5838	5841
P185,1	5842	5845
P122,5	5846	5846
P137,1	5847	5850
P62,9	5851	5854
P32,1	5855	5858
P12,12	5859	5861
P110,8	5862	5862
P143,1	5863	5866
P22,10	5867	5868
P116,8	5869	5872
P186,1	5873	5876
P66,9	5877	5880
P39,7	5881	5881
P119,8	5882	5885
P75,8	5886	5889
P71,9	5890	5892
P117,8	5893	5893
P33,1	5894	5897
P126,7	5898	5898
P9,11	5899	5900
P14,9	5901	5901
P123,7	5902	5903
P187,1	5904	5907
P124,7	5908	5908
P76,8	5909	5909
P77,9	5910	5912
P28,9	5913	5916
P146,1	5917	5920
P37,10	5921	5924
P79,7	5925	5928
P132,6	5929	5930
P51,1	5931	5934
P188,1	5935	5938
P131,7	5939	5939
P120,10	5940	5940
P92,1	5941	5944
P52,1	5945	5948
P152,1	5949	5952
P129,8	5953	5953
P127,9	5954	5954
P40,9	5955	5956
P6,11	5957	5957
P135,8	5958	5960
P155,1	5961	5964
P133,8	5965	5966
P189,1	5967	5970
P78,9	5971	5972
P15,1	5973	5976
P190,1	5977	5980
P16,9	5981	5982
P162,1	5983	5986
P41,9	5987	5989
P47,8	5990	5991
P138,6	5992	5994
P24,1	5995	5998
P86,8	5999	5999
P140,8	6000	6002
P191,1	6003	6006
P149,6	6007	6007
P139,8	6008	6011
P134,9	6012	6015
P130,8	6016	6018
P147,7	6019	6020
P141,9	6021	6021
P45,10	6022	6022
P192,1	6023	6026
P87,8	6027	6027
P91,8	6028	6031
P103,1	6032	6035
P89,7	6036	6036
P168,1	6037	6040
P142,9	6041	6044
P105,1	6045	6048
P48,9	6049	6052
P145,8	6053	6054
P85,9	6055	6058
P151,6	6059	6059
P84,10	6060	6061
P193,1	6062	6065
P53,8	6066	6066
P90,8	6067	6070
P95,7	6071	6072
P38,1	6073	6076
P194,1	6077	6080
P46,9	6081	6081
P20,13	6082	6084
P153,8	6085	6086
P63,1	6087	6090
P49,9	6091	6091
P175,1	6092	6095
P156,9	6096	6098
P158,6	6099	6099
P93,8	6100	6100
P150,8	6101	6103
P27,1	6104	6107
P54,8	6108	6110
P195,1	6111	6114
P94,8	6115	6116
P159,7	6117	6118
P180,1	6119	6122
P163,7	6123	6125
P69,1	6126	6129
P19,10	6130	6132
P2,13	6133	6136
P96,9	6137	6137
P98,9	6138	6138
P55,9	6139	6142
P115,1	6143	6146
P196,1	6147	6150
P164,8	6151	6152
P165,8	6153	6154
P181,1	6155	6158
P18,12	6159	6161
P160,8	6162	6164
P73,1	6165	6168
P104,7	6169	6169
P197,1	6170	6173
P102,7	6174	6174
P172,7	6175	6178
P1,1	6179	6182
P57,9	6183	6186
P198,1	6187	6190
P97,11	6191	6194
P56,10	6195	6195
P58,8	6196	6196
P166,9	6197	6200
P171,7	6201	6201
P60,8	6202	6205
P182,1	6206	6209
P35,9	6210	6211
P174,7	6212	6213
P43,1	6214	6217
P176,6	6218	6219
P183,1	6220	6223
P167,9	6224	6225
P8,10	6226	6227
P199,1	6228	6231
P30,10	6232	6234
P125,1	6235	6238
P179,7	6239	6242
P184,1	6243	6246
P81,1	6247	6250
P111,8	6251	6252
P200,1	6253	6256
P108,8	6257	6257
P107,8	6258	6260
P114,7	6261	6262
P59,9	6263	6263
P34,11	6264	6264
P83,1	6265	6268
P61,9	6269	6269
P64,8	6270	6270
P3,1	6271	6274
P65,10	6275	6275
P112,9	6276	6278
P185,1	6279	6282
P137,1	6283	6286
P178,8	6287	6288
P32,1	6289	6292
P118,8	6293	6294
P143,1	6295	6298
P68,10	6299	6302
P12,13	6303	6304
P186,1	6305	6308
P110,9	6309	6311
P119,8	6312	6313
P116,9	6314	6317
P75,8	6318	6319
P33,1	6320	6323
P187,1	6324	6327
P66,10	6328	6330
P39,8	6331	6334
P126,8	6335	6338
P117,9	6339	6342
P71,10	6343	6346
P146,1	6347	6350
P37,10	6351	6352
P123,8	6353	6356
P76,9	6357	6359
P51,1	6360	6363
P14,10	6364	6367
P124,8	6368	6371
P188,1	6372	6375
P77,10	6376	6376
P92,1	6377	6380
P52,1	6381	6384
P152,1	6385	6388
P132,7	6389	6392
P131,8	6393	6393
P28,10	6394	6396
P79,8	6397	6397
P120,11	6398	6401
P155,1	6402	6405
P189,1	6406	6409
P6,12	6410	6413
P40,10	6414	6417
P15,1	6418	6419
P127,10	6420	6421
P190,1	6422	6425
P133,9	6426	6427
P135,9	6428	6430
P162,1	6431	6434
P78,10	6435	6437
P129,9	6438	6441
P16,10	6442	6444
P24,1	6445	6448
P191,1	6449	6452
P134,9	6453	6454
P47,9	6455	6456
P192,1	6457	6460
P41,10	6461	6464
P86,9	6465	6465
P138,7	6466	6467
P91,8	6468	6468
P140,9	6469	6469
P103,1	6470	6473
P149,7	6474	6475
P139,9	6476	6479
P168,1	6480	6483
P141,10	6484	6487
P142,9	6488	6489
P130,9	6490	6491
P105,1	6492	6495
P147,8	6496	6498
P45,11	6499	6502
P89,8	6503	6506
P48,9	6507	6507
P85,9	6508	6509
P193,1	6510	6513
P90,8	6514	6514
P38,1	6515	6518
P194,1	6519	6522
P145,9	6523	6526
P63,1	6527	6530
P175,1	6531	6534
P84,11	6535	6536
P53,9	6537	6540
P95,8	6541	6541
P27,1	6542	6545
P195,1	6546	6549
P46,10	6550	6553
P49,10	6554	6556
P156,10	6557	6560
P20,14	6561	6562
P180,1	6563	6566
P93,9	6567	6570
P158,7	6571	6574
P69,1	6575	6578
P94,9	6579	6582
P150,9	6583	6584
P2,13	6585	6586
P54,9	6587	6587
P159,8	6588	6590
P115,1	6591	6594
P196,1	6595	6598
P181,1	6599	6602
P98,10	6603	6604
P163,8	6605	6605
P96,10	6606	6607
P73,1	6608	6611
P197,1	6612	6615
P172,7	6616	6617
P55,10	6618	6621
P18,13	6622	6625
P1,1	6626	6629
P160,9	6630	6633
P164,9	6634	6637
P57,9	6638	6639
P104,8	6640	6641
P198,1	6642	6645
P165,9	6646	6649
P97,11	6650	6650
P166,9	6651	6651
P182,1	6652	6655
P58,9	6656	6657
P102,8	6658	6658
P43,1	6659	6662
P171,8	6663	6666
P183,1	6667	6670
P199,1	6671	6674
P125,1	6675	6678
P60,9	6679	6682
P35,10	6683	6685
P179,7	6686	6687
P184,1	6688	6691
P8,11	6692	6692
P81,1	6693	6696
P167,10	6697	6700
P200,1	6701	6704
P176,7	6705	6707
P83,1	6708	6711
P30,11	6712	6715
P3,1	6716	6719
P114,8	6720	6720
P185,1	6721	6724
P59,10	6725	6728
P61,10	6729	6730
P137,1	6731	6734
P111,9	6735	6735
P32,1	6736	6739
P107,9	6740	6743
P108,9	6744	6746
P143,1	6747	6750
P34,12	6751	6754
P68,10	6755	6755
P112,10	6756	6758
P64,9	6759	6762
P186,1	6763	6766
P178,9	6767	6770
P33,1	6771	6774
P187,1	6775	6778
P118,9	6779	6782
P12,14	6783	6783
P126,8	6784	6785
P71,10	6786	6787
P110,10	6788	6791
P146,1	6792	6795
P39,9	6796	6799
P123,8	6800	6800
P75,9	6801	6804
P51,1	6805	6808
P117,10	6809	6812
P188,1	6813	6816
P92,1	6817	6820
P37,11	6821	6821
P52,1	6822	6825
P152,1	6826	6829
P124,9	6830	6833
P132,7	6834	6835
P76,10	6836	6838
P77,11	6839	6842
P14,11	6843	6844
P120,11	6845	6846
P155,1	6847	6850
P189,1	6851	6854
P6,12	6855	6855
P40,10	6856	6857
P15,2	6858	6861
P190,1	6862	6865
P131,9	6866	6867
P162,1	6868	6871
P28,11	6872	6875
P127,11	6876	6879
P129,9	6880	6881
P24,1	6882	6885
P191,1	6886	6889
P192,1	6890	6893
P133,10	6894	6897
P41,10	6898	6899
P135,10	6900	6900
P78,11	6901	6904
P103,1	6905	6908
P139,9	6909	6910
P86,10	6911	6914
P168,1	6915	6918
P140,10	6919	6919
P47,10	6920	6920
P105,1	6921	6924
P91,9	6925	6925
P45,11	6926	6926
P138,8	6927	6927
P89,8	6928	6928
P142,10	6929	6932
P193,1	6933	6936
P149,8	6937	6940
P38,1	6941	6944
P194,1	6945	6948
P63,1	6949	6952
P90,9	6953	6956
P175,1	6957	6960
P147,9	6961	6962
P85,10	6963	6966
P27,1	6967	6970
P195,1	6971	6974
P53,10	6975	6975
P145,10	6976	6979
P84,12	6980	6983
P180,1	6984	6987
P95,9	6988	6988
P69,1	6989	6992
P49,11	6993	6996
P156,11	6997	7000
P93,10	7001	7003
P158,8	7004	7004
P115,1	7005	7008
P196,1	7009	7012
P181,1	7013	7016
P94,10	7017	7018
P54,10	7019	7019
P73,1	7020	7023
P197,1	7024	7027
P2,14	7028	7030
P55,10	7031	7032
P150,10	7033	7036
P18,13	7037	7037
P98,11	7038	7041
P1,1	7042	7045
P159,9	7046	7049
P160,9	7050	7051
P164,9	7052	7052
P96,11	7053	7056
P163,9	7057	7057
P172,8	7058	7061
P198,1	7062	7065
P182,1	7066	7069
P43,1	7070	7073
P183,1	7074	7077
P57,10	7078	7081
P199,1	7082	7085
P58,10	7086	7089
P166,10	7090	7093
P125,1	7094	7097
P97,12	7098	7098
P165,10	7099	7099
P102,9	7100	7101
P184,1	7102	7105
P171,9	7106	7109
P81,1	7110	7113
P167,10	7114	7114
P200,1	7115	7118
P35,11	7119	7121
P83,1	7122	7125
P3,1	7126	7129
P8,12	7130	7132
P185,1	7133	7136
P176,8	7137	7138
P179,8	7139	7142
P30,12	7143	7143
P137,1	7144	7147
P32,1	7148	7151
P107,9	7152	7152
P143,1	7153	7156
P61,11	7157	7160
P59,11	7161	7162
P64,9	7163	7163
P111,10	7164	7167
P186,1	7168	7171
P178,9	7172	7173
P108,10	7174	7175
P33,1	7176	7179
P187,1	7180	7183
P118,9	7184	7184
P110,10	7185	7186
P112,11	7187	7190
P68,11	7191	7192
P146,1	7193	7196
P39,9	7197	7198
P75,9	7199	7200
P51,1	7201	7204
P71,11	7205	7208
P117,10	7209	7210
P188,1	7211	7214
P92,1	7215	7218
P126,9	7219	7219
P52,1	7220	7223
P152,1	7224	7227
P77,11	7228	7229
P155,1	7230	7233
P132,8	7234	7234
P37,12	7235	7238
P189,1	7239	7242
P124,10	7243	7244
P15,2	7245	7248
P190,1	7249	7252
P162,1	7253	7256
P6,13	7257	7260
P76,11	7261	7264
P28,11	7265	7265
P14,12	7266	7269
P40,11	7270	7272
P24,1	7273	7276
P191,1	7277	7280
P192,1	7281	7284
P133,10	7285	7285
P131,10	7286	7289
P103,1	7290	7293
P127,12	7294	7295
P86,10	7296	7296
P168,1	7297	7300
P129,10	7301	7304
P135,11	7305	7308
P105,1	7309	7312
P41,11	7313	7313
P78,12	7314	7314
P193,1	7315	7318
P149,8	7319	7320
P47,11	7321	7322
P45,12	7323	7326
P38,1	7327	7330
P139,10	7331	7332
P142,11	7333	7336
P194,1	7337	7340
P91,10	7341	7344
P63,1	7345	7348
P89,9	7349	7350
P90,9	7351	7351
P140,11	7352	7355
P138,9	7356	7359
P175,1	7360	7363
P85,10	7364	7365
P27,1	7366	7369
P195,1	7370	7373
P147,10	7374	7377
P84,12	7378	7379
P180,1	7380	7383
P69,1	7384	7387
P53,11	7388	7391
P115,1	7392	7395
P196,1	7396	7399
P145,11	7400	7403
P181,1	7404	7407
P73,1	7408	7411
P49,12	7412	7415
P197,1	7416	7419
P150,10	7420	7421
P98,11	7422	7422
P158,9	7423	7426
P93,11	7427	7430
P1,1	7431	7434
P159,9	7435	7435
P2,15	7436	7439
P54,11	7440	7441
P96,11	7442	7442
P94,11	7443	7446
P172,8	7447	7447
P55,11	7448	7448
P198,1	7449	7452
P18,14	7453	7456
P182,1	7457	7460
P43,1	7461	7464
P160,10	7465	7465
P183,1	7466	7469
P57,10	7470	7471
P199,1	7472	7475
P58,10	7476	7476
P166,10	7477	7478
P163,10	7479	7482
P125,1	7483	7486
P184,1	7487	7490
P81,1	7491	7494
P200,1	7495	7498
P83,1	7499	7502
P3,1	7503	7506
P171,10	7507	7507
P165,11	7508	7511
P102,10	7512	7515
P185,1	7516	7519
P35,12	7520	7522
P137,1	7523	7526
P32,1	7527	7530
P143,1	7531	7534
P179,9	7535	7538
P61,11	7539	7540
P8,13	7541	7544
P107,10	7545	7546
P176,9	7547	7550
P186,1	7551	7554
P33,1	7555	7558
P187,1	7559	7562
P112,11	7563	7563
P64,10	7564	7567
P146,1	7568	7571
P59,12	7572	7575
P111,11	7576	7578
P178,10	7579	7580
P51,1	7581	7584
P71,11	7585	7586
P108,11	7587	7590
P39,10	7591	7591
P68,12	7592	7595
P188,1	7596	7599
P92,1	7600	7603
P118,10	7604	7607
P52,1	7608	7611
P152,1	7612	7615
P155,1	7616	7619
P126,10	7620	7621
P189,1	7622	7625
P77,12	7626	7627
P15,2	7628	7631
P190,1	7632	7635
P162,1	7636	7639
P6,13	7640	7641
P76,11	7642	7643
P37,13	7644	7644
P14,12	7645	7646
P132,9	7647	7650
P124,11	7651	7652
P24,1	7653	7656
P191,1	7657	7660
P192,1	7661	7664
P40,12	7665	7668
P131,10	7669	7670
P103,1	7671	7674
P168,1	7675	7678
P135,11	7679	7680
P133,11	7681	7684
P105,1	7685	7688
P193,1	7689	7692
P86,11	7693	7696
P45,12	7697	7698
P38,1	7699	7702
P129,11	7703	7704
P142,11	7705	7706
P194,1	7707	7710
P91,10	7711	7712
P63,1	7713	7716
P138,9	7717	7717
P175,1	7718	7721
P89,10	7722	7722
P90,10	7723	7723
P27,1	7724	7727
P195,1	7728	7731
P147,10	7732	7732
P85,11	7733	7736
P180,1	7737	7740
P69,1	7741	7744
P140,12	7745	7745
P53,11	7746	7747
P115,1	7748	7751
P196,1	7752	7755
P145,11	7756	7757
P181,1	7758	7761
P73,1	7762	7765
P84,13	7766	7769
P197,1	7770	7773
P158,9	7774	7775
P93,11	7776	7776
P1,1	7777	7780
P150,11	7781	7781
P49,13	7782	7784
P198,1	7785	7788
P98,12	7789	7792
P182,1	7793	7796
P159,10	7797	7800
P55,12	7801	7803
P43,1	7804	7807
P54,12	7808	7811
P96,12	7812	7813
P183,1	7814	7817
P172,9	7818	7821
P199,1	7822	7825
P163,10	7826	7827
P94,12	7828	7830
P125,1	7831	7834
P160,11	7835	7837
P184,1	7838	7841
P81,1	7842	7845
P200,1	7846	7849
P3,1	7850	7853
P57,11	7854	7857
P58,11	7858	7861
P185,1	7862	7865
P137,1	7866	7869
P32,1	7870	7873
P143,1	7874	7877
P171,11	7878	7878
P102,11	7879	7882
P35,13	7883	7886
P186,1	7887	7890
P33,1	7891	7892
P187,1	7893	7896
P61,12	7897	7900
P179,10	7901	7901
P64,10	7902	7903
P107,11	7904	7905
P146,1	7906	7909
P176,10	7910	7910
P59,12	7911	7912
P8,14	7913	7916
P51,1	7917	7918
P108,11	7919	7919
P112,12	7920	7923
P188,1	7924	7927
P92,1	7928	7931
P178,11	7932	7935
P52,1	7936	7939
P152,1	7940	7943
P111,12	7944	7947
P155,1	7948	7951
P71,12	7952	7955
P68,13	7956	7959
P189,1	7960	7963
P39,11	7964	7967
P15,2	7968	7971
P190,1	7972	7975
P162,1	7976	7979
P118,11	7980	7980
P77,13	7981	7981
P126,11	7982	7985
P132,9	7986	7987
P24,1	7988	7991
P191,1	7992	7995
P192,1	7996	7999
P103,1	8000	8003
P124,12	8004	8007
P6,14	8008	8011
P168,1	8012	8015
P76,12	8016	8019
P14,13	8020	8023
P133,11	8024	8025
P105,1	8026	8029
P131,11	8030	8033
P193,1	8034	8037
P86,11	8038	8039
P38,1	8040	8043
P40,13	8044	8047
P135,12	8048	8051
P194,1	8052	8055
P63,1	8056	8059
P45,13	8060	8060
P175,1	8061	8064
P27,1	8065	8068
P195,1	8069	8072
P129,12	8073	8073
P85,11	8074	8075
P180,1	8076	8079
P89,11	8080	8081
P69,1	8082	8085
P138,10	8086	8086
P147,11	8087	8087
P115,1	8088	8091
P91,11	8092	8094
P196,1	8095	8098
P181,1	8099	8102
P140,13	8103	8106
P73,1	8107	8110
P84,13	8111	8111
P197,1	8112	8115
P53,12	8116	8119
P1,1	8120	8123
P145,12	8124	8127
P198,1	8128	8131
P98,12	8132	8132
P182,1	8133	8136
P158,10	8137	8140
P43,1	8141	8144
P54,12	8145	8146
P183,1	8147	8150
P159,11	8151	8154
P49,14	8155	8158
P172,9	8159	8160
P199,1	8161	8164
P55,13	8165	8167
P125,1	8168	8171
P184,1	8172	8175
P81,1	8176	8179
P163,11	8180	8180
P96,13	8181	8182
P200,1	8183	8186
P160,12	8187	8190
P3,1	8191	8194
P57,11	8195	8195
P185,1	8196	8199
P94,13	8200	8200
P137,1	8201	8204
P32,1	8205	8208
P58,12	8209	8210
P143,1	8211	8214
P35,13	8215	8216
P186,1	8217	8220
P187,1	8221	8224
P61,12	8225	8225
P102,12	8226	8229
P146,1	8230	8233
P8,14	8234	8234
P51,2	8235	8238
P112,12	8239	8239
P188,1	8240	8243
P59,13	8244	8245
P64,11	8246	8249
P92,1	8250	8253
P108,12	8254	8256
P179,11	8257	8260
P52,1	8261	8264
P107,12	8265	8266
P152,1	8267	8270
P176,11	8271	8273
P111,12	8274	8275
P155,1	8276	8279
P71,12	8280	8281
P189,1	8282	8285
P39,11	8286	8287
P15,2	8288	8291
P190,1	8292	8295
P162,1	8296	8299
P126,11	8300	8300
P24,1	8301	8304
P191,1	8305	8308
P192,1	8309	8312
P77,14	8313	8316
P132,10	8317	8320
P103,1	8321	8324
P124,12	8325	8325
P168,1	8326	8329
P118,12	8330	8333
P105,1	8334	8337
P131,11	8338	8339
P193,1	8340	8343
P38,1	8344	8347
P40,13	8348	8349
P135,12	8350	8351
P76,13	8352	8355
P194,1	8356	8359
P14,14	8360	8362
P133,12	8363	8366
P63,1	8367	8370
P175,1	8371	8374
P86,12	8375	8378
P27,1	8379	8382
P195,1	8383	8386
P45,14	8387	8387
P180,1	8388	8391
P69,1	8392	8395
P115,1	8396	8399
P85,12	8400	8401
P89,12	8402	8402
P196,1	8403	8406
P129,13	8407	8410
P181,1	8411	8414
P140,13	8415	8415
P147,12	8416	8419
P73,1	8420	8423
P197,1	8424	8427
P91,12	8428	8431
P53,12	8432	8433
P1,1	8434	8437
P145,12	8438	8439
P198,1	8440	8443
P182,1	8444	8447
P158,10	8448	8448
P43,1	8449	8452
P183,1	8453	8456
P159,11	8457	8457
P199,1	8458	8461
P98,13	8462	8465
P125,1	8466	8469
P184,1	8470	8472
P172,10	8473	8473
P81,1	8474	8477
P54,13	8478	8481
P200,1	8482	8485
P3,1	8486	8489
P163,12	8490	8492
P185,1	8493	8496
P137,1	8497	8500
P32,1	8501	8504
P143,1	8505	8508
P160,13	8509	8512
P186,1	8513	8516
P96,14	8517	8520
P57,12	8521	8522
P187,1	8523	8526
P102,12	8527	8528
P35,14	8529	8529
P146,1	8530	8533
P51,2	8534	8537
P188,1	8538	8541
P58,13	8542	8544
P61,13	8545	8548
P64,11	8549	8550
P92,1	8551	8554
P179,11	8555	8556
P52,1	8557	8560
P8,15	8561	8564
P152,1	8565	8568
P112,13	8569	8572
P155,1	8573	8576
P108,13	8577	8580
P107,13	8581	8581
P189,1	8582	8585
P15,2	8586	8589
P176,12	8590	8593
P190,1	8594	8597
P71,13	8598	8601
P162,1	8602	8605
P24,1	8606	8609
P39,12	8610	8613
P191,1	8614	8617
P111,13	8618	8621
P192,1	8622	8625
P77,14	8626	8626
P126,12	8627	8630
P103,1	8631	8634
P168,1	8635	8638
P105,1	8639	8642
P193,1	8643	8646
P38,1	8647	8650
P131,12	8651	8652
P194,1	8653	8656
P132,11	8657	8660
P118,13	8661	8661
P63,1	8662	8665
P175,1	8666	8669
P27,1	8670	8673
P195,1	8674	8677
P180,1	8678	8681
P76,14	8682	8683
P86,13	8684	8685
P69,1	8686	8689
P115,1	8690	8693
P133,13	8694	8695
P196,1	8696	8699
P181,1	8700	8703
P73,1	8704	8707
P85,13	8708	8709
P197,1	8710	8713
P91,12	8714	8714
P140,14	8715	8718
P1,1	8719	8722
P89,13	8723	8726
P198,1	8727	8730
P147,13	8731	8731
P182,1	8732	8735
P43,1	8736	8739
P183,1	8740	8743
P145,13	8744	8747
P199,1	8748	8751
P125,1	8752	8755
P53,13	8756	8756
P158,11	8757	8760
P81,1	8761	8764
P184,2	8765	8768
P200,1	8769	8772
P3,1	8773	8776
P185,1	8777	8780
P98,14	8781	8784
P172,11	8785	8788
P137,1	8789	8792
P32,1	8793	8796
P143,1	8797	8800
P160,13	8801	8802
P186,1	8803	8806
P96,14	8807	8808
P163,13	8809	8812
P187,1	8813	8815
P146,1	8816	8819
P51,2	8820	8823
P188,1	8824	8827
P61,13	8828	8829
P92,1	8830	8833
P52,1	8834	8837
P35,15	8838	8838
P102,13	8839	8839
P58,14	8840	8843
P152,1	8844	8847
P155,1	8848	8851
P108,13	8852	8852
P189,1	8853	8856
P15,2	8857	8860
P176,12	8861	8862
P179,12	8863	8866
P190,1	8867	8870
P71,13	8871	8871
P162,1	8872	8875
P24,1	8876	8879
P39,12	8880	8881
P107,14	8882	8883
P191,1	8884	8887
P111,13	8888	8889
P192,1	8890	8893
P103,1	8894	8897
P168,1	8898	8901
P105,1	8902	8905
P193,1	8906	8909
P38,1	8910	8913
P194,1	8914	8917
P63,1	8918	8921
P175,1	8922	8925
P27,1	8926	8929
P195,1	8930	8933
P180,1	8934	8937
P132,12	8938	8940
P118,14	8941	8944
P69,1	8945	8948
P115,1	8949	8952
P196,1	8953	8956
P86,14	8957	8960
P181,1	8961	8964
P73,1	8965	8968
P197,1	8969	8972
P140,14	8973	8974
P1,1	8975	8978
P198,1	8979	8982
P182,1	8983	8986
P43,1	8987	8990
P183,1	8991	8994
P145,13	8995	8996
P89,14	8997	9000
P91,13	9001	9002
P199,1	9003	9006
P125,1	9007	9010
P158,11	9011	9012
P81,1	9013	9016
P147,14	9017	9020
P184,2	9021	9024
P200,1	9025	9028
P3,1	9029	9032
P185,1	9033	9036
P53,14	9037	9037
P172,11	9038	9039
P137,1	9040	9043
P32,1	9044	9047
P143,1	9048	9048
P98,15	9049	9052
P186,1	9053	9056
P163,13	9057	9058
P146,1	9059	9062
P187,2	9063	9066
P51,2	9067	9070
P188,1	9071	9074
P92,1	9075	9078
P160,14	9079	9081
P52,1	9082	9085
P58,14	9086	9087
P96,15	9088	9091
P152,1	9092	9095
P155,1	9096	9099
P189,1	9100	9103
P15,2	9104	9107
P102,14	9108	9111
P179,12	9112	9112
P190,1	9113	9116
P162,1	9117	9120
P24,1	9121	9124
P191,1	9125	9128
P192,1	9129	9132
P103,1	9133	9136
P176,13	9137	9140
P168,1	9141	9144
P105,1	9145	9148
P71,14	9149	9149
P193,1	9150	9153
P38,1	9154	9157
P107,15	9158	9159
P194,1	9160	9163
P63,1	9164	9167
P175,1	9168	9171
P27,1	9172	9175
P195,1	9176	9179
P180,1	9180	9183
P118,14	9184	9184
P69,1	9185	9188
P115,1	9189	9192
P196,1	9193	9196
P181,1	9197	9200
P73,1	9201	9204
P197,1	9205	9208
P1,1	9209	9212
P198,1	9213	9216
P86,15	9217	9219
P182,1	9220	9223
P43,1	9224	9227
P183,1	9228	9231
P89,14	9232	9233
P199,1	9234	9237
P125,1	9238	9241
P81,1	9242	9245
P184,2	9246	9249
P200,1	9250	9253
P3,1	9254	9257
P158,12	9258	9258
P185,1	9259	9262
P137,1	9263	9266
P32,1	9267	9270
P143,2	9271	9274
P186,1	9275	9278
P172,12	9279	9281
P146,1	9282	9285
P53,15	9286	9287
P187,2	9288	9291
P51,2	9292	9295
P188,1	9296	9299
P92,1	9300	9303
P52,1	9304	9307
P163,14	9308	9308
P96,15	9309	9309
P152,1	9310	9313
P155,1	9314	9317
P189,1	9318	9321
P15,2	9322	9325
P190,1	9326	9329
P162,1	9330	9333
P24,1	9334	9337
P191,1	9338	9341
P192,1	9342	9345
P103,1	9346	9349
P176,13	9350	9351
P168,1	9352	9354
P102,15	9355	9358
P105,1	9359	9362
P179,13	9363	9363
P193,1	9364	9367
P38,1	9368	9371
P194,1	9372	9375
P63,1	9376	9376
P71,15	9377	9379
P175,1	9380	9381
P27,1	9382	9385
P195,1	9386	9389
P180,1	9390	9393
P69,1	9394	9397
P115,1	9398	9401
P196,1	9402	9405
P181,1	9406	9409
P73,1	9410	9413
P197,1	9414	9417
P1,1	9418	9421
P198,1	9422	9425
P182,1	9426	9429
P43,1	9430	9433
P183,1	9434	9437
P199,1	9438	9441
P125,1	9442	9445
P81,1	9446	9449
P184,2	9450	9453
P200,1	9454	9457
P3,1	9458	9459
P185,1	9460	9463
P137,1	9464	9467
P32,1	9468	9471
P158,13	9472	9473
P143,2	9474	9477
P186,1	9478	9481
P146,1	9482	9485
P187,2	9486	9489
P51,2	9490	9493
P188,1	9494	9497
P172,13	9498	9498
P92,1	9499	9502
P52,1	9503	9506
P152,1	9507	9510
P155,1	9511	9514
P189,1	9515	9518
P15,2	9519	9522
P190,1	9523	9526
P163,15	9527	9530
P162,1	9531	9534
P24,1	9535	9538
P191,1	9539	9542
P192,1	9543	9546
P103,1	9547	9550
P102,15	9551	9552
P105,1	9553	9556
P193,1	9557	9560
P38,1	9561	9564
P194,1	9565	9568
P176,14	9569	9572
P179,14	9573	9576
P27,1	9577	9580
P175,2	9581	9584
P195,1	9585	9588
P180,1	9589	9592
P69,1	9593	9596
P115,1	9597	9600
P196,1	9601	9604
P181,1	9605	9608
P73,1	9609	9612
P1,1	9613	9616
P197,2	9617	9620
P198,1	9621	9624
P182,1	9625	9628
P43,1	9629	9632
P183,1	9633	9636
P199,1	9637	9640
P125,1	9641	9644
P81,1	9645	9648
P184,2	9649	9652
P200,1	9653	9656
P3,2	9657	9660
P137,1	9661	9664
P185,2	9665	9668
P32,1	9669	9672
P143,2	9673	9676
P186,1	9677	9680
P146,1	9681	9684
P187,2	9685	9688
P51,2	9689	9692
P158,14	9693	9696
P188,1	9697	9700
P92,1	9701	9704
P52,1	9705	9708
P152,1	9709	9712
P155,1	9713	9716
P189,1	9717	9720
P15,2	9721	9724
P190,1	9725	9728
P162,1	9729	9732
P24,1	9733	9736
P191,1	9737	9740
P192,1	9741	9744
P103,1	9745	9748
P105,1	9749	9752
P193,1	9753	9756
P38,1	9757	9760
P194,1	9761	9764
P176,14	9765	9765
P179,14	9766	9767
P27,1	9768	9768
P175,2	9769	9772
P195,1	9773	9776
P180,1	9777	9780
P69,1	9781	9784
P115,1	9785	9788
P196,1	9789	9792
P181,1	9793	9796
P73,1	9797	9800
P1,2	9801	9804
P197,2	9805	9808
P198,1	9809	9810
P182,1	9811	9814
P43,1	9815	9818
P183,1	9819	9822
P199,1	9823	9826
P125,1	9827	9830
P81,1	9831	9834
P184,2	9835	9838
P200,1	9839	9842
P3,2	9843	9846
P137,1	9847	9850
P185,2	9851	9854
P143,2	9855	9858
P186,1	9859	9862
P146,1	9863	9866
P187,2	9867	9870
P51,2	9871	9874
P188,1	9875	9878
P92,1	9879	9881
P52,1	9882	9885
P152,1	9886	9889
P155,1	9890	9893
P189,1	9894	9897
P15,2	9898	9901
P190,1	9902	9905
P162,1	9906	9909
P24,1	9910	9913
P191,1	9914	9917
P192,1	9918	9921
P103,1	9922	9925
P105,1	9926	9929
P193,1	9930	9933
P38,1	9934	9937
P194,1	9938	9941
P175,2	9942	9945
P195,1	9946	9949
P180,1	9950	9953
P69,1	9954	9957
P176,15	9958	9960
P115,1	9961	9964
P196,1	9965	9968
P181,1	9969	9972
P73,1	9973	9976
P179,15	9977	9979
P1,2	9980	9983
P197,2	9984	9987
P198,2	9988	9991
P182,1	9992	9995
P43,1	9996	9999
P183,1	10000	10003
P199,1	10004	10007
P125,1	10008	10011
P81,1	10012	10015
P184,2	10016	10019
P200,1	10020	10023
P3,2	10024	10027
P137,1	10028	10031
P185,2	10032	10035
P143,2	10036	10039
P186,1	10040	10043
P146,1	10044	10047
P187,2	10048	10051
P51,2	10052	10055
P188,1	10056	10059
P52,1	10060	10063
P92,2	10064	10067
P152,1	10068	10071
P155,1	10072	10075
P189,1	10076	10079
P15,2	10080	10083
P190,1	10084	10087
P162,1	10088	10091
P24,1	10092	10095
P191,1	10096	10099
P192,1	10100	10103
P103,1	10104	10107
P105,1	10108	10108
P193,1	10109	10112
P38,1	10113	10116
P194,1	10117	10120
P175,2	10121	10124
P195,1	10125	10128
P180,1	10129	10132
P69,1	10133	10136
P115,1	10137	10140
P196,1	10141	10144
P181,1	10145	10148
P73,1	10149	10152
P1,2	10153	10156
P197,2	10157	10160
P198,2	10161	10164
P182,1	10165	10168
P43,1	10169	10172
P183,1	10173	10176
P199,1	10177	10180
P125,1	10181	10184
P81,1	10185	10188
P184,2	10189	10192
P200,1	10193	10196
P3,2	10197	10200
P137,1	10201	10204
P185,2	10205	10208
P143,2	10209	10212
P186,1	10213	10216
P146,1	10217	10220
P187,2	10221	10224
P51,2	10225	10228
P188,1	10229	10232
P52,1	10233	10236
P92,2	10237	10240
P152,1	10241	10244
P155,1	10245	10248
P189,1	10249	10252
P15,2	10253	10256
P190,1	10257	10260
P162,1	10261	10264
P24,1	10265	10268
P191,1	10269	10272
P192,1	10273	10276
P103,1	10277	10280
P193,1	10281	10284
P38,1	10285	10288
P194,1	10289	10292
P175,2	10293	10296
P195,1	10297	10300
P180,1	10301	10304
P69,1	10305	10308
P115,1	10309	10312
P196,1	10313	10316
P181,1	10317	10320
P73,1	10321	10324
P1,2	10325	10328
P197,2	10329	10332
P198,2	10333	10336
P182,1	10337	10340
P43,1	10341	10344
P183,1	10345	10348
P199,1	10349	10352
P125,1	10353	10356
P81,1	10357	10360
P184,2	10361	10364
P200,1	10365	10368
P3,2	10369	10372
P137,1	10373	10376
P185,2	10377	10380
P143,2	10381	10384
P186,1	10385	10388
P146,1	10389	10392
P187,2	10393	10396
P51,2	10397	10400
P188,1	10401	10404
P52,1	10405	10408
P92,2	10409	10412
P152,1	10413	10416
P155,1	10417	10420
P189,1	10421	10424
P15,2	10425	10428
P190,1	10429	10432
P162,2	10433	10436
P24,1	10437	10440
P191,1	10441	10444
P103,1	10445	10448
P193,1	10449	10452
P38,1	10453	10456
P194,1	10457	10460
P175,2	10461	10464
P195,1	10465	10468
P180,1	10469	10472
P69,1	10473	10476
P115,1	10477	10480
P196,1	10481	10484
P181,1	10485	10488
P73,1	10489	10492
P1,2	10493	10496
P197,2	10497	10500
P198,2	10501	10504
P182,1	10505	10508
P183,1	10509	10512
P43,2	10513	10516
P199,1	10517	10520
P125,1	10521	10524
P81,1	10525	10528
P184,2	10529	10532
P200,1	10533	10536
P3,2	10537	10540
P137,1	10541	10544
P185,2	10545	10548
P143,2	10549	10552
P186,1	10553	10556
P146,1	10557	10560
P187,2	10561	10564
P51,2	10565	10568
P188,1	10569	10572
P52,1	10573	10576
P92,2	10577	10580
P152,1	10581	10584
P155,1	10585	10588
P189,1	10589	10592
P15,2	10593	10596
P190,1	10597	10600
P162,2	10601	10604
P24,1	10605	10608
P191,1	10609	10612
P103,1	10613	10616
P193,1	10617	10620
P38,1	10621	10624
P194,1	10625	10626
P175,2	10627	10630
P195,1	10631	10634
P180,1	10635	10638
P69,1	10639	10642
P115,1	10643	10646
P196,1	10647	10650
P181,1	10651	10654
P73,1	10655	10658
P1,2	10659	10662
P197,2	10663	10666
P198,2	10667	10670
P182,1	10671	10674
P183,1	10675	10678
P43,2	10679	10682
P199,1	10683	10686
P125,1	10687	10690
P184,2	10691	10694
P200,1	10695	10698
P3,2	10699	10702
P137,1	10703	10706
P185,2	10707	10710
P143,2	10711	10714
P186,1	10715	10718
P146,1	10719	10722
P187,2	10723	10726
P51,2	10727	10730
P188,1	10731	10734
P52,1	10735	10738
P92,2	10739	10742
P152,1	10743	10746
P155,1	10747	10750
P189,1	10751	10754
P15,2	10755	10758
P190,1	10759	10762
P162,2	10763	10766
P24,1	10767	10770
P191,1	10771	10774
P103,1	10775	10778
P193,1	10779	10782
P175,2	10783	10786
P195,1	10787	10790
P180,1	10791	10794
P69,1	10795	10798
P115,1	10799	10802
P196,1	10803	10806
P181,1	10807	10810
P73,1	10811	10814
P1,2	10815	10818
P197,2	10819	10822
P198,2	10823	10826
P182,1	10827	10830
P183,1	10831	10834
P43,2	10835	10838
P199,1	10839	10842
P125,1	10843	10846
P184,2	10847	10850
P200,1	10851	10854
P3,2	10855	10858
P137,1	10859	10862
P185,2	10863	10866
P143,2	10867	10870
P186,1	10871	10874
P146,1	10875	10878
P187,2	10879	10882
P51,2	10883	10886
P188,1	10887	10890
P52,1	10891	10894
P92,2	10895	10898
P152,1	10899	10902
P155,1	10903	10906
P189,1	10907	10910
P15,2	10911	10913
P190,1	10914	10917
P162,2	10918	10921
P24,1	10922	10925
P191,1	10926	10929
P103,1	10930	10933
P193,1	10934	10937
P175,2	10938	10941
P195,1	10942	10945
P180,1	10946	10949
P69,1	10950	10953
P115,1	10954	10957
P196,1	10958	10961
P181,1	10962	10965
P73,1	10966	10969
P1,2	10970	10973
P197,2	10974	10977
P198,2	10978	10981
P182,1	10982	10985
P183,1	10986	10989
P43,2	10990	10993
P199,1	10994	10997
P125,1	10998	11001
P184,2	11002	11005
P200,1	11006	11009
P3,2	11010	11013
P137,1	11014	11017
P185,2	11018	11021
P143,2	11022	11025
P186,1	11026	11029
P146,1	11030	11033
P187,2	11034	11037
P51,2	11038	11041
P188,1	11042	11045
P52,1	11046	11049
P92,2	11050	11053
P152,1	11054	11057
P155,1	11058	11061
P189,1	11062	11065
P190,1	11066	11069
P162,2	11070	11073
P24,1	11074	11077
P191,1	11078	11081
P103,1	11082	11085
P193,1	11086	11089
P175,2	11090	11093
P195,1	11094	11097
P180,1	11098	11101
P69,1	11102	11105
P115,1	11106	11109
P196,1	11110	11113
P181,1	11114	11117
P73,1	11118	11121
P1,2	11122	11125
P197,2	11126	11129
P198,2	11130	11133
P182,1	11134	11137
P183,1	11138	11141
P43,2	11142	11145
P199,1	11146	11149
P125,1	11150	11153
P184,2	11154	11157
P200,1	11158	11161
P3,2	11162	11165
P137,1	11166	11169
P185,2	11170	11173
P143,2	11174	11177
P186,1	11178	11181
P146,1	11182	11185
P187,2	11186	11189
P51,2	11190	11193
P188,1	11194	11197
P52,1	11198	11201
P92,2	11202	11205
P152,1	11206	11209
P155,1	11210	11213
P189,1	11214	11217
P190,1	11218	11221
P162,2	11222	11225
P24,1	11226	11229
P191,1	11230	11233
P103,1	11234	11237
P193,1	11238	11241
P175,2	11242	11245
P195,1	11246	11249
P180,1	11250	11253
P69,1	11254	11257
P115,1	11258	11261
P196,1	11262	11265
P181,1	11266	11269
P73,1	11270	11273
P1,2	11274	11277
P197,2	11278	11281
P198,2	11282	11285
P182,1	11286	11289
P183,1	11290	11293
P43,2	11294	11297
P199,1	11298	11301
P125,1	11302	11305
P184,2	11306	11309
P200,1	11310	11313
P3,2	11314	11317
P137,1	11318	11321
P185,2	11322	11325
P143,2	11326	11329
P186,1	11330	11333
P146,1	11334	11337
P187,2	11338	11341
P51,2	11342	11345
P188,1	11346	11349
P52,2	11350	11353
P92,2	11354	11357
P152,1	11358	11361
P155,1	11362	11365
P189,1	11366	11369
P190,1	11370	11373
P162,2	11374	11377
P24,1	11378	11381
P191,1	11382	11385
P103,1	11386	11389
P193,1	11390	11393
P175,2	11394	11397
P195,1	11398	11401
P180,1	11402	11405
P69,1	11406	11409
P115,1	11410	11413
P181,1	11414	11417
P73,1	11418	11421
P1,2	11422	11425
P197,2	11426	11429
P198,2	11430	11433
P182,1	11434	11437
P183,1	11438	11441
P43,2	11442	11445
P199,1	11446	11449
P125,1	11450	11453
P184,2	11454	11457
P200,1	11458	11461
P3,2	11462	11465
P137,1	11466	11469
P185,2	11470	11473
P143,2	11474	11477
P186,1	11478	11481
P146,1	11482	11485
P187,2	11486	11489
P51,2	11490	11493
P188,1	11494	11497
P52,2	11498	11501
P92,2	11502	11505
P152,1	11506	11509
P155,1	11510	11513
P189,1	11514	11517
P190,1	11518	11521
P162,2	11522	11525
P24,1	11526	11529
P191,1	11530	11533
P103,1	11534	11537
P193,1	11538	11541
P175,2	11542	11545
P195,1	11546	11549
P180,1	11550	11553
P69,1	11554	11557
P115,1	11558	11561
P181,1	11562	11565
P73,1	11566	11569
P1,2	11570	11573
P197,2	11574	11577
P198,2	11578	11581
P182,1	11582	11585
P183,1	11586	11589
P43,2	11590	11593
P199,1	11594	11597
P125,1	11598	11601
P184,2	11602	11605
P200,1	11606	11609
P3,2	11610	11613
P137,1	11614	11617
P185,2	11618	11621
P143,2	11622	11625
P186,1	11626	11629
P146,1	11630	11633
P187,2	11634	11637
P51,2	11638	11641
P188,1	11642	11645
P52,2	11646	11649
P92,2	11650	11653
P152,1	11654	11657
P155,1	11658	11661
P189,1	11662	11665
P190,1	11666	11669
P162,2	11670	11673
P24,1	11674	11677
P191,1	11678	11681
P103,1	11682	11685
P193,1	11686	11689
P175,2	11690	11693
P195,1	11694	11697
P180,1	11698	11701
P69,1	11702	11705
P115,1	11706	11709
P181,1	11710	11713
P73,1	11714	11717
P1,2	11718	11721
P197,2	11722	11725
P198,2	11726	11729
P182,1	11730	11733
P183,1	11734	11737
P43,2	11738	11741
P199,1	11742	11745
P125,1	11746	11749
P184,2	11750	11753
P200,1	11754	11757
P3,2	11758	11761
P137,1	11762	11765
P185,2	11766	11769
P143,2	11770	11773
P186,1	11774	11777
P146,1	11778	11781
P187,2	11782	11785
P51,2	11786	11789
P188,1	11790	11793
P52,2	11794	11797
P92,2	11798	11801
P152,1	11802	11805
P155,1	11806	11809
P189,1	11810	11813
P190,1	11814	11817
P162,2	11818	11821
P24,1	11822	11825
P191,1	11826	11829
P103,1	11830	11833
P193,1	11834	11837
P175,2	11838	11841
P195,1	11842	11842
P180,1	11843	11846
P69,1	11847	11850
P115,1	11851	11854
P181,1	11855	11858
P73,1	11859	11862
P1,2	11863	11866
P197,2	11867	11870
P198,2	11871	11874
P182,1	11875	11878
P183,1	11879	11882
P43,2	11883	11886
P199,1	11887	11890
P125,1	11891	11894
P184,2	11895	11898
P200,1	11899	11902
P3,2	11903	11906
P137,1	11907	11910
P185,2	11911	11914
P143,2	11915	11918
P186,1	11919	11922
P146,1	11923	11926
P187,2	11927	11930
P51,2	11931	11934
P188,1	11935	11938
P52,2	11939	11942
P92,2	11943	11946
P152,1	11947	11950
P155,1	11951	11954
P189,1	11955	11958
P190,2	11959	11962
P162,2	11963	11966
P24,1	11967	11970
P191,1	11971	11974
P103,1	11975	11978
P193,1	11979	11982
P175,2	11983	11986
P180,1	11987	11989
P69,1	11990	11993
P115,1	11994	11997
P181,1	11998	12001
P73,1	12002	12005
P1,2	12006	12009
P197,2	12010	12013
P198,2	12014	12017
P182,1	12018	12021
P183,1	12022	12025
P43,2	12026	12029
P199,1	12030	12033
P125,1	12034	12037
P184,2	12038	12041
P200,1	12042	12045
P3,2	12046	12049
P137,1	12050	12053
P185,2	12054	12057
P143,2	12058	12061
P186,1	12062	12065
P146,1	12066	12069
P187,2	12070	12073
P51,2	12074	12077
P188,1	12078	12081
P52,2	12082	12085
P92,2	12086	12089
P152,1	12090	12093
P155,1	12094	12097
P189,1	12098	12101
P190,2	12102	12105
P162,2	12106	12109
P24,1	12110	12113
P191,1	12114	12117
P103,1	12118	12121
P193,1	12122	12125
P175,2	12126	12129
P180,2	12130	12133
P69,1	12134	12137
P115,1	12138	12140
P181,1	12141	12144
P73,1	12145	12148
P1,2	12149	12152
P197,2	12153	12156
P198,2	12157	12160
P182,1	12161	12164
P183,1	12165	12168
P43,2	12169	12172
P199,1	12173	12176
P125,1	12177	12180
P184,2	12181	12184
P200,1	12185	12188
P3,2	12189	12192
P137,1	12193	12196
P185,2	12197	12200
P143,2	12201	12204
P186,1	12205	12208
P146,1	12209	12212
P187,2	12213	12216
P51,2	12217	12220
P188,1	12221	12224
P52,2	12225	12228
P92,2	12229	12232
P152,1	12233	12236
P155,1	12237	12240
P189,1	12241	12244
P190,2	12245	12248
P162,2	12249	12252
P24,2	12253	12256
P191,1	12257	12260
P103,1	12261	12264
P193,1	12265	12268
P175,2	12269	12272
P180,2	12273	12276
P69,1	12277	12278
P181,1	12279	12282
P73,1	12283	12286
P1,2	12287	12290
P197,2	12291	12294
P198,2	12295	12298
P182,1	12299	12302
P183,1	12303	12306
P43,2	12307	12310
P199,1	12311	12314
P125,1	12315	12318
P184,2	12319	12322
P200,1	12323	12326
P3,2	12327	12330
P137,1	12331	12334
P185,2	12335	12338
P143,2	12339	12342
P186,1	12343	12346
P146,1	12347	12350
P187,2	12351	12354
P51,2	12355	12358
P52,2	12359	12362
P92,2	12363	12366
P152,1	12367	12370
P155,1	12371	12374
P189,1	12375	12376
P190,2	12377	12380
P162,2	12381	12384
P24,2	12385	12388
P191,1	12389	12392
P103,1	12393	12396
P193,1	12397	12400
P175,2	12401	12404
P180,2	12405	12408
P181,1	12409	12412
P69,2	12413	12416
P73,1	12417	12420
P1,2	12421	12424
P197,2	12425	12428
P198,2	12429	12432
P182,1	12433	12435
P183,1	12436	12439
P43,2	12440	12443
P199,1	12444	12447
P125,1	12448	12451
P184,2	12452	12455
P200,1	12456	12459
P3,2	12460	12463
P137,1	12464	12467
P185,2	12468	12471
P143,2	12472	12475
P146,1	12476	12479
P187,2	12480	12483
P51,2	12484	12487
P52,2	12488	12491
P92,2	12492	12495
P152,1	12496	12499
P155,1	12500	12503
P190,2	12504	12507
P162,2	12508	12511
P24,2	12512	12515
P191,1	12516	12519
P103,1	12520	12523
P193,1	12524	12527
P175,2	12528	12531
P180,2	12532	12535
P181,1	12536	12539
P69,2	12540	12543
P73,1	12544	12547
P1,2	12548	12551
P197,2	12552	12552
P198,2	12553	12556
P182,2	12557	12560
P183,1	12561	12564
P43,2	12565	12568
P199,1	12569	12572
P125,1	12573	12576
P200,1	12577	12580
P3,2	12581	12584
P137,1	12585	12588
P185,2	12589	12592
P143,2	12593	12596
P146,1	12597	12600
P187,2	12601	12604
P51,2	12605	12608
P52,2	12609	12612
P92,2	12613	12616
P152,1	12617	12620
P155,1	12621	12624
P190,2	12625	12628
P162,2	12629	12632
P24,2	12633	12636
P191,1	12637	12640
P103,1	12641	12644
P193,1	12645	12648
P175,2	12649	12652
P180,2	12653	12656
P181,1	12657	12660
P69,2	12661	12664
P73,1	12665	12668
P1,2	12669	12672
P198,2	12673	12676
P182,2	12677	12680
P183,1	12681	12684
P43,2	12685	12688
P199,1	12689	12692
P125,1	12693	12694
P200,1	12695	12698
P3,2	12699	12702
P137,1	12703	12706
P185,2	12707	12710
P143,2	12711	12714
P146,1	12715	12718
P187,2	12719	12722
P51,2	12723	12726
P52,2	12727	12730
P92,2	12731	12734
P152,1	12735	12738
P155,1	12739	12742
P190,2	12743	12746
P162,2	12747	12750
P24,2	12751	12754
P191,1	12755	12758
P103,1	12759	12762
P193,1	12763	12766
P175,2	12767	12770
P180,2	12771	12774
P181,1	12775	12778
P69,2	12779	12782
P73,1	12783	12786
P1,2	12787	12790
P198,2	12791	12794
P182,2	12795	12798
P183,1	12799	12802
P43,2	12803	12806
P199,1	12807	12810
P125,2	12811	12814
P200,1	12815	12818
P3,2	12819	12820
P137,1	12821	12824
P185,2	12825	12828
P143,2	12829	12832
P146,1	12833	12836
P187,2	12837	12840
P51,2	12841	12844
P52,2	12845	12848
P92,2	12849	12852
P152,1	12853	12856
P155,1	12857	12860
P190,2	12861	12864
P162,2	12865	12868
P24,2	12869	12872
P191,1	12873	12876
P103,1	12877	12880
P193,1	12881	12884
P175,2	12885	12888
P180,2	12889	12892
P181,1	12893	12896
P69,2	12897	12900
P73,1	12901	12902
P1,2	12903	12903
P198,2	12904	12907
P182,2	12908	12911
P183,1	12912	12915
P43,2	12916	12919
P199,1	12920	12923
P125,2	12924	12927
P200,1	12928	12931
P137,1	12932	12935
P185,2	12936	12939
P143,2	12940	12943
P146,1	12944	12947
P187,2	12948	12951
P51,2	12952	12955
P52,2	12956	12959
P92,2	12960	12963
P152,1	12964	12967
P155,1	12968	12971
P190,2	12972	12975
P162,2	12976	12979
P24,2	12980	12983
P191,1	12984	12987
P103,1	12988	12991
P193,1	12992	12995
P175,2	12996	12999
P180,2	13000	13003
P181,1	13004	13007
P69,2	13008	13011
P198,2	13012	13015
P182,2	13016	13019
P183,1	13020	13023
P43,2	13024	13027
P199,1	13028	13031
P125,2	13032	13035
P200,1	13036	13039
P137,1	13040	13043
P185,2	13044	13047
P143,2	13048	13051
P146,1	13052	13055
P187,2	13056	13059
P51,2	13060	13063
P52,2	13064	13067
P92,2	13068	13071
P152,1	13072	13075
P155,1	13076	13079
P190,2	13080	13083
P162,2	13084	13087
P24,2	13088	13091
P191,1	13092	13095
P103,1	13096	13099
P193,1	13100	13103
P175,2	13104	13107
P180,2	13108	13111
P181,1	13112	13115
P69,2	13116	13119
P198,2	13120	13123
P182,2	13124	13127
P183,1	13128	13131
P43,2	13132	13135
P199,1	13136	13139
P125,2	13140	13143
P200,1	13144	13147
P137,1	13148	13151
P185,2	13152	13155
P143,2	13156	13159
P146,1	13160	13160
P187,2	13161	13164
P51,2	13165	13168
P52,2	13169	13172
P92,2	13173	13176
P152,1	13177	13180
P155,1	13181	13184
P190,2	13185	13188
P162,2	13189	13192
P24,2	13193	13196
P191,1	13197	13200
P103,1	13201	13204
P193,1	13205	13208
P175,2	13209	13212
P180,2	13213	13216
P181,1	13217	13220
P69,2	13221	13224
P198,2	13225	13228
P182,2	13229	13232
P183,1	13233	13236
P43,2	13237	13240
P199,1	13241	13244
P125,2	13245	13248
P200,1	13249	13252
P137,1	13253	13256
P185,2	13257	13260
P143,2	13261	13264
P187,2	13265	13268
P51,2	13269	13272
P52,2	13273	13276
P92,2	13277	13280
P152,1	13281	13284
P155,1	13285	13288
P190,2	13289	13292
P162,2	13293	13293
P24,2	13294	13297
P191,1	13298	13301
P103,1	13302	13303
P175,2	13304	13307
P193,2	13308	13311
P180,2	13312	13315
P69,2	13316	13319
P198,2	13320	13323
P182,2	13324	13327
P183,1	13328	13331
P43,2	13332	13335
P199,1	13336	13339
P125,2	13340	13343
P200,1	13344	13347
P137,1	13348	13351
P185,2	13352	13355
P143,2	13356	13359
P187,2	13360	13363
P51,2	13364	13367
P52,2	13368	13371
P92,2	13372	13375
P152,1	13376	13378
P155,1	13379	13382
P190,2	13383	13386
P24,2	13387	13390
P191,1	13391	13394
P175,2	13395	13398
P103,2	13399	13402
P193,2	13403	13406
P180,2	13407	13410
P69,2	13411	13414
P198,2	13415	13418
P182,2	13419	13422
P183,1	13423	13426
P43,2	13427	13430
P199,1	13431	13434
P125,2	13435	13438
P200,1	13439	13439
P137,1	13440	13443
P185,2	13444	13447
P143,2	13448	13451
P187,2	13452	13455
P51,2	13456	13459
P52,2	13460	13463
P92,2	13464	13467
P152,2	13468	13471
P155,1	13472	13472
P190,2	13473	13476
P24,2	13477	13480
P191,1	13481	13484
P175,2	13485	13488
P103,2	13489	13492
P193,2	13493	13496
P180,2	13497	13500
P69,2	13501	13504
P198,2	13505	13508
P182,2	13509	13512
P43,2	13513	13516
P199,1	13517	13518
P125,2	13519	13522
P200,2	13523	13526
P137,2	13527	13530
P185,2	13531	13534
P143,2	13535	13538
P187,2	13539	13542
P51,2	13543	13546
P52,2	13547	13550
P92,2	13551	13554
P152,2	13555	13558
P155,2	13559	13562
P190,2	13563	13566
P24,2	13567	13570
P175,2	13571	13574
P191,2	13575	13578
P103,2	13579	13582
P193,2	13583	13586
P180,2	13587	13590
P69,2	13591	13594
P198,2	13595	13598
P182,2	13599	13602
P43,2	13603	13606
P199,2	13607	13610
P125,2	13611	13614
P200,2	13615	13618
P137,2	13619	13622
P185,2	13623	13626
P143,2	13627	13630
P187,2	13631	13634
P51,2	13635	13638
P52,2	13639	13642
P92,2	13643	13646
P152,2	13647	13650
P155,2	13651	13654
P190,2	13655	13658
P24,2	13659	13662
P175,2	13663	13666
P191,2	13667	13670
P103,2	13671	13674
P193,2	13675	13678
P180,2	13679	13682
P69,2	13683	13686
P198,2	13687	13690
P182,2	13691	13694
P43,2	13695	13698
P199,2	13699	13702
P125,2	13703	13706
P200,2	13707	13710
P137,2	13711	13714
P185,2	13715	13718
P143,2	13719	13722
P51,2	13723	13726
P52,2	13727	13730
P92,2	13731	13734
P152,2	13735	13738
P155,2	13739	13742
P190,2	13743	13743
P24,2	13744	13747
P175,2	13748	13751
P191,2	13752	13755
P103,2	13756	13759
P193,2	13760	13763
P180,2	13764	13767
P69,2	13768	13771
P198,2	13772	13775
P182,2	13776	13779
P43,2	13780	13783
P199,2	13784	13787
P125,2	13788	13791
P200,2	13792	13795
P137,2	13796	13799
P185,2	13800	13803
P143,2	13804	13807
P51,2	13808	13811
P52,2	13812	13815
P92,2	13816	13819
P152,2	13820	13823
P155,2	13824	13827
P24,2	13828	13831
P175,2	13832	13835
P191,2	13836	13839
P103,2	13840	13843
P193,2	13844	13847
P180,2	13848	13851
P69,2	13852	13855
P198,2	13856	13859
P182,2	13860	13863
P43,2	13864	13867
P199,2	13868	13871
P125,2	13872	13875
P200,2	13876	13879
P137,2	13880	13883
P185,2	13884	13887
P143,2	13888	13891
P51,2	13892	13895
P52,2	13896	13899
P92,2	13900	13903
P152,2	13904	13907
P155,2	13908	13911
P24,2	13912	13915
P175,2	13916	13919
P191,2	13920	13923
P103,2	13924	13927
P193,2	13928	13931
P180,2	13932	13935
P69,2	13936	13939
P198,2	13940	13943
P182,2	13944	13947
P43,2	13948	13951
P199,2	13952	13955
P125,2	13956	13959
P200,2	13960	13963
P137,2	13964	13967
P185,2	13968	13971
P143,2	13972	13975
P51,2	13976	13979
P52,2	13980	13983
P92,2	13984	13987
P152,2	13988	13991
P155,2	13992	13995
P24,2	13996	13999
P175,2	14000	14003
P191,2	14004	14007
P103,2	14008	14011
P193,2	14012	14015
P180,2	14016	14019
P69,2	14020	14023
P198,2	14024	14027
P182,2	14028	14031
P43,2	14032	14035
P199,2	14036	14039
P125,2	14040	14043
P200,2	14044	14047
P137,2	14048	14051
P185,2	14052	14053
P143,2	14054	14057
P51,2	14058	14061
P52,2	14062	14062
P92,2	14063	14066
P152,2	14067	14070
P155,2	14071	14074
P24,2	14075	14078
P175,2	14079	14082
P191,2	14083	14086
P103,2	14087	14090
P193,2	14091	14094
P180,2	14095	14098
P69,2	14099	14102
P198,2	14103	14106
P182,2	14107	14110
P43,2	14111	14114
P199,2	14115	14118
P125,2	14119	14122
P200,2	14123	14126
P137,2	14127	14130
P143,2	14131	14134
P51,2	14135	14138
P92,2	14139	14142
P152,2	14143	14146
P155,2	14147	14150
P24,2	14151	14154
P175,2	14155	14158
P191,2	14159	14162
P103,2	14163	14166
P193,2	14167	14170
P180,2	14171	14174
P69,2	14175	14178
P198,2	14179	14182
P182,2	14183	14186
P43,2	14187	14190
P199,2	14191	14194
P125,2	14195	14198
P200,2	14199	14202
P137,2	14203	14206
P143,2	14207	14210
P51,2	14211	14214
P92,2	14215	14218
P152,2	14219	14222
P155,2	14223	14226
P24,2	14227	14230
P175,2	14231	14234
P191,2	14235	14238
P103,2	14239	14242
P193,2	14243	14246
P180,2	14247	14250
P69,2	14251	14254
P198,2	14255	14258
P182,2	14259	14262
P43,2	14263	14266
P199,2	14267	14270
P125,2	14271	14274
P200,2	14275	14278
P137,2	14279	14282
P143,2	14283	14286
P51,2	14287	14290
P92,2	14291	14294
P152,2	14295	14298
P155,2	14299	14302
P24,2	14303	14306
P175,2	14307	14310
P191,2	14311	14314
P103,2	14315	14318
P193,2	14319	14322
P180,2	14323	14326
P69,2	14327	14330
P198,2	14331	14334
P182,2	14335	14338
P43,2	14339	14342
P199,2	14343	14346
P125,2	14347	14350
P200,2	14351	14354
P137,2	14355	14358
P143,2	14359	14362
P92,2	14363	14366
P152,2	14367	14370
P155,2	14371	14374
P24,2	14375	14378
P175,2	14379	14382
P191,2	14383	14386
P103,2	14387	14390
P193,2	14391	14394
P180,2	14395	14398
P69,2	14399	14402
P198,2	14403	14406
P182,2	14407	14410
P43,2	14411	14414
P199,2	14415	14418
P125,2	14419	14422
P200,2	14423	14426
P137,2	14427	14430
P143,2	14431	14434
P92,2	14435	14438
P152,2	14439	14442
P155,2	14443	14446
P24,2	14447	14450
P175,2	14451	14454
P191,2	14455	14458
P103,2	14459	14462
P193,2	14463	14466
P180,2	14467	14470
P69,2	14471	14474
P198,2	14475	14478
P182,2	14479	14482
P43,2	14483	14486
P199,2	14487	14490
P125,2	14491	14494
P200,2	14495	14498
P137,2	14499	14502
P143,2	14503	14506
P92,2	14507	14510
P152,2	14511	14514
P155,2	14515	14518
P24,2	14519	14522
P175,2	14523	14526
P191,2	14527	14530
P103,2	14531	14534
P193,2	14535	14538
P180,2	14539	14542
P69,2	14543	14546
P198,2	14547	14550
P182,2	14551	14554
P43,2	14555	14558
P199,2	14559	14562
P125,2	14563	14566
P200,2	14567	14570
P137,2	14571	14574
P143,2	14575	14578
P92,2	14579	14582
P152,2	14583	14586
P155,2	14587	14590
P24,2	14591	14594
P175,2	14595	14597
P191,2	14598	14601
P103,2	14602	14605
P193,2	14606	14606
P180,2	14607	14610
P69,2	14611	14614
P198,2	14615	14618
P182,2	14619	14622
P43,2	14623	14626
P199,2	14627	14630
P125,2	14631	14634
P200,2	14635	14638
P137,2	14639	14642
P143,2	14643	14646
P92,2	14647	14650
P152,2	14651	14654
P155,2	14655	14658
P24,2	14659	14662
P191,2	14663	14666
P103,2	14667	14670
P180,2	14671	14674
P69,2	14675	14678
P198,2	14679	14682
P182,2	14683	14686
P43,2	14687	14690
P199,2	14691	14694
P125,2	14695	14698
P200,2	14699	14702
P137,2	14703	14706
P143,2	14707	14710
P92,2	14711	14714
P152,2	14715	14717
P155,2	14718	14721
P24,2	14722	14725
P191,2	14726	14729
P103,2	14730	14733
P180,2	14734	14737
P69,2	14738	14741
P198,2	14742	14745
P182,2	14746	14749
P43,2	14750	14753
P199,2	14754	14757
P125,2	14758	14761
P200,2	14762	14765
P137,2	14766	14769
P143,2	14770	14773
P92,2	14774	14777
P155,2	14778	14781
P24,2	14782	14785
P191,2	14786	14789
P103,2	14790	14793
P180,2	14794	14797
P69,2	14798	14801
P198,2	14802	14803
P182,2	14804	14807
P43,2	14808	14811
P199,2	14812	14815
P125,2	14816	14819
P200,2	14820	14823
P137,2	14824	14827
P143,2	14828	14831
P92,2	14832	14834
P155,2	14835	14838
P24,2	14839	14842
P191,2	14843	14846
P103,2	14847	14850
P180,2	14851	14854
P69,2	14855	14858
P182,2	14859	14862
P43,2	14863	14866
P199,2	14867	14870
P125,2	14871	14874
P200,2	14875	14878
P137,2	14879	14882
P155,2	14883	14886
P24,2	14887	14890
P191,2	14891	14894
P103,2	14895	14898
P180,2	14899	14902
P69,2	14903	14906
P182,2	14907	14910
P43,2	14911	14914
P199,2	14915	14918
P125,2	14919	14922
P200,2	14923	14926
P137,2	14927	14930
P155,2	14931	14934
P24,2	14935	14938
P191,2	14939	14942
P103,2	14943	14946
P180,2	14947	14950
P69,2	14951	14954
P182,2	14955	14956
P43,2	14957	14957
P199,2	14958	14961
P125,2	14962	14965
P200,2	14966	14969
P137,2	14970	14973
P155,2	14974	14977
P24,2	14978	14981
P191,2	14982	14985
P103,2	14986	14989
P180,2	14990	14993
P69,2	14994	14997
P199,2	14998	15001
P125,2	15002	15005
P200,2	15006	15009
P137,2	15010	15013
P155,2	15014	15017
P24,2	15018	15021
P191,2	15022	15025
P103,2	15026	15029
P180,2	15030	15033
P69,2	15034	15037
P199,2	15038	15041
P125,2	15042	15045
P200,2	15046	15049
P137,2	15050	15053
P155,2	15054	15057
P24,2	15058	15061
P191,2	15062	15065
P103,2	15066	15069
P69,2	15070	15073
P199,2	15074	15077
P125,2	15078	15081
P200,2	15082	15085
P137,2	15086	15089
P155,2	15090	15093
P24,2	15094	15097
P191,2	15098	15101
P103,2	15102	15105
P69,2	15106	15109
P199,2	15110	15113
P125,2	15114	15117
P200,2	15118	15121
P137,2	15122	15125
P155,2	15126	15129
P24,2	15130	15133
P191,2	15134	15137
P103,2	15138	15141
P69,2	15142	15145
P199,2	15146	15149
P125,2	15150	15153
P200,2	15154	15157
P137,2	15158	15161
P155,2	15162	15165
P24,2	15166	15169
P191,2	15170	15173
P103,2	15174	15177
P69,2	15178	15181
P199,2	15182	15185
P125,2	15186	15189
P200,2	15190	15193
P155,2	15194	15197
P24,2	15198	15201
P191,2	15202	15205
P103,2	15206	15208
P69,2	15209	15212
P199,2	15213	15216
P125,2	15217	15220
P200,2	15221	15224
P155,2	15225	15228
P24,2	15229	15232
P191,2	15233	15236
P69,2	15237	15237
P199,2	15238	15241
P125,2	15242	15244
P200,2	15245	15245
P155,2	15246	15249
P191,2	15250	15253
P199,2	15254	15257
P155,2	15258	15261
P191,2	15262	15265
P199,2	15266	15269
P155,2	15270	15273
P191,2	15274	15277
P199,2	15278	15281
P155,2	15282	15285
P191,2	15286	15289
P199,2	15290	15293
P155,2	15294	15297
P191,2	15298	15301
P199,2	15302	15305
P155,2	15306	15309
P199,2	15310	15313
P155,2	15314	15317
P199,2	15318	15321
P155,2	15322	15325
P199,2	15326	15329
P155,2	15330	15333
P199,2	15334	15337
P155,2	15338	15341
P199,2	15342	15345
P155,2	15346	15349
P199,2	15350	15353
P155,2	15354	15357
P199,2	15358	15361
P155,2	15362	15385
