CPU0
P1,1	2	9
P2,1	10	10
P3,1	11	18
P1,1	19	26
P4,1	27	27
P5,1	28	31
P3,1	32	39
P6,1	40	41
P7,1	42	44
P8,1	45	48
P1,1	49	56
P9,1	57	62
P2,2	63	64
P3,1	65	72
P10,1	73	74
P11,1	75	79
P12,1	80	82
P5,2	83	86
P4,2	87	91
P1,1	92	99
P13,1	100	103
P7,2	104	104
P14,1	105	107
P15,1	108	115
P16,1	116	121
P17,1	122	123
P3,1	124	131
P6,2	132	132
P18,1	133	135
P19,1	136	139
P20,1	140	144
P21,1	145	149
P8,2	150	150
P9,2	151	153
P2,3	154	154
P22,1	155	157
P12,2	158	160
P1,1	161	168
P23,1	169	172
P24,1	173	180
P5,3	181	186
P25,1	187	190
P10,2	191	193
P26,1	194	194
P27,1	195	202
P15,1	203	210
P11,2	211	213
P28,1	214	219
P7,3	220	220
P4,3	221	223
P29,1	224	227
P14,2	228	232
P3,1	233	240
P30,1	241	241
P16,2	242	245
P13,2	246	246
P31,1	247	249
P32,1	250	257
P33,1	258	265
P6,3	266	270
P17,2	271	272
P34,1	273	274
P18,2	275	276
P35,1	277	281
P20,2	282	284
P36,1	285	288
P1,1	289	296
P37,1	297	300
P38,1	301	308
P21,2	309	310
P19,2	311	311
P39,1	312	317
P40,1	318	319
P24,1	320	327
P8,3	328	331
P41,1	332	335
P2,4	336	340
P42,1	341	344
P12,3	345	349
P43,1	350	357
P9,3	358	362
P22,2	363	367
P44,1	368	368
P45,1	369	374
P27,1	375	382
P46,1	383	383
P47,1	384	388
P5,4	389	392
P23,2	393	398
P15,1	399	406
P48,1	407	412
P25,2	413	415
P26,2	416	419
P49,1	420	425
P50,1	426	431
P10,3	432	437
P51,1	438	445
P52,1	446	453
P53,1	454	457
P54,1	458	462
P28,2	463	465
P55,1	466	471
P3,1	472	479
P56,1	480	480
P57,1	481	483
P4,4	484	486
P58,1	487	489
P59,1	490	492
P11,3	493	498
P14,3	499	502
P60,1	503	507
P7,4	508	511
P61,1	512	512
P29,2	513	518
P32,1	519	526
P62,1	527	531
P63,1	532	539
P33,1	540	547
P64,1	548	552
P65,1	553	555
P66,1	556	560
P67,1	561	561
P30,2	562	567
P68,1	568	571
P69,1	572	579
P70,1	580	582
P16,3	583	586
P71,1	587	591
P13,3	592	594
P72,1	595	599
P31,2	600	601
P73,1	602	609
P74,1	610	612
P75,1	613	613
P76,1	614	616
P1,1	617	624
P17,3	625	629
P77,1	630	630
P34,2	631	634
P6,4	635	637
P36,2	638	638
P78,1	639	641
P35,2	642	647
P38,1	648	655
P18,3	656	658
P20,3	659	659
P79,1	660	660
P80,1	661	665
P81,1	666	673
P24,1	674	681
P19,3	682	682
P82,1	683	685
P83,1	686	693
P84,1	694	696
P37,2	697	701
P39,2	702	704
P85,1	705	708
P21,3	709	709
P86,1	710	714
P8,4	715	719
P40,2	720	722
P87,1	723	723
P43,1	724	731
P88,1	732	732
P41,2	733	735
P89,1	736	738
P2,5	739	743
P90,1	744	746
P42,2	747	751
P91,1	752	757
P92,1	758	765
P93,1	766	767
P94,1	768	770
P12,4	771	773
P27,1	774	781
P95,1	782	783
P22,3	784	786
P96,1	787	792
P9,4	793	794
P97,1	795	796
P44,2	797	802
P45,2	803	803
P15,1	804	811
P47,2	812	814
P98,1	815	817
P46,2	818	818
P23,3	819	824
P99,1	825	830
P100,1	831	835
P101,1	836	836
P102,1	837	842
P5,5	843	845
P103,1	846	853
P26,3	854	857
P104,1	858	863
P105,1	864	871
P106,1	872	875
P51,1	876	883
P48,2	884	885
P52,1	886	893
P107,1	894	898
P25,3	899	901
P50,2	902	905
P108,1	906	910
P109,1	911	913
P49,2	914	914
P110,1	915	915
P10,4	916	917
P111,1	918	919
P3,1	920	927
P112,1	928	928
P53,2	929	934
P54,2	935	939
P113,1	940	940
P114,1	941	946
P28,3	947	948
P115,1	949	956
P55,2	957	961
P116,1	962	967
P56,2	968	971
P117,1	972	974
P118,1	975	978
P58,2	979	984
P119,1	985	988
P57,2	989	991
P120,1	992	994
P11,4	995	997
P121,1	998	999
P4,5	1000	1003
P60,2	1004	1009
P59,2	1010	1013
P32,1	1014	1021
P122,1	1022	1027
P7,5	1028	1032
P123,1	1033	1037
P63,1	1038	1045
P61,2	1046	1050
P14,4	1051	1053
P33,1	1054	1061
P124,1	1062	1066
P125,1	1067	1074
P62,2	1075	1079
P126,1	1080	1081
P29,3	1082	1084
P127,1	1085	1088
P128,1	1089	1093
P129,1	1094	1095
P130,1	1096	1097
P131,1	1098	1099
P132,1	1100	1104
P65,2	1105	1107
P133,1	1108	1111
P134,1	1112	1112
P69,1	1113	1120
P135,1	1121	1124
P136,1	1125	1130
P137,1	1131	1138
P138,1	1139	1143
P64,2	1144	1147
P68,2	1148	1151
P139,1	1152	1154
P66,2	1155	1158
P67,2	1159	1159
P140,1	1160	1164
P30,3	1165	1166
P141,1	1167	1167
P70,2	1168	1169
P73,1	1170	1177
P13,4	1178	1183
P142,1	1184	1189
P143,1	1190	1197
P16,4	1198	1203
P144,1	1204	1207
P145,1	1208	1212
P146,1	1213	1220
P1,1	1221	1228
P71,2	1229	1234
P74,2	1235	1235
P147,1	1236	1240
P72,2	1241	1241
P148,1	1242	1242
P75,2	1243	1243
P149,1	1244	1248
P31,3	1249	1249
P76,2	1250	1253
P77,2	1254	1254
P150,1	1255	1255
P151,1	1256	1256
P6,5	1257	1258
P38,1	1259	1266
P152,1	1267	1274
P153,1	1275	1275
P17,4	1276	1278
P154,1	1279	1281
P36,3	1282	1285
P34,3	1286	1289
P155,1	1290	1297
P156,1	1298	1301
P81,1	1302	1309
P157,1	1310	1314
P35,3	1315	1320
P18,4	1321	1325
P78,2	1326	1327
P24,1	1328	1335
P158,1	1336	1337
P20,4	1338	1339
P80,2	1340	1341
P159,1	1342	1343
P160,1	1344	1344
P83,1	1345	1352
P161,1	1353	1353
P79,2	1354	1359
P162,1	1360	1367
P82,2	1368	1371
P163,1	1372	1375
P164,1	1376	1379
P19,4	1380	1384
P165,1	1385	1385
P84,2	1386	1391
P39,3	1392	1393
P166,1	1394	1398
P85,2	1399	1403
P43,1	1404	1411
P21,4	1412	1413
P37,3	1414	1416
P167,1	1417	1419
P86,2	1420	1424
P8,5	1425	1429
P168,1	1430	1437
P87,2	1438	1440
P169,1	1441	1442
P170,1	1443	1443
P171,1	1444	1445
P40,3	1446	1449
P172,1	1450	1455
P2,6	1456	1459
P88,2	1460	1461
P173,1	1462	1467
P92,1	1468	1475
P174,1	1476	1481
P89,2	1482	1486
P175,1	1487	1494
P176,1	1495	1500
P41,3	1501	1505
P42,3	1506	1511
P91,2	1512	1515
P27,1	1516	1523
P177,1	1524	1528
P90,2	1529	1529
P178,1	1530	1535
P179,1	1536	1541
P180,1	1542	1549
P93,2	1550	1553
P12,5	1554	1556
P94,2	1557	1562
P22,4	1563	1566
P15,1	1567	1574
P95,2	1575	1579
P96,2	1580	1582
P97,2	1583	1584
P9,5	1585	1585
P45,3	1586	1590
P44,3	1591	1595
P47,3	1596	1596
P46,3	1597	1598
P98,2	1599	1600
P23,4	1601	1603
P181,1	1604	1611
P100,2	1612	1615
P103,1	1616	1623
P99,2	1624	1628
P105,1	1629	1636
P101,2	1637	1637
P182,1	1638	1645
P5,6	1646	1647
P104,2	1648	1648
P102,2	1649	1654
P51,1	1655	1662
P183,1	1663	1670
P52,1	1671	1678
P26,4	1679	1681
P184,1	1682	1689
P106,2	1690	1695
P48,3	1696	1700
P25,4	1701	1704
P3,1	1705	1712
P50,3	1713	1717
P108,2	1718	1720
P49,3	1721	1726
P107,2	1727	1729
P109,2	1730	1731
P111,2	1732	1733
P110,2	1734	1736
P10,5	1737	1740
P115,1	1741	1748
P53,3	1749	1753
P28,4	1754	1754
P185,1	1755	1762
P112,2	1763	1765
P54,3	1766	1769
P113,2	1770	1774
P114,2	1775	1780
P55,3	1781	1782
P56,3	1783	1785
P116,2	1786	1788
P58,3	1789	1790
P119,2	1791	1795
P57,3	1796	1801
P118,2	1802	1803
P117,2	1804	1807
P186,1	1808	1815
P121,2	1816	1819
P32,1	1820	1827
P60,3	1828	1830
P120,2	1831	1834
P11,5	1835	1839
P4,6	1840	1844
P187,1	1845	1852
P59,3	1853	1857
P63,1	1858	1865
P122,2	1866	1871
P188,1	1872	1879
P33,1	1880	1887
P7,6	1888	1889
P123,2	1890	1890
P125,1	1891	1898
P61,3	1899	1904
P14,5	1905	1908
P124,2	1909	1914
P189,1	1915	1922
P29,4	1923	1928
P126,2	1929	1930
P128,2	1931	1933
P62,3	1934	1934
P129,2	1935	1940
P127,2	1941	1942
P69,1	1943	1950
P131,2	1951	1955
P190,1	1956	1963
P130,2	1964	1968
P132,2	1969	1972
P65,3	1973	1974
P133,2	1975	1975
P137,1	1976	1983
P136,2	1984	1988
P134,2	1989	1992
P135,2	1993	1998
P68,3	1999	2003
P64,3	2004	2007
P73,1	2008	2015
P66,3	2016	2018
P139,2	2019	2022
P191,1	2023	2030
P138,2	2031	2036
P192,1	2037	2044
P140,2	2045	2048
P70,3	2049	2054
P143,1	2055	2062
P67,3	2063	2063
P141,2	2064	2064
P30,4	2065	2067
P142,2	2068	2071
P13,5	2072	2077
P193,1	2078	2085
P146,1	2086	2093
P1,1	2094	2101
P144,2	2102	2106
P16,5	2107	2109
P145,2	2110	2112
P194,1	2113	2120
P71,3	2121	2122
P148,2	2123	2128
P38,1	2129	2136
P149,2	2137	2138
P150,2	2139	2141
P152,1	2142	2149
P74,3	2150	2154
P75,3	2155	2157
P72,3	2158	2163
P147,2	2164	2166
P76,3	2167	2170
P31,4	2171	2176
P195,1	2177	2184
P6,6	2185	2187
P151,2	2188	2192
P77,3	2193	2198
P154,2	2199	2204
P155,1	2205	2212
P17,5	2213	2216
P81,1	2217	2224
P34,4	2225	2225
P153,2	2226	2226
P36,4	2227	2227
P156,2	2228	2230
P157,2	2231	2231
P24,1	2232	2239
P196,1	2240	2247
P18,5	2248	2252
P83,1	2253	2260
P197,1	2261	2268
P78,3	2269	2272
P80,3	2273	2278
P35,4	2279	2282
P20,5	2283	2285
P162,1	2286	2293
P159,2	2294	2298
P158,2	2299	2304
P160,2	2305	2308
P161,2	2309	2314
P79,3	2315	2319
P198,1	2320	2327
P164,2	2328	2329
P165,2	2330	2332
P19,5	2333	2338
P82,3	2339	2343
P163,2	2344	2344
P43,1	2345	2352
P199,1	2353	2360
P39,4	2361	2365
P84,3	2366	2368
P21,5	2369	2369
P166,2	2370	2372
P37,4	2373	2375
P200,1	2376	2383
P85,3	2384	2386
P167,2	2387	2390
P168,1	2391	2398
P86,3	2399	2401
P169,2	2402	2404
P171,2	2405	2405
P8,6	2406	2406
P92,1	2407	2414
P172,2	2415	2420
P88,3	2421	2426
P87,3	2427	2428
P170,2	2429	2430
P40,4	2431	2435
P2,7	2436	2436
P173,2	2437	2440
P175,1	2441	2448
P174,2	2449	2454
P89,3	2455	2459
P176,2	2460	2464
P27,1	2465	2472
P42,4	2473	2474
P41,4	2475	2475
P91,3	2476	2480
P180,1	2481	2488
P177,2	2489	2493
P179,2	2494	2496
P90,3	2497	2501
P178,2	2502	2503
P15,1	2504	2511
P93,3	2512	2514
P12,6	2515	2517
P94,3	2518	2522
P22,5	2523	2527
P95,3	2528	2533
P9,6	2534	2539
P181,1	2540	2547
P96,3	2548	2551
P98,3	2552	2557
P44,4	2558	2561
P47,4	2562	2566
P46,4	2567	2569
P97,3	2570	2570
P45,4	2571	2572
P103,1	2573	2580
P23,5	2581	2584
P105,1	2585	2592
P182,1	2593	2600
P99,3	2601	2603
P100,3	2604	2606
P51,1	2607	2614
P101,3	2615	2616
P102,3	2617	2617
P183,1	2618	2625
P52,1	2626	2633
P104,3	2634	2639
P184,1	2640	2647
P3,1	2648	2655
P26,5	2656	2661
P48,4	2662	2663
P106,3	2664	2666
P25,5	2667	2667
P108,3	2668	2668
P49,4	2669	2669
P115,1	2670	2677
P50,4	2678	2680
P111,3	2681	2686
P185,1	2687	2694
P107,3	2695	2695
P10,6	2696	2698
P109,3	2699	2701
P110,3	2702	2705
P28,5	2706	2707
P53,4	2708	2711
P54,4	2712	2715
P113,3	2716	2717
P112,3	2718	2722
P116,3	2723	2724
P186,1	2725	2732
P114,3	2733	2738
P55,4	2739	2741
P56,4	2742	2747
P57,4	2748	2748
P118,3	2749	2754
P117,3	2755	2758
P119,3	2759	2760
P58,4	2761	2766
P32,1	2767	2774
P121,3	2775	2780
P187,1	2781	2788
P11,6	2789	2794
P60,4	2795	2800
P120,3	2801	2804
P4,7	2805	2806
P63,1	2807	2814
P188,1	2815	2822
P33,1	2823	2830
P122,3	2831	2836
P59,4	2837	2842
P125,1	2843	2850
P7,7	2851	2855
P123,3	2856	2858
P189,1	2859	2866
P14,6	2867	2872
P61,4	2873	2875
P124,3	2876	2879
P126,3	2880	2884
P69,1	2885	2892
P128,3	2893	2894
P29,5	2895	2897
P190,1	2898	2905
P62,4	2906	2907
P127,3	2908	2912
P129,3	2913	2913
P137,1	2914	2921
P131,3	2922	2925
P132,3	2926	2930
P136,3	2931	2933
P130,3	2934	2939
P133,3	2940	2945
P65,4	2946	2946
P73,1	2947	2954
P68,4	2955	2955
P134,3	2956	2959
P135,3	2960	2960
P191,1	2961	2968
P64,4	2969	2973
P192,1	2974	2981
P139,3	2982	2985
P66,4	2986	2986
P143,1	2987	2994
P138,3	2995	2999
P140,3	3000	3003
P141,3	3004	3004
P193,1	3005	3012
P70,4	3013	3016
P13,6	3017	3022
P146,1	3023	3030
P67,4	3031	3033
P30,5	3034	3038
P142,3	3039	3040
P1,1	3041	3048
P194,1	3049	3056
P144,3	3057	3061
P38,1	3062	3069
P145,3	3070	3072
P16,6	3073	3078
P148,3	3079	3082
P152,1	3083	3090
P71,4	3091	3092
P149,3	3093	3098
P150,3	3099	3102
P74,4	3103	3104
P75,4	3105	3109
P72,4	3110	3111
P195,1	3112	3119
P147,3	3120	3120
P76,4	3121	3125
P155,1	3126	3133
P31,5	3134	3137
P6,7	3138	3143
P77,4	3144	3148
P81,1	3149	3156
P151,3	3157	3157
P154,3	3158	3159
P17,6	3160	3165
P24,1	3166	3173
P36,5	3174	3174
P196,1	3175	3182
P156,3	3183	3188
P153,3	3189	3191
P34,5	3192	3193
P157,3	3194	3195
P83,1	3196	3203
P197,1	3204	3211
P18,6	3212	3214
P162,1	3215	3222
P80,4	3223	3227
P78,4	3228	3228
P20,6	3229	3230
P159,3	3231	3232
P35,5	3233	3238
P198,1	3239	3246
P158,3	3247	3251
P160,3	3252	3254
P161,3	3255	3256
P79,4	3257	3261
P164,3	3262	3265
P43,1	3266	3273
P199,1	3274	3281
P165,3	3282	3286
P82,4	3287	3287
P163,3	3288	3288
P19,6	3289	3294
P200,1	3295	3302
P166,3	3303	3303
P39,5	3304	3309
P168,1	3310	3317
P84,4	3318	3321
P37,5	3322	3322
P92,1	3323	3330
P167,3	3331	3333
P85,4	3334	3334
P171,3	3335	3339
P86,4	3340	3343
P169,3	3344	3345
P172,3	3346	3347
P8,7	3348	3353
P87,4	3354	3358
P175,1	3359	3366
P88,4	3367	3368
P170,3	3369	3374
P2,8	3375	3375
P40,5	3376	3378
P27,1	3379	3386
P174,3	3387	3387
P173,3	3388	3389
P180,1	3390	3397
P89,4	3398	3399
P91,4	3400	3400
P42,5	3401	3402
P176,3	3403	3408
P15,1	3409	3416
P41,5	3417	3420
P179,3	3421	3424
P177,3	3425	3429
P178,3	3430	3431
P90,4	3432	3437
P93,4	3438	3443
P12,7	3444	3447
P94,4	3448	3449
P22,6	3450	3454
P181,1	3455	3462
P95,4	3463	3467
P96,4	3468	3471
P9,7	3472	3473
P98,4	3474	3477
P103,1	3478	3485
P97,4	3486	3486
P44,5	3487	3492
P105,1	3493	3500
P47,5	3501	3506
P182,1	3507	3514
P45,5	3515	3517
P46,5	3518	3522
P51,1	3523	3530
P23,6	3531	3532
P99,4	3533	3538
P183,1	3539	3546
P101,4	3547	3551
P52,1	3552	3559
P100,4	3560	3561
P184,1	3562	3569
P102,4	3570	3571
P3,1	3572	3579
P104,4	3580	3585
P115,1	3586	3593
P26,6	3594	3599
P106,4	3600	3601
P48,5	3602	3605
P108,4	3606	3606
P185,1	3607	3614
P25,6	3615	3618
P49,5	3619	3619
P111,4	3620	3624
P107,4	3625	3625
P50,5	3626	3630
P53,5	3631	3632
P186,1	3633	3640
P109,4	3641	3646
P10,7	3647	3647
P54,5	3648	3653
P110,4	3654	3654
P116,4	3655	3659
P113,4	3660	3664
P28,6	3665	3670
P112,4	3671	3674
P55,5	3675	3680
P114,4	3681	3681
P32,1	3682	3689
P117,4	3690	3694
P57,5	3695	3697
P118,4	3698	3703
P119,4	3704	3708
P56,5	3709	3714
P187,1	3715	3722
P58,5	3723	3725
P121,4	3726	3726
P63,1	3727	3734
P188,1	3735	3742
P120,4	3743	3746
P11,7	3747	3751
P33,1	3752	3759
P60,5	3760	3764
P125,1	3765	3772
P59,5	3773	3774
P189,1	3775	3782
P122,4	3783	3788
P7,8	3789	3791
P123,4	3792	3792
P69,1	3793	3800
P124,4	3801	3801
P126,4	3802	3805
P190,1	3806	3813
P14,7	3814	3819
P61,5	3820	3822
P137,1	3823	3830
P29,6	3831	3836
P128,4	3837	3837
P127,4	3838	3841
P62,5	3842	3844
P129,4	3845	3848
P131,4	3849	3853
P73,1	3854	3861
P133,4	3862	3867
P132,4	3868	3869
P191,1	3870	3877
P130,4	3878	3881
P136,4	3882	3887
P65,5	3888	3889
P135,4	3890	3894
P68,5	3895	3896
P192,1	3897	3904
P64,5	3905	3909
P143,1	3910	3917
P134,4	3918	3918
P66,5	3919	3920
P139,4	3921	3925
P193,1	3926	3933
P138,4	3934	3939
P141,4	3940	3941
P146,1	3942	3949
P140,4	3950	3950
P13,7	3951	3953
P70,5	3954	3956
P1,1	3957	3964
P194,1	3965	3972
P142,4	3973	3973
P38,1	3974	3981
P67,5	3982	3985
P30,6	3986	3986
P152,1	3987	3994
P145,4	3995	3998
P144,4	3999	4001
P148,4	4002	4007
P16,7	4008	4013
P71,5	4014	4017
P195,1	4018	4025
P74,5	4026	4026
P75,5	4027	4031
P149,4	4032	4036
P155,1	4037	4044
P150,4	4045	4049
P147,4	4050	4051
P72,5	4052	4057
P81,1	4058	4065
P76,5	4066	4069
P31,6	4070	4070
P77,5	4071	4071
P24,1	4072	4079
P6,8	4080	4081
P151,4	4082	4087
P196,1	4088	4095
P154,4	4096	4099
P36,6	4100	4105
P17,7	4106	4106
P83,1	4107	4114
P156,4	4115	4115
P34,6	4116	4121
P153,4	4122	4124
P197,1	4125	4132
P162,1	4133	4140
P157,4	4141	4145
P20,7	4146	4149
P198,1	4150	4157
P78,5	4158	4163
P80,5	4164	4167
P18,7	4168	4169
P159,4	4170	4172
P35,6	4173	4176
P158,4	4177	4180
P43,1	4181	4188
P199,1	4189	4196
P161,4	4197	4202
P160,4	4203	4204
P164,4	4205	4205
P79,5	4206	4208
P200,1	4209	4216
P19,7	4217	4219
P168,1	4220	4227
P82,5	4228	4228
P163,4	4229	4234
P165,4	4235	4235
P166,4	4236	4238
P92,1	4239	4246
P39,6	4247	4251
P37,6	4252	4252
P84,5	4253	4256
P171,4	4257	4259
P167,4	4260	4260
P175,1	4261	4268
P169,4	4269	4274
P85,5	4275	4277
P86,5	4278	4278
P87,5	4279	4283
P172,4	4284	4289
P27,1	4290	4297
P8,8	4298	4299
P2,9	4300	4301
P40,6	4302	4305
P170,4	4306	4306
P88,5	4307	4307
P180,1	4308	4315
P174,4	4316	4320
P173,4	4321	4322
P91,5	4323	4327
P15,1	4328	4333
P89,5	4334	4338
P176,4	4339	4339
P41,6	4340	4344
P179,4	4345	4349
P177,4	4350	4353
P90,5	4354	4358
P181,1	4359	4366
P12,8	4367	4369
P178,4	4370	4371
P94,5	4372	4372
P22,7	4373	4375
P93,5	4376	4379
P103,1	4380	4387
P96,5	4388	4392
P95,5	4393	4398
P105,1	4399	4406
P9,8	4407	4408
P44,6	4409	4410
P182,1	4411	4418
P98,5	4419	4422
P97,5	4423	4425
P47,6	4426	4429
P51,1	4430	4437
P45,6	4438	4439
P183,1	4440	4447
P46,6	4448	4451
P52,1	4452	4459
P99,5	4460	4462
P23,7	4463	4466
P184,1	4467	4474
P101,5	4475	4479
P3,1	4480	4487
P115,1	4488	4495
P100,5	4496	4500
P102,5	4501	4504
P185,1	4505	4512
P48,6	4513	4516
P104,5	4517	4517
P106,5	4518	4519
P26,7	4520	4522
P108,5	4523	4525
P186,1	4526	4533
P50,6	4534	4534
P107,5	4535	4536
P49,6	4537	4537
P111,5	4538	4543
P53,6	4544	4549
P109,5	4550	4553
P10,8	4554	4556
P54,6	4557	4561
P116,5	4562	4563
P113,5	4564	4567
P110,5	4568	4569
P32,1	4570	4577
P28,7	4578	4583
P112,5	4584	4586
P114,5	4587	4587
P55,6	4588	4589
P57,6	4590	4594
P187,1	4595	4602
P117,5	4603	4603
P63,1	4604	4611
P118,5	4612	4613
P119,5	4614	4615
P188,1	4616	4623
P56,6	4624	4626
P121,5	4627	4631
P33,1	4632	4639
P58,6	4640	4640
P11,8	4641	4643
P125,1	4644	4651
P189,1	4652	4659
P120,5	4660	4661
P59,6	4662	4666
P69,1	4667	4674
P60,6	4675	4675
P122,5	4676	4680
P7,9	4681	4682
P190,1	4683	4690
P123,5	4691	4695
P137,1	4696	4703
P126,5	4704	4707
P124,5	4708	4709
P29,7	4710	4714
P14,8	4715	4719
P61,6	4720	4721
P127,5	4722	4723
P73,1	4724	4731
P128,5	4732	4736
P191,1	4737	4744
P131,5	4745	4745
P62,6	4746	4746
P129,5	4747	4749
P133,5	4750	4752
P132,5	4753	4757
P192,1	4758	4765
P65,6	4766	4768
P135,5	4769	4770
P143,1	4771	4778
P130,5	4779	4782
P136,5	4783	4787
P68,6	4788	4790
P193,1	4791	4798
P64,6	4799	4801
P66,6	4802	4802
P146,1	4803	4810
P134,5	4811	4815
P139,5	4816	4821
P1,1	4822	4829
P194,1	4830	4837
P138,5	4838	4838
P70,6	4839	4843
P141,5	4844	4844
P38,1	4845	4852
P140,5	4853	4853
P152,1	4854	4861
P30,7	4862	4866
P142,5	4867	4869
P145,5	4870	4871
P195,1	4872	4879
P148,5	4880	4885
P144,5	4886	4888
P16,8	4889	4894
P155,1	4895	4902
P71,6	4903	4904
P75,6	4905	4905
P81,1	4906	4913
P149,5	4914	4915
P147,5	4916	4918
P24,1	4919	4926
P150,5	4927	4927
P31,7	4928	4933
P196,1	4934	4941
P76,6	4942	4946
P6,9	4947	4952
P77,6	4953	4954
P83,1	4955	4962
P151,5	4963	4968
P17,8	4969	4974
P154,5	4975	4976
P156,5	4977	4978
P197,1	4979	4986
P153,5	4987	4992
P162,1	4993	5000
P34,7	5001	5001
P198,1	5002	5009
P157,5	5010	5011
P20,8	5012	5012
P18,8	5013	5014
P43,1	5015	5022
P159,5	5023	5028
P78,6	5029	5029
P199,1	5030	5037
P158,5	5038	5042
P35,7	5043	5046
P200,1	5047	5054
P161,5	5055	5058
P160,5	5059	5064
P168,1	5065	5072
P164,5	5073	5073
P79,6	5074	5078
P19,8	5079	5080
P82,6	5081	5084
P92,1	5085	5092
P175,1	5093	5100
P166,5	5101	5103
P165,5	5104	5108
P163,5	5109	5113
P84,6	5114	5115
P37,7	5116	5120
P39,7	5121	5125
P171,5	5126	5130
P167,5	5131	5132
P27,1	5133	5140
P87,6	5141	5141
P169,5	5142	5146
P180,1	5147	5154
P86,6	5155	5155
P85,6	5156	5160
P172,5	5161	5161
P8,9	5162	5166
P170,5	5167	5170
P174,5	5171	5171
P15,2	5172	5179
P2,10	5180	5182
P40,7	5183	5188
P91,6	5189	5192
P176,5	5193	5197
P173,5	5198	5203
P89,6	5204	5204
P181,1	5205	5212
P41,7	5213	5217
P179,5	5218	5219
P90,6	5220	5222
P177,5	5223	5225
P103,1	5226	5233
P93,6	5234	5239
P178,5	5240	5242
P12,9	5243	5248
P22,8	5249	5250
P105,1	5251	5258
P94,6	5259	5259
P182,1	5260	5267
P96,6	5268	5271
P95,6	5272	5273
P51,1	5274	5281
P9,9	5282	5287
P44,7	5288	5291
P183,1	5292	5299
P47,7	5300	5304
P98,6	5305	5306
P97,6	5307	5310
P52,1	5311	5318
P45,7	5319	5319
P184,1	5320	5327
P46,7	5328	5333
P23,8	5334	5334
P3,1	5335	5342
P115,1	5343	5350
P101,6	5351	5354
P185,1	5355	5362
P100,6	5363	5364
P186,1	5365	5372
P48,7	5373	5378
P102,6	5379	5383
P104,6	5384	5389
P26,8	5390	5394
P108,6	5395	5399
P49,7	5400	5405
P109,6	5406	5408
P107,6	5409	5413
P54,7	5414	5416
P10,9	5417	5417
P32,1	5418	5425
P53,7	5426	5430
P111,6	5431	5433
P116,6	5434	5435
P110,6	5436	5441
P187,1	5442	5449
P28,8	5450	5454
P63,1	5455	5462
P112,6	5463	5468
P188,1	5469	5476
P114,6	5477	5477
P57,7	5478	5483
P55,7	5484	5485
P118,6	5486	5491
P117,6	5492	5492
P119,6	5493	5493
P33,1	5494	5501
P125,1	5502	5509
P56,7	5510	5510
P189,1	5511	5518
P58,7	5519	5524
P121,6	5525	5525
P69,1	5526	5533
P59,7	5534	5534
P120,6	5535	5538
P190,1	5539	5546
P7,10	5547	5549
P60,7	5550	5550
P137,1	5551	5558
P123,6	5559	5564
P29,8	5565	5568
P73,1	5569	5576
P14,9	5577	5581
P61,7	5582	5584
P124,6	5585	5586
P191,1	5587	5594
P126,6	5595	5599
P127,6	5600	5601
P62,7	5602	5605
P192,1	5606	5613
P132,6	5614	5619
P129,6	5620	5621
P143,1	5622	5629
P133,6	5630	5632
P131,6	5633	5638
P135,6	5639	5639
P193,1	5640	5647
P65,7	5648	5652
P146,1	5653	5660
P68,7	5661	5662
P130,6	5663	5664
P1,1	5665	5672
P64,7	5673	5674
P66,7	5675	5677
P194,1	5678	5685
P139,6	5686	5688
P134,6	5689	5691
P38,1	5692	5699
P152,1	5700	5707
P141,6	5708	5712
P138,6	5713	5715
P195,1	5716	5723
P70,7	5724	5727
P142,6	5728	5729
P140,6	5730	5734
P145,6	5735	5738
P30,8	5739	5739
P155,1	5740	5747
P81,1	5748	5755
P148,6	5756	5757
P144,6	5758	5762
P75,7	5763	5767
P24,1	5768	5775
P16,9	5776	5777
P71,7	5778	5779
P149,6	5780	5784
P147,6	5785	5789
P196,1	5790	5797
P83,1	5798	5805
P150,6	5806	5811
P6,10	5812	5813
P76,7	5814	5815
P77,7	5816	5817
P197,1	5818	5825
P17,9	5826	5829
P151,6	5830	5834
P162,1	5835	5842
P156,6	5843	5844
P198,1	5845	5852
P43,1	5853	5860
P34,8	5861	5862
P153,6	5863	5863
P199,1	5864	5871
P18,9	5872	5872
P20,9	5873	5873
P200,1	5874	5881
P35,8	5882	5885
P159,6	5886	5887
P78,7	5888	5892
P168,1	5893	5900
P158,6	5901	5905
P160,6	5906	5911
P92,1	5912	5919
P175,1	5920	5927
P82,7	5928	5929
P79,7	5930	5933
P164,6	5934	5939
P19,9	5940	5944
P166,6	5945	5948
P163,6	5949	5954
P165,6	5955	5957
P27,1	5958	5965
P167,6	5966	5968
P84,7	5969	5970
P37,8	5971	5974
P180,1	5975	5982
P39,8	5983	5986
P171,6	5987	5989
P87,7	5990	5995
P15,2	5996	6003
P85,7	6004	6005
P172,6	6006	6007
P86,7	6008	6011
P174,6	6012	6014
P8,10	6015	6020
P170,6	6021	6024
P2,11	6025	6030
P181,1	6031	6038
P176,6	6039	6040
P89,7	6041	6045
P40,8	6046	6047
P91,7	6048	6050
P173,6	6051	6051
P103,1	6052	6059
P41,8	6060	6061
P179,6	6062	6067
P90,7	6068	6069
P105,1	6070	6077
P177,6	6078	6081
P178,6	6082	6087
P93,7	6088	6092
P182,1	6093	6100
P12,10	6101	6102
P22,9	6103	6103
P51,1	6104	6111
P94,7	6112	6114
P183,1	6115	6122
P95,7	6123	6124
P96,7	6125	6125
P9,10	6126	6128
P52,1	6129	6136
P98,7	6137	6142
P47,8	6143	6144
P184,1	6145	6152
P45,8	6153	6154
P3,1	6155	6162
P97,7	6163	6166
P115,1	6167	6174
P23,9	6175	6176
P185,1	6177	6184
P46,8	6185	6189
P186,1	6190	6197
P101,7	6198	6199
P100,7	6200	6201
P102,7	6202	6206
P48,8	6207	6207
P26,9	6208	6208
P104,7	6209	6209
P108,7	6210	6211
P32,1	6212	6219
P49,8	6220	6222
P10,10	6223	6226
P53,8	6227	6227
P187,1	6228	6235
P107,7	6236	6241
P54,8	6242	6244
P111,7	6245	6245
P63,1	6246	6253
P110,7	6254	6258
P116,7	6259	6259
P188,1	6260	6267
P112,7	6268	6270
P28,9	6271	6274
P114,7	6275	6280
P33,1	6281	6286
P55,8	6287	6290
P118,7	6291	6294
P125,1	6295	6302
P117,7	6303	6307
P57,8	6308	6308
P189,1	6309	6316
P119,7	6317	6317
P69,1	6318	6325
P190,1	6326	6333
P56,8	6334	6335
P121,7	6336	6336
P137,1	6337	6344
P120,7	6345	6348
P58,8	6349	6353
P59,8	6354	6355
P7,11	6356	6357
P73,1	6358	6365
P60,8	6366	6369
P191,1	6370	6377
P123,7	6378	6379
P124,7	6380	6384
P61,8	6385	6389
P192,1	6390	6397
P126,7	6398	6402
P14,10	6403	6406
P143,1	6407	6414
P62,8	6415	6418
P127,7	6419	6421
P132,7	6422	6427
P193,1	6428	6435
P129,7	6436	6440
P146,1	6441	6448
P131,7	6449	6449
P135,7	6450	6452
P133,7	6453	6454
P65,8	6455	6455
P1,1	6456	6463
P194,1	6464	6471
P68,8	6472	6476
P64,8	6477	6481
P130,7	6482	6483
P38,1	6484	6491
P152,1	6492	6499
P66,8	6500	6504
P195,1	6505	6512
P139,7	6513	6516
P134,7	6517	6520
P155,1	6521	6528
P141,7	6529	6529
P138,7	6530	6531
P142,7	6532	6532
P81,1	6533	6540
P30,9	6541	6544
P140,7	6545	6545
P24,1	6546	6553
P145,7	6554	6559
P16,10	6560	6562
P75,8	6563	6568
P196,1	6569	6576
P83,1	6577	6580
P71,8	6581	6584
P149,7	6585	6586
P147,7	6587	6592
P197,1	6593	6600
P6,11	6601	6605
P76,8	6606	6610
P162,1	6611	6618
P150,7	6619	6622
P77,8	6623	6623
P198,1	6624	6631
P43,1	6632	6639
P156,7	6640	6640
P199,1	6641	6648
P200,1	6649	6656
P34,9	6657	6662
P153,7	6663	6665
P20,10	6666	6669
P168,1	6670	6677
P35,9	6678	6679
P159,7	6680	6685
P18,10	6686	6686
P78,8	6687	6690
P92,1	6691	6698
P175,1	6699	6706
P158,7	6707	6710
P160,7	6711	6714
P82,8	6715	6717
P79,8	6718	6718
P27,1	6719	6726
P19,10	6727	6729
P166,7	6730	6733
P165,7	6734	6737
P164,7	6738	6739
P180,1	6740	6747
P163,7	6748	6750
P84,8	6751	6751
P167,7	6752	6754
P39,9	6755	6760
P15,2	6761	6768
P171,7	6769	6773
P37,9	6774	6776
P87,8	6777	6777
P86,8	6778	6782
P172,7	6783	6788
P174,7	6789	6790
P85,8	6791	6792
P181,1	6793	6800
P8,11	6801	6801
P170,7	6802	6804
P103,1	6805	6812
P2,12	6813	6814
P89,8	6815	6819
P40,9	6820	6825
P173,7	6826	6829
P91,8	6830	6834
P105,1	6835	6842
P176,7	6843	6845
P41,9	6846	6848
P90,8	6849	6853
P179,7	6854	6859
P182,1	6860	6867
P51,1	6868	6869
P178,7	6870	6872
P12,11	6873	6874
P183,1	6875	6882
P93,8	6883	6883
P22,10	6884	6885
P52,1	6886	6893
P94,8	6894	6899
P95,8	6900	6900
P184,1	6901	6908
P9,11	6909	6910
P96,8	6911	6913
P3,1	6914	6921
P98,8	6922	6924
P115,1	6925	6932
P47,9	6933	6934
P185,1	6935	6942
P45,9	6943	6945
P97,8	6946	6947
P186,1	6948	6955
P32,1	6956	6963
P46,9	6964	6964
P101,8	6965	6965
P104,8	6966	6967
P48,9	6968	6972
P187,1	6973	6980
P49,9	6981	6981
P10,11	6982	6982
P102,8	6983	6983
P108,8	6984	6988
P63,1	6989	6996
P53,9	6997	7000
P111,8	7001	7002
P188,1	7003	7010
P107,8	7011	7013
P54,9	7014	7014
P110,8	7015	7015
P112,8	7016	7017
P116,8	7018	7021
P114,8	7022	7022
P125,1	7023	7030
P55,9	7031	7034
P28,10	7035	7037
P189,1	7038	7045
P69,1	7046	7053
P118,8	7054	7055
P190,1	7056	7063
P119,8	7064	7069
P117,8	7070	7070
P57,9	7071	7076
P137,1	7077	7084
P120,8	7085	7086
P73,1	7087	7094
P58,9	7095	7096
P56,9	7097	7099
P191,1	7100	7107
P59,9	7108	7108
P192,1	7109	7116
P123,8	7117	7121
P60,9	7122	7125
P124,8	7126	7129
P61,9	7130	7130
P143,1	7131	7138
P126,8	7139	7144
P193,1	7145	7152
P14,11	7153	7154
P132,8	7155	7155
P127,8	7156	7156
P146,1	7157	7164
P62,9	7165	7168
P1,1	7169	7176
P131,8	7177	7177
P129,8	7178	7178
P194,1	7179	7186
P133,8	7187	7188
P65,9	7189	7194
P135,8	7195	7197
P38,1	7198	7205
P68,9	7206	7209
P152,1	7210	7217
P195,1	7218	7225
P130,8	7226	7228
P64,9	7229	7233
P155,1	7234	7241
P81,1	7242	7249
P66,9	7250	7253
P139,8	7254	7257
P24,1	7258	7265
P142,8	7266	7268
P134,8	7269	7272
P141,8	7273	7273
P138,8	7274	7274
P140,8	7275	7277
P30,10	7278	7280
P196,1	7281	7288
P145,8	7289	7290
P197,1	7291	7298
P75,9	7299	7304
P71,9	7305	7307
P162,1	7308	7315
P6,12	7316	7320
P147,8	7321	7323
P149,8	7324	7329
P76,9	7330	7332
P198,1	7333	7340
P43,1	7341	7348
P77,9	7349	7351
P199,1	7352	7359
P150,8	7360	7362
P200,1	7363	7370
P156,8	7371	7373
P168,1	7374	7381
P34,10	7382	7385
P153,8	7386	7391
P20,11	7392	7392
P92,1	7393	7400
P18,11	7401	7403
P175,1	7404	7411
P159,8	7412	7414
P35,10	7415	7417
P78,9	7418	7419
P27,1	7420	7427
P158,8	7428	7428
P160,8	7429	7431
P180,1	7432	7439
P165,8	7440	7441
P164,8	7442	7447
P15,2	7448	7455
P166,8	7456	7458
P39,10	7459	7459
P84,9	7460	7463
P167,8	7464	7464
P163,8	7465	7465
P171,8	7466	7469
P181,1	7470	7477
P103,1	7478	7485
P37,10	7486	7491
P86,9	7492	7492
P172,8	7493	7497
P170,8	7498	7500
P85,9	7501	7506
P8,12	7507	7509
P2,13	7510	7515
P40,10	7516	7521
P105,1	7522	7529
P89,9	7530	7531
P176,8	7532	7533
P182,1	7534	7541
P91,9	7542	7542
P90,9	7543	7547
P51,2	7548	7555
P183,1	7556	7563
P41,10	7564	7569
P12,12	7570	7572
P52,1	7573	7580
P179,8	7581	7584
P184,1	7585	7591
P93,9	7592	7595
P178,8	7596	7597
P94,9	7598	7601
P3,1	7602	7607
P115,1	7608	7615
P95,9	7616	7616
P96,9	7617	7617
P185,1	7618	7625
P98,9	7626	7626
P186,1	7627	7634
P32,1	7635	7642
P47,10	7643	7643
P45,10	7644	7644
P97,9	7645	7648
P187,1	7649	7656
P63,1	7657	7664
P46,10	7665	7668
P49,10	7669	7671
P102,9	7672	7673
P188,1	7674	7681
P53,10	7682	7682
P108,9	7683	7685
P110,9	7686	7688
P125,1	7689	7696
P54,10	7697	7697
P116,9	7698	7701
P111,9	7702	7702
P112,9	7703	7705
P189,1	7706	7713
P107,9	7714	7718
P69,1	7719	7726
P190,1	7727	7734
P55,10	7735	7740
P28,11	7741	7745
P137,1	7746	7753
P118,9	7754	7758
P117,9	7759	7762
P73,1	7763	7770
P191,1	7771	7778
P57,10	7779	7784
P120,9	7785	7787
P58,10	7788	7792
P192,1	7793	7800
P59,10	7801	7804
P56,10	7805	7805
P143,1	7806	7813
P61,10	7814	7815
P124,9	7816	7819
P193,1	7820	7827
P146,1	7828	7835
P1,1	7836	7843
P126,9	7844	7844
P127,9	7845	7845
P194,1	7846	7853
P14,12	7854	7859
P132,9	7860	7865
P38,1	7866	7873
P133,9	7874	7875
P131,9	7876	7877
P65,10	7878	7878
P152,1	7879	7886
P129,9	7887	7892
P135,9	7893	7895
P195,1	7896	7903
P155,1	7904	7911
P68,10	7912	7916
P81,1	7917	7924
P130,9	7925	7926
P64,10	7927	7932
P24,1	7933	7940
P139,9	7941	7946
P66,10	7947	7949
P196,1	7950	7957
P134,9	7958	7963
P197,1	7964	7971
P141,9	7972	7972
P142,9	7973	7978
P138,9	7979	7983
P140,9	7984	7984
P162,1	7985	7992
P30,11	7993	7996
P145,9	7997	8000
P71,10	8001	8006
P6,13	8007	8012
P198,1	8013	8020
P43,1	8021	8028
P199,1	8029	8036
P147,9	8037	8038
P76,10	8039	8041
P200,1	8042	8049
P77,10	8050	8050
P168,1	8051	8058
P150,9	8059	8060
P92,1	8061	8068
P34,11	8069	8069
P156,9	8070	8072
P175,1	8073	8080
P20,12	8081	8081
P18,12	8082	8084
P27,1	8085	8092
P35,11	8093	8095
P78,10	8096	8098
P180,1	8099	8106
P160,9	8107	8112
P159,9	8113	8117
P15,2	8118	8125
P158,9	8126	8131
P181,1	8132	8139
P165,9	8140	8143
P164,9	8144	8148
P103,1	8149	8156
P166,9	8157	8161
P167,9	8162	8167
P39,11	8168	8173
P171,9	8174	8177
P84,10	8178	8179
P163,9	8180	8180
P86,10	8181	8185
P37,11	8186	8186
P172,9	8187	8192
P105,1	8193	8200
P85,10	8201	8206
P8,13	8207	8210
P182,1	8211	8218
P89,10	8219	8219
P40,11	8220	8222
P2,14	8223	8225
P51,2	8226	8233
P183,1	8234	8241
P90,10	8242	8242
P176,9	8243	8246
P91,10	8247	8252
P52,1	8253	8260
P12,13	8261	8262
P184,2	8263	8270
P179,9	8271	8274
P41,11	8275	8275
P3,2	8276	8283
P115,1	8284	8291
P93,10	8292	8294
P178,9	8295	8300
P94,10	8301	8302
P185,1	8303	8310
P186,1	8311	8318
P32,1	8319	8326
P96,10	8327	8328
P98,10	8329	8330
P187,1	8331	8333
P63,1	8334	8338
P47,11	8339	8340
P97,10	8341	8342
P45,11	8343	8347
P188,1	8348	8355
P125,1	8356	8363
P49,11	8364	8367
P53,11	8368	8373
P102,10	8374	8377
P108,10	8378	8379
P189,1	8380	8387
P69,1	8388	8395
P110,10	8396	8401
P54,11	8402	8403
P112,10	8404	8406
P111,10	8407	8410
P107,10	8411	8412
P190,1	8413	8420
P137,1	8421	8428
P73,1	8429	8436
P55,11	8437	8437
P191,1	8438	8445
P117,10	8446	8451
P118,10	8452	8455
P192,1	8456	8463
P120,10	8464	8464
P143,1	8465	8465
P57,11	8466	8470
P58,11	8471	8474
P193,1	8475	8482
P146,1	8483	8490
P59,11	8491	8492
P61,11	8493	8498
P124,10	8499	8500
P1,2	8501	8508
P194,1	8509	8516
P126,10	8517	8518
P127,10	8519	8520
P38,1	8521	8528
P132,10	8529	8532
P152,1	8533	8540
P14,13	8541	8544
P195,1	8545	8552
P155,1	8553	8560
P133,10	8561	8565
P131,10	8566	8571
P81,1	8572	8579
P129,10	8580	8583
P135,10	8584	8584
P24,1	8585	8592
P68,11	8593	8594
P196,1	8595	8602
P64,11	8603	8608
P197,1	8609	8616
P139,10	8617	8618
P162,1	8619	8626
P141,10	8627	8630
P140,10	8631	8631
P142,10	8632	8635
P138,10	8636	8636
P30,12	8637	8637
P198,1	8638	8645
P71,11	8646	8651
P43,1	8652	8659
P145,10	8660	8663
P199,1	8664	8671
P6,14	8672	8675
P200,1	8676	8683
P147,10	8684	8688
P168,1	8689	8695
P92,1	8696	8703
P77,11	8704	8709
P76,11	8710	8715
P175,1	8716	8721
P156,10	8722	8725
P27,1	8726	8730
P150,10	8731	8736
P20,13	8737	8739
P18,13	8740	8744
P34,12	8745	8748
P180,1	8749	8756
P35,12	8757	8759
P15,2	8760	8767
P78,11	8768	8771
P160,10	8772	8772
P181,1	8773	8780
P159,10	8781	8784
P158,10	8785	8789
P103,1	8790	8797
P165,10	8798	8798
P166,10	8799	8804
P39,12	8805	8810
P167,10	8811	8815
P171,10	8816	8816
P105,1	8817	8824
P172,10	8825	8825
P86,11	8826	8831
P84,11	8832	8833
P182,1	8834	8841
P163,10	8842	8847
P37,12	8848	8851
P85,11	8852	8857
P51,2	8858	8865
P40,12	8866	8869
P89,11	8870	8871
P183,1	8872	8879
P2,15	8880	8883
P8,14	8884	8888
P52,1	8889	8896
P176,10	8897	8897
P184,2	8898	8905
P3,2	8906	8913
P115,1	8914	8921
P91,11	8922	8924
P12,14	8925	8925
P179,10	8926	8926
P185,1	8927	8934
P186,1	8935	8942
P32,1	8943	8946
P178,10	8947	8948
P93,11	8949	8953
P187,2	8954	8961
P94,11	8962	8965
P98,11	8966	8970
P188,1	8971	8978
P96,11	8979	8983
P45,12	8984	8989
P125,1	8990	8997
P97,11	8998	9002
P189,1	9003	9010
P69,1	9011	9018
P49,12	9019	9022
P53,12	9023	9028
P102,11	9029	9032
P108,11	9033	9037
P190,1	9038	9045
P54,12	9046	9051
P137,1	9052	9059
P73,1	9060	9067
P107,11	9068	9069
P112,11	9070	9074
P191,1	9075	9082
P111,11	9083	9085
P55,12	9086	9088
P192,1	9089	9096
P143,2	9097	9104
P193,1	9105	9112
P120,11	9113	9118
P58,12	9119	9120
P146,1	9121	9128
P118,11	9129	9129
P57,12	9130	9131
P1,2	9132	9139
P194,1	9140	9147
P61,12	9148	9152
P38,1	9153	9160
P59,12	9161	9166
P124,11	9167	9168
P127,11	9169	9172
P152,1	9173	9180
P126,11	9181	9185
P195,1	9186	9193
P155,1	9194	9201
P132,11	9202	9205
P14,14	9206	9208
P81,1	9209	9216
P133,11	9217	9222
P131,11	9223	9228
P24,1	9229	9236
P196,1	9237	9244
P135,11	9245	9250
P129,11	9251	9252
P68,12	9253	9256
P197,1	9257	9260
P162,1	9261	9268
P198,1	9269	9276
P142,11	9277	9282
P43,1	9283	9290
P140,11	9291	9294
P199,1	9295	9302
P200,1	9303	9310
P71,12	9311	9316
P145,11	9317	9322
P92,1	9323	9329
P147,11	9330	9330
P77,12	9331	9332
P175,2	9333	9340
P76,12	9341	9344
P150,11	9345	9345
P156,11	9346	9349
P180,1	9350	9357
P15,2	9358	9365
P18,14	9366	9369
P20,14	9370	9371
P181,1	9372	9379
P35,13	9380	9385
P160,11	9386	9388
P103,1	9389	9396
P78,12	9397	9397
P159,11	9398	9402
P158,11	9403	9408
P105,1	9409	9416
P165,11	9417	9420
P182,1	9421	9428
P171,11	9429	9429
P172,11	9430	9435
P86,12	9436	9439
P84,12	9440	9445
P51,2	9446	9453
P163,11	9454	9454
P85,12	9455	9456
P183,1	9457	9464
P37,13	9465	9465
P89,12	9466	9466
P52,1	9467	9474
P184,2	9475	9482
P40,13	9483	9488
P3,2	9489	9496
P8,15	9497	9500
P115,1	9501	9508
P176,11	9509	9511
P185,2	9512	9519
P186,1	9520	9527
P91,12	9528	9532
P187,2	9533	9540
P179,11	9541	9546
P188,1	9547	9554
P178,11	9555	9558
P125,1	9559	9566
P94,12	9567	9569
P98,12	9570	9574
P45,13	9575	9575
P96,12	9576	9577
P189,1	9578	9585
P69,1	9586	9593
P97,12	9594	9594
P190,1	9595	9602
P108,12	9603	9605
P49,13	9606	9608
P102,12	9609	9614
P137,1	9615	9622
P73,1	9623	9630
P53,13	9631	9631
P191,1	9632	9639
P54,13	9640	9643
P192,1	9644	9651
P112,12	9652	9656
P143,2	9657	9664
P107,12	9665	9666
P55,13	9667	9669
P193,1	9670	9677
P111,12	9678	9683
P146,1	9684	9691
P1,2	9692	9699
P194,1	9700	9707
P58,13	9708	9710
P38,1	9711	9718
P118,12	9719	9722
P61,13	9723	9728
P152,1	9729	9736
P59,13	9737	9738
P124,12	9739	9743
P195,1	9744	9751
P155,1	9752	9759
P127,12	9760	9761
P126,12	9762	9765
P81,1	9766	9773
P132,12	9774	9776
P24,1	9777	9784
P196,1	9785	9792
P131,12	9793	9794
P133,12	9795	9798
P197,2	9799	9806
P162,1	9807	9814
P135,12	9815	9820
P198,1	9821	9822
P129,12	9823	9823
P68,13	9824	9827
P43,1	9828	9835
P199,1	9836	9843
P200,1	9844	9851
P140,12	9852	9852
P71,13	9853	9857
P92,2	9858	9865
P175,2	9866	9873
P145,12	9874	9879
P147,12	9880	9883
P77,13	9884	9884
P180,1	9885	9892
P15,2	9893	9900
P76,13	9901	9904
P181,1	9905	9912
P103,1	9913	9920
P35,14	9921	9921
P160,12	9922	9925
P105,1	9926	9926
P182,1	9927	9934
P158,12	9935	9935
P51,2	9936	9943
P86,13	9944	9945
P172,12	9946	9948
P183,1	9949	9956
P163,12	9957	9959
P52,1	9960	9967
P85,13	9968	9969
P84,13	9970	9974
P184,2	9975	9982
P3,2	9983	9990
P89,13	9991	9994
P115,1	9995	10002
P185,2	10003	10010
P186,1	10011	10018
P176,12	10019	10024
P187,2	10025	10032
P188,1	10033	10040
P125,1	10041	10048
P91,13	10049	10050
P189,1	10051	10058
P179,12	10059	10063
P45,14	10064	10064
P69,1	10065	10072
P190,1	10073	10080
P94,13	10081	10081
P98,13	10082	10085
P96,13	10086	10087
P137,1	10088	10095
P73,1	10096	10103
P108,13	10104	10108
P191,1	10109	10116
P49,14	10117	10120
P102,13	10121	10121
P192,1	10122	10129
P53,14	10130	10130
P143,2	10131	10138
P193,1	10139	10146
P107,13	10147	10147
P146,1	10148	10155
P112,13	10156	10159
P1,2	10160	10167
P194,1	10168	10175
P111,13	10176	10181
P38,1	10182	10189
P58,14	10190	10195
P152,1	10196	10203
P195,1	10204	10211
P118,13	10212	10212
P155,1	10213	10220
P81,1	10221	10228
P24,1	10229	10236
P196,1	10237	10244
P197,2	10245	10252
P162,1	10253	10256
P198,2	10257	10264
P133,13	10265	10266
P43,2	10267	10274
P199,1	10275	10282
P129,13	10283	10286
P200,1	10287	10294
P92,2	10295	10302
P140,13	10303	10307
P175,2	10308	10315
P180,1	10316	10323
P71,14	10324	10324
P145,13	10325	10330
P15,2	10331	10337
P77,14	10338	10342
P147,13	10343	10343
P181,1	10344	10351
P103,1	10352	10359
P182,1	10360	10367
P76,14	10368	10369
P51,2	10370	10377
P160,13	10378	10383
P158,13	10384	10385
P35,15	10386	10386
P183,1	10387	10394
P86,14	10395	10398
P52,1	10399	10406
P172,13	10407	10407
P184,2	10408	10415
P3,2	10416	10423
P163,13	10424	10429
P115,1	10430	10437
P185,2	10438	10445
P89,14	10446	10451
P186,1	10452	10459
P187,2	10460	10467
P188,1	10468	10475
P125,1	10476	10483
P189,1	10484	10491
P176,13	10492	10497
P69,1	10498	10505
P190,1	10506	10513
P137,1	10514	10521
P179,13	10522	10522
P73,1	10523	10530
P191,1	10531	10538
P98,14	10539	10542
P96,14	10543	10548
P143,2	10549	10556
P102,14	10557	10560
P193,1	10561	10568
P146,1	10569	10576
P53,15	10577	10578
P1,2	10579	10586
P194,1	10587	10592
P107,14	10593	10594
P152,1	10595	10602
P195,1	10603	10610
P155,1	10611	10618
P24,1	10619	10626
P118,14	10627	10631
P196,1	10632	10639
P197,2	10640	10647
P162,2	10648	10655
P198,2	10656	10663
P43,2	10664	10671
P199,1	10672	10679
P200,1	10680	10687
P92,2	10688	10695
P175,2	10696	10703
P180,1	10704	10711
P140,14	10712	10717
P71,15	10718	10720
P181,1	10721	10728
P103,1	10729	10736
P182,1	10737	10744
P147,14	10745	10748
P51,2	10749	10756
P183,1	10757	10764
P52,1	10765	10772
P158,14	10773	10776
P184,2	10777	10784
P160,14	10785	10787
P86,15	10788	10790
P3,2	10791	10798
P115,1	10799	10806
P185,2	10807	10814
P186,1	10815	10822
P163,14	10823	10823
P187,2	10824	10831
P188,1	10832	10839
P125,1	10840	10847
P189,1	10848	10855
P69,1	10856	10863
P190,1	10864	10871
P137,1	10872	10879
P176,14	10880	10884
P73,1	10885	10892
P179,14	10893	10898
P191,1	10899	10906
P143,2	10907	10914
P98,15	10915	10918
P193,1	10919	10926
P146,1	10927	10934
P96,15	10935	10939
P1,2	10940	10947
P102,15	10948	10953
P152,1	10954	10961
P195,1	10962	10969
P155,1	10970	10977
P107,15	10978	10979
P24,1	10980	10987
P196,1	10988	10995
P197,2	10996	11003
P162,2	11004	11011
P198,2	11012	11019
P43,2	11020	11027
P199,1	11028	11035
P200,1	11036	11043
P92,2	11044	11051
P175,2	11052	11059
P180,1	11060	11067
P181,1	11068	11075
P103,1	11076	11083
P182,1	11084	11091
P51,2	11092	11099
P183,1	11100	11107
P52,1	11108	11111
P184,2	11112	11119
P3,2	11120	11127
P115,1	11128	11135
P185,2	11136	11143
P186,1	11144	11151
P187,2	11152	11159
P188,1	11160	11167
P125,1	11168	11175
P163,15	11176	11179
P189,1	11180	11187
P69,1	11188	11195
P190,1	11196	11203
P137,1	11204	11211
P73,1	11212	11219
P176,15	11220	11222
P191,1	11223	11230
P143,2	11231	11238
P193,1	11239	11246
P179,15	11247	11249
P146,1	11250	11257
P1,2	11258	11265
P152,1	11266	11273
P195,1	11274	11281
P155,1	11282	11289
P24,1	11290	11297
P196,1	11298	11305
P197,2	11306	11313
P162,2	11314	11321
P198,2	11322	11329
P43,2	11330	11337
P199,1	11338	11345
P200,1	11346	11353
P92,2	11354	11361
P175,2	11362	11369
P180,1	11370	11377
P181,1	11378	11385
P103,1	11386	11393
P182,1	11394	11401
P51,2	11402	11409
P183,1	11410	11417
P52,2	11418	11425
P184,2	11426	11433
P3,2	11434	11441
P115,1	11442	11449
P185,2	11450	11457
P186,1	11458	11465
P187,2	11466	11473
P188,1	11474	11481
P125,1	11482	11489
P189,1	11490	11497
P69,1	11498	11505
P190,1	11506	11513
P137,1	11514	11521
P73,1	11522	11529
P191,1	11530	11537
P143,2	11538	11545
P193,1	11546	11553
P146,1	11554	11561
P1,2	11562	11569
P152,1	11570	11577
P195,1	11578	11585
P155,1	11586	11593
P24,1	11594	11601
P197,2	11602	11609
P162,2	11610	11617
P198,2	11618	11625
P43,2	11626	11633
P199,1	11634	11641
P200,1	11642	11649
P92,2	11650	11657
P175,2	11658	11665
P180,1	11666	11673
P181,1	11674	11681
P103,1	11682	11689
P182,1	11690	11697
P51,2	11698	11705
P183,1	11706	11713
P52,2	11714	11721
P184,2	11722	11729
P3,2	11730	11737
P115,1	11738	11745
P185,2	11746	11753
P186,1	11754	11761
P187,2	11762	11769
P188,1	11770	11777
P125,1	11778	11785
P189,1	11786	11793
P69,1	11794	11801
P190,1	11802	11809
P137,1	11810	11817
P73,1	11818	11825
P191,1	11826	11833
P143,2	11834	11841
P193,1	11842	11849
P146,1	11850	11857
P1,2	11858	11865
P152,1	11866	11873
P195,1	11874	11878
P155,1	11879	11886
P24,1	11887	11890
P197,2	11891	11898
P162,2	11899	11906
P198,2	11907	11914
P43,2	11915	11922
P199,1	11923	11930
P200,1	11931	11938
P92,2	11939	11946
P175,2	11947	11954
P180,1	11955	11961
P181,1	11962	11969
P103,1	11970	11977
P182,1	11978	11985
P51,2	11986	11993
P183,1	11994	12001
P52,2	12002	12009
P184,2	12010	12017
P3,2	12018	12025
P115,1	12026	12032
P185,2	12033	12040
P186,1	12041	12048
P187,2	12049	12056
P188,1	12057	12064
P125,1	12065	12072
P189,1	12073	12080
P69,1	12081	12086
P190,2	12087	12094
P137,1	12095	12102
P73,1	12103	12110
P191,1	12111	12118
P143,2	12119	12126
P193,1	12127	12134
P146,1	12135	12142
P1,2	12143	12150
P152,1	12151	12158
P155,1	12159	12166
P24,2	12167	12174
P197,2	12175	12182
P162,2	12183	12190
P198,2	12191	12198
P43,2	12199	12206
P199,1	12207	12214
P200,1	12215	12222
P92,2	12223	12230
P175,2	12231	12238
P180,2	12239	12246
P181,1	12247	12254
P103,1	12255	12262
P182,1	12263	12270
P51,2	12271	12278
P183,1	12279	12286
P52,2	12287	12294
P184,2	12295	12302
P3,2	12303	12308
P185,2	12309	12316
P186,1	12317	12324
P187,2	12325	12332
P188,1	12333	12336
P125,1	12337	12344
P189,1	12345	12350
P69,2	12351	12358
P190,2	12359	12366
P137,1	12367	12374
P73,1	12375	12382
P191,1	12383	12390
P143,2	12391	12398
P193,1	12399	12406
P146,1	12407	12414
P1,2	12415	12419
P152,1	12420	12427
P155,1	12428	12435
P24,2	12436	12443
P197,2	12444	12451
P162,2	12452	12459
P198,2	12460	12467
P43,2	12468	12475
P199,1	12476	12483
P200,1	12484	12491
P92,2	12492	12499
P175,2	12500	12507
P180,2	12508	12515
P181,1	12516	12523
P103,1	12524	12531
P182,1	12532	12534
P51,2	12535	12542
P183,1	12543	12550
P52,2	12551	12558
P184,2	12559	12562
P185,2	12563	12570
P187,2	12571	12578
P125,1	12579	12584
P69,2	12585	12592
P190,2	12593	12600
P137,1	12601	12608
P73,1	12609	12616
P191,1	12617	12624
P143,2	12625	12632
P193,1	12633	12640
P146,1	12641	12648
P152,1	12649	12656
P155,1	12657	12664
P24,2	12665	12672
P197,2	12673	12677
P162,2	12678	12685
P198,2	12686	12693
P43,2	12694	12701
P199,1	12702	12709
P200,1	12710	12717
P92,2	12718	12725
P175,2	12726	12733
P180,2	12734	12741
P181,1	12742	12749
P103,1	12750	12757
P182,2	12758	12765
P51,2	12766	12773
P183,1	12774	12781
P52,2	12782	12789
P185,2	12790	12797
P187,2	12798	12805
P125,2	12806	12813
P69,2	12814	12821
P190,2	12822	12829
P137,1	12830	12837
P73,1	12838	12839
P191,1	12840	12847
P143,2	12848	12855
P193,1	12856	12863
P146,1	12864	12871
P152,1	12872	12879
P155,1	12880	12887
P24,2	12888	12895
P162,2	12896	12903
P198,2	12904	12911
P43,2	12912	12919
P199,1	12920	12927
P200,1	12928	12935
P92,2	12936	12943
P175,2	12944	12951
P180,2	12952	12959
P181,1	12960	12967
P103,1	12968	12975
P182,2	12976	12983
P51,2	12984	12991
P183,1	12992	12999
P52,2	13000	13007
P185,2	13008	13015
P187,2	13016	13023
P125,2	13024	13031
P69,2	13032	13039
P190,2	13040	13047
P137,1	13048	13055
P191,1	13056	13063
P143,2	13064	13071
P193,1	13072	13079
P146,1	13080	13084
P152,1	13085	13092
P155,1	13093	13100
P24,2	13101	13108
P162,2	13109	13116
P198,2	13117	13124
P43,2	13125	13132
P199,1	13133	13140
P200,1	13141	13148
P92,2	13149	13156
P175,2	13157	13164
P180,2	13165	13172
P181,1	13173	13180
P103,1	13181	13186
P182,2	13187	13194
P51,2	13195	13202
P183,1	13203	13210
P52,2	13211	13218
P185,2	13219	13226
P187,2	13227	13234
P125,2	13235	13242
P69,2	13243	13250
P190,2	13251	13258
P137,1	13259	13266
P191,1	13267	13274
P143,2	13275	13282
P193,1	13283	13286
P152,1	13287	13293
P155,1	13294	13301
P24,2	13302	13309
P162,2	13310	13314
P198,2	13315	13322
P43,2	13323	13330
P199,1	13331	13338
P200,1	13339	13346
P92,2	13347	13354
P175,2	13355	13362
P180,2	13363	13370
P103,2	13371	13378
P182,2	13379	13386
P51,2	13387	13394
P183,1	13395	13402
P52,2	13403	13410
P185,2	13411	13418
P187,2	13419	13426
P125,2	13427	13434
P69,2	13435	13442
P190,2	13443	13450
P137,1	13451	13454
P191,1	13455	13462
P143,2	13463	13470
P193,2	13471	13478
P152,2	13479	13486
P155,1	13487	13487
P24,2	13488	13495
P198,2	13496	13503
P43,2	13504	13511
P199,1	13512	13517
P200,1	13518	13518
P92,2	13519	13526
P175,2	13527	13534
P180,2	13535	13542
P103,2	13543	13550
P182,2	13551	13558
P51,2	13559	13566
P52,2	13567	13574
P185,2	13575	13582
P187,2	13583	13590
P125,2	13591	13598
P69,2	13599	13606
P190,2	13607	13614
P137,2	13615	13622
P191,2	13623	13630
P143,2	13631	13638
P193,2	13639	13646
P152,2	13647	13654
P155,2	13655	13662
P24,2	13663	13670
P198,2	13671	13678
P43,2	13679	13686
P199,2	13687	13694
P200,2	13695	13702
P92,2	13703	13710
P175,2	13711	13718
P180,2	13719	13726
P103,2	13727	13734
P182,2	13735	13742
P51,2	13743	13750
P52,2	13751	13758
P185,2	13759	13766
P187,2	13767	13770
P125,2	13771	13778
P69,2	13779	13786
P190,2	13787	13787
P137,2	13788	13795
P191,2	13796	13803
P143,2	13804	13811
P193,2	13812	13819
P152,2	13820	13827
P155,2	13828	13835
P24,2	13836	13843
P198,2	13844	13851
P43,2	13852	13859
P199,2	13860	13867
P200,2	13868	13875
P92,2	13876	13883
P175,2	13884	13891
P180,2	13892	13899
P103,2	13900	13907
P182,2	13908	13915
P51,2	13916	13923
P52,2	13924	13931
P185,2	13932	13939
P125,2	13940	13947
P69,2	13948	13955
P137,2	13956	13963
P191,2	13964	13971
P143,2	13972	13979
P193,2	13980	13987
P152,2	13988	13995
P155,2	13996	14003
P24,2	14004	14011
P198,2	14012	14019
P43,2	14020	14027
P199,2	14028	14035
P200,2	14036	14043
P92,2	14044	14051
P175,2	14052	14059
P180,2	14060	14067
P103,2	14068	14075
P182,2	14076	14083
P51,2	14084	14091
P52,2	14092	14092
P185,2	14093	14094
P125,2	14095	14102
P69,2	14103	14110
P137,2	14111	14118
P191,2	14119	14126
P143,2	14127	14134
P193,2	14135	14142
P152,2	14143	14150
P155,2	14151	14158
P24,2	14159	14166
P198,2	14167	14174
P43,2	14175	14182
P199,2	14183	14190
P200,2	14191	14198
P92,2	14199	14206
P175,2	14207	14214
P180,2	14215	14222
P103,2	14223	14230
P182,2	14231	14238
P51,2	14239	14246
P125,2	14247	14254
P69,2	14255	14262
P137,2	14263	14270
P191,2	14271	14278
P143,2	14279	14286
P193,2	14287	14294
P152,2	14295	14302
P155,2	14303	14310
P24,2	14311	14318
P198,2	14319	14326
P43,2	14327	14334
P199,2	14335	14342
P200,2	14343	14350
P92,2	14351	14358
P175,2	14359	14366
P180,2	14367	14374
P103,2	14375	14382
P182,2	14383	14390
P125,2	14391	14398
P69,2	14399	14406
P137,2	14407	14414
P191,2	14415	14422
P143,2	14423	14430
P193,2	14431	14438
P152,2	14439	14446
P155,2	14447	14454
P24,2	14455	14462
P198,2	14463	14470
P43,2	14471	14478
P199,2	14479	14486
P200,2	14487	14494
P92,2	14495	14502
P175,2	14503	14510
P180,2	14511	14518
P103,2	14519	14526
P182,2	14527	14534
P125,2	14535	14542
P69,2	14543	14550
P137,2	14551	14558
P191,2	14559	14566
P143,2	14567	14574
P193,2	14575	14582
P152,2	14583	14590
P155,2	14591	14598
P24,2	14599	14606
P198,2	14607	14614
P43,2	14615	14622
P199,2	14623	14630
P200,2	14631	14638
P92,2	14639	14646
P175,2	14647	14649
P180,2	14650	14657
P103,2	14658	14665
P182,2	14666	14673
P125,2	14674	14681
P69,2	14682	14689
P137,2	14690	14697
P191,2	14698	14705
P143,2	14706	14713
P193,2	14714	14714
P152,2	14715	14717
P155,2	14718	14725
P24,2	14726	14733
P198,2	14734	14741
P43,2	14742	14749
P199,2	14750	14757
P200,2	14758	14765
P92,2	14766	14772
P180,2	14773	14780
P103,2	14781	14788
P182,2	14789	14796
P125,2	14797	14804
P69,2	14805	14812
P137,2	14813	14820
P191,2	14821	14828
P143,2	14829	14836
P155,2	14837	14844
P24,2	14845	14852
P198,2	14853	14858
P43,2	14859	14863
P199,2	14864	14871
P200,2	14872	14879
P180,2	14880	14887
P103,2	14888	14895
P182,2	14896	14903
P125,2	14904	14911
P69,2	14912	14919
P137,2	14920	14927
P191,2	14928	14935
P155,2	14936	14943
P24,2	14944	14951
P199,2	14952	14959
P200,2	14960	14967
P180,2	14968	14975
P103,2	14976	14983
P182,2	14984	14989
P125,2	14990	14997
P69,2	14998	15005
P137,2	15006	15013
P191,2	15014	15021
P155,2	15022	15029
P24,2	15030	15037
P199,2	15038	15045
P200,2	15046	15053
P180,2	15054	15057
P103,2	15058	15065
P125,2	15066	15073
P69,2	15074	15081
P137,2	15082	15089
P191,2	15090	15097
P155,2	15098	15105
P24,2	15106	15113
P199,2	15114	15121
P200,2	15122	15129
P103,2	15130	15137
P125,2	15138	15145
P69,2	15146	15153
P137,2	15154	15161
P191,2	15162	15169
P155,2	15170	15177
P24,2	15178	15185
P199,2	15186	15193
P200,2	15194	15201
P103,2	15202	15204
P125,2	15205	15211
P69,2	15212	15212
P191,2	15213	15220
P155,2	15221	15228
P199,2	15229	15236
P200,2	15237	15244
P191,2	15245	15252
P155,2	15253	15260
P199,2	15261	15268
P200,2	15269	15269
P191,2	15270	15277
P155,2	15278	15285
P199,2	15286	15293
P191,2	15294	15297
P155,2	15298	15305
P199,2	15306	15313
P155,2	15314	15321
P199,2	15322	15329
P155,2	15330	15337
P199,2	15338	15345
P155,2	15346	15353
P199,2	15354	15361
P155,2	15362	15385
