CPU0
P1,1	2	17
P3,1	18	25
P7,1	26	28
P3,1	29	32
P2,2	33	34
P1,1	35	38
P3,1	39	42
P9,1	43	44
P4,2	45	48
P1,1	49	52
P7,2	53	53
P3,1	54	57
P12,1	58	60
P3,1	61	64
P1,1	65	68
P6,2	69	69
P3,1	70	73
P16,1	74	77
P1,1	78	81
P5,3	82	85
P15,1	86	89
P18,1	90	92
P20,1	93	96
P1,1	97	100
P6,3	101	104
P5,3	105	106
P15,1	107	110
P14,2	111	114
P23,1	115	118
P1,1	119	122
P13,2	123	123
P6,3	124	124
P17,2	125	126
P7,4	127	130
P25,1	131	134
P26,1	135	135
P27,1	136	139
P14,2	140	140
P18,2	141	142
P28,1	143	146
P4,4	147	149
P24,1	150	153
P10,3	154	157
P5,4	158	161
P3,1	162	165
P27,1	166	169
P32,1	170	173
P9,3	174	174
P21,2	175	176
P12,3	177	177
P34,1	178	179
P17,3	180	183
P1,1	184	187
P11,3	188	191
P23,2	192	195
P10,3	196	197
P6,4	198	200
P35,1	201	204
P16,3	205	208
P36,1	209	212
P27,1	213	216
P2,5	217	220
P32,1	221	224
P19,3	225	225
P39,1	226	229
P17,3	230	230
P24,1	231	234
P29,2	235	238
P1,1	239	242
P42,1	243	246
P28,2	247	249
P44,1	250	250
P45,1	251	254
P8,4	255	255
P46,1	256	256
P35,1	257	257
P12,4	258	260
P47,1	261	264
P34,2	265	268
P48,1	269	272
P49,1	273	276
P50,1	277	280
P13,4	281	284
P51,1	285	288
P33,1	289	292
P53,1	293	296
P36,2	297	297
P25,3	298	300
P24,1	301	304
P14,4	305	307
P56,1	308	308
P57,1	309	311
P58,1	312	314
P59,1	315	317
P60,1	318	321
P30,2	322	323
P37,2	324	327
P19,4	328	331
P62,1	332	335
P11,4	336	338
P63,1	339	342
P64,1	343	346
P20,4	347	348
P7,6	349	350
P28,3	351	352
P48,1	353	354
P15,1	355	358
P67,1	359	359
P49,1	360	361
P8,5	362	365
P68,1	366	369
P70,1	370	372
P71,1	373	376
P13,4	377	378
P44,2	379	382
P72,1	383	386
P32,1	387	390
P46,2	391	391
P33,1	392	395
P74,1	396	398
P75,1	399	399
P2,6	400	403
P54,1	404	404
P9,5	405	405
P34,3	406	409
P16,4	410	411
P78,1	412	414
P1,1	415	418
P79,1	419	419
P80,1	420	423
P60,1	424	424
P53,2	425	428
P18,4	429	429
P81,1	430	433
P37,2	434	434
P58,2	435	438
P19,4	439	439
P14,5	440	443
P62,1	444	444
P10,5	445	448
P29,3	449	451
P63,1	452	455
P64,1	456	456
P3,1	457	460
P86,1	461	464
P23,3	465	466
P87,1	467	467
P40,3	468	471
P15,1	472	475
P8,5	476	476
P27,1	477	480
P20,5	481	483
P11,5	484	487
P65,2	488	490
P91,1	491	494
P41,3	495	498
P93,1	499	500
P38,1	501	504
P95,1	505	506
P51,1	507	510
P32,1	511	514
P73,1	515	518
P50,2	519	522
P52,1	523	526
P24,1	527	530
P46,3	531	532
P98,1	533	535
P77,2	536	536
P99,1	537	540
P100,1	541	544
P101,1	545	545
P9,6	546	549
P53,2	550	551
P76,2	552	555
P103,1	556	559
P104,1	560	563
P2,7	564	564
P26,5	565	568
P60,2	569	572
P39,3	573	574
P18,5	575	578
P6,7	579	582
P56,3	583	585
P63,1	586	589
P82,2	590	593
P36,4	594	594
P14,6	595	598
P61,2	599	599
P108,1	600	603
P109,1	604	606
P37,3	607	609
P84,2	610	613
P4,7	614	615
P10,6	616	618
P15,1	619	622
P27,1	623	626
P7,7	627	627
P114,1	628	631
P23,4	632	634
P11,5	635	635
P115,1	636	639
P64,2	640	643
P91,1	644	645
P42,3	646	649
P117,1	650	652
P118,1	653	656
P17,6	657	660
P38,1	661	664
P119,1	665	668
P89,2	669	672
P8,6	673	673
P32,1	674	677
P73,1	678	681
P33,1	682	685
P52,1	686	689
P24,1	690	693
P71,2	694	697
P122,1	698	701
P44,3	702	705
P72,2	706	706
P123,1	707	710
P70,3	711	714
P100,1	715	715
P49,3	716	719
P48,3	720	723
P9,6	724	725
P67,3	726	726
P126,1	727	728
P97,2	729	730
P46,4	731	733
P81,1	734	737
P103,1	738	741
P98,2	742	743
P104,1	744	745
P80,2	746	747
P26,5	748	749
P130,1	750	751
P132,1	752	755
P77,3	756	759
P53,3	760	763
P75,3	764	766
P18,5	767	767
P134,1	768	768
P34,5	769	770
P6,7	771	772
P136,1	773	776
P101,2	777	777
P58,3	778	779
P107,1	780	780
P63,1	781	784
P79,2	785	786
P140,1	787	790
P3,1	791	794
P39,4	795	798
P143,1	799	802
P78,3	803	806
P106,2	807	810
P56,4	811	814
P29,4	815	816
P15,1	817	820
P146,1	821	824
P22,5	825	825
P147,1	826	829
P86,2	830	833
P109,2	834	835
P114,1	836	837
P69,1	838	841
P149,1	842	845
P45,3	846	846
P111,2	847	848
P150,1	849	849
P42,3	850	851
P11,6	852	855
P10,7	856	856
P112,2	857	859
P17,6	860	861
P153,1	862	862
P154,1	863	865
P23,5	866	869
P64,3	870	873
P40,4	874	874
P156,1	875	878
P51,1	879	882
P66,3	883	885
P32,1	886	889
P73,1	890	893
P158,1	894	895
P68,3	896	896
P20,7	897	900
P118,2	901	902
P35,3	903	904
P159,1	905	906
P160,1	907	907
P161,1	908	908
P30,5	909	912
P28,6	913	916
P122,1	917	918
P162,1	919	922
P44,3	923	923
P13,6	924	927
P96,2	928	930
P120,2	931	934
P70,3	935	936
P43,1	937	940
P124,1	941	941
P48,3	942	942
P90,3	943	946
P166,1	947	950
P167,1	951	953
P103,1	954	957
P128,1	958	958
P168,1	959	962
P170,1	963	963
P171,1	964	965
P105,1	966	969
P172,1	970	973
P132,1	974	974
P126,2	975	976
P98,3	977	980
P173,1	981	984
P80,3	985	988
P97,3	989	989
P26,6	990	993
P46,5	994	997
P55,3	998	999
P60,3	1000	1002
P176,1	1003	1006
P136,1	1007	1008
P137,1	1009	1012
P138,1	1013	1013
P63,1	1014	1017
P34,6	1018	1021
P18,6	1022	1024
P140,1	1025	1025
P179,1	1026	1029
P180,1	1030	1033
P135,2	1034	1037
P76,4	1038	1041
P134,2	1042	1045
P101,3	1046	1047
P36,6	1048	1051
P16,6	1052	1053
P58,4	1054	1057
P108,2	1058	1060
P15,1	1061	1064
P146,1	1065	1068
P141,2	1069	1069
P82,3	1070	1070
P62,3	1071	1071
P14,7	1072	1075
P61,3	1076	1077
P85,3	1078	1080
P115,1	1081	1084
P22,6	1085	1088
P29,5	1089	1091
P11,6	1092	1093
P148,2	1094	1097
P7,9	1098	1099
P47,4	1100	1100
P42,4	1101	1102
P111,3	1103	1106
P109,3	1107	1109
P114,2	1110	1113
P59,4	1114	1117
P154,2	1118	1121
P110,3	1122	1125
P88,3	1126	1127
P151,2	1128	1131
P157,1	1132	1132
P17,7	1133	1133
P73,1	1134	1137
P112,3	1138	1141
P156,2	1142	1144
P23,6	1145	1146
P52,1	1147	1150
P89,3	1151	1154
P24,1	1155	1158
P68,4	1159	1159
P30,5	1160	1160
P118,3	1161	1164
P162,1	1165	1168
P8,7	1169	1170
P20,8	1171	1171
P1,1	1172	1175
P71,3	1176	1177
P159,2	1178	1181
P160,2	1182	1185
P121,3	1186	1189
P122,2	1190	1193
P90,3	1194	1194
P44,4	1195	1198
P166,1	1199	1199
P164,2	1200	1201
P165,2	1202	1204
P103,1	1205	1208
P96,3	1209	1212
P120,3	1213	1216
P185,1	1217	1220
P105,1	1221	1224
P167,2	1225	1228
P172,1	1229	1230
P128,2	1231	1233
P98,3	1234	1235
P173,1	1236	1237
P54,4	1238	1241
P100,3	1242	1244
P174,1	1245	1246
P74,4	1247	1248
P46,5	1249	1249
P102,2	1250	1251
P170,2	1252	1253
P129,2	1254	1255
P175,1	1256	1259
P12,9	1260	1263
P127,3	1264	1267
P53,4	1268	1271
P63,1	1272	1275
P104,3	1276	1279
P75,4	1280	1280
P178,1	1281	1282
P179,1	1283	1284
P180,1	1285	1288
P3,1	1289	1292
P135,2	1293	1294
P76,4	1295	1295
P140,2	1296	1299
P36,6	1300	1301
P188,1	1302	1305
P18,7	1306	1307
P101,4	1308	1311
P133,3	1312	1315
P39,5	1316	1319
P146,1	1320	1323
P134,3	1324	1327
P144,2	1328	1328
P69,1	1329	1332
P2,10	1333	1335
P57,5	1336	1338
P16,7	1339	1342
P145,2	1343	1345
P92,1	1346	1349
P107,3	1350	1350
P56,5	1351	1354
P86,3	1355	1357
P62,4	1358	1359
P149,2	1360	1361
P38,1	1362	1365
P114,2	1366	1367
P7,10	1368	1370
P61,4	1371	1373
P182,1	1374	1377
P154,2	1378	1379
P51,1	1380	1383
P11,7	1384	1387
P37,6	1388	1388
P150,3	1389	1392
P183,1	1393	1396
P73,1	1397	1400
P112,3	1401	1401
P87,4	1402	1402
P45,5	1403	1405
P157,2	1406	1406
P116,3	1407	1408
P184,1	1409	1412
P64,4	1413	1413
P24,1	1414	1417
P110,4	1418	1418
P118,3	1419	1420
P162,1	1421	1424
P119,3	1425	1426
P1,1	1427	1430
P161,2	1431	1432
P158,2	1433	1434
P28,7	1435	1438
P68,5	1439	1440
P117,4	1441	1444
P95,3	1445	1446
P41,6	1447	1450
P66,5	1451	1452
P94,3	1453	1453
P125,1	1454	1457
P8,8	1458	1459
P20,9	1460	1460
P168,1	1461	1464
P193,1	1465	1468
P164,3	1469	1472
P160,3	1473	1475
P124,2	1476	1477
P44,5	1478	1481
P165,3	1482	1485
P166,2	1486	1488
P49,5	1489	1489
P120,4	1490	1493
P194,1	1494	1497
P123,3	1498	1500
P126,3	1501	1501
P172,2	1502	1505
P171,3	1506	1509
P167,3	1510	1512
P175,1	1513	1516
P12,9	1517	1518
P54,5	1519	1522
P102,3	1523	1523
P127,3	1524	1524
P26,7	1525	1527
P50,5	1528	1531
P174,2	1532	1535
P100,4	1536	1537
P176,2	1538	1541
P170,3	1542	1545
P132,3	1546	1549
P180,1	1550	1553
P177,2	1554	1557
P129,3	1558	1558
P131,3	1559	1562
P9,9	1563	1566
P179,2	1567	1569
P34,7	1570	1570
P188,1	1571	1574
P101,4	1575	1575
P6,9	1576	1577
P133,3	1578	1579
P135,3	1580	1580
P15,1	1581	1584
P39,5	1585	1586
P18,8	1587	1588
P27,1	1589	1592
P140,3	1593	1596
P76,5	1597	1600
P115,1	1601	1604
P142,3	1605	1606
P19,7	1607	1609
P92,1	1610	1613
P106,4	1614	1615
P144,3	1616	1619
P152,1	1620	1623
P189,1	1624	1627
P141,4	1628	1629
P139,4	1630	1633
P14,8	1634	1637
P155,1	1638	1641
P145,3	1642	1644
P182,1	1645	1648
P190,1	1649	1652
P147,3	1653	1653
P11,7	1654	1654
P198,1	1655	1658
P47,5	1659	1660
P59,5	1661	1662
P113,4	1663	1666
P32,1	1667	1670
P33,1	1671	1674
P114,3	1675	1678
P61,5	1679	1681
P184,1	1682	1685
P199,1	1686	1689
P10,10	1690	1693
P45,6	1694	1695
P87,5	1696	1699
P150,4	1700	1703
P112,4	1704	1707
P151,3	1708	1708
P64,5	1709	1712
P157,3	1713	1714
P191,1	1715	1718
P192,1	1719	1722
P117,4	1723	1723
P88,5	1724	1724
P110,5	1725	1726
P43,1	1727	1730
P159,3	1731	1732
P125,1	1733	1736
P158,3	1737	1740
P161,3	1741	1742
P168,1	1743	1746
P193,1	1747	1750
P30,7	1751	1754
P122,3	1755	1758
P20,10	1759	1762
P105,1	1763	1766
P35,5	1767	1768
P8,9	1769	1772
P194,1	1773	1776
P164,4	1777	1777
P163,4	1778	1781
P171,3	1782	1782
P160,4	1783	1784
P72,5	1785	1788
P48,6	1789	1792
P80,4	1793	1793
P126,4	1794	1797
P54,5	1798	1799
P49,6	1800	1800
P77,5	1801	1801
P123,4	1802	1802
P120,5	1803	1804
P70,6	1805	1808
P174,2	1809	1810
P128,4	1811	1811
P176,2	1812	1812
P12,10	1813	1814
P167,4	1815	1815
P169,4	1816	1819
P98,5	1820	1823
P132,3	1824	1824
P180,1	1825	1828
P177,2	1829	1829
P102,4	1830	1831
P3,1	1832	1835
P26,8	1836	1839
P143,1	1840	1843
P188,1	1844	1847
P130,3	1848	1849
P55,5	1850	1851
P60,5	1852	1855
P97,6	1856	1859
P31,7	1860	1861
P146,1	1862	1865
P27,1	1866	1869
P6,10	1870	1871
P135,4	1872	1875
P69,1	1876	1879
P115,1	1880	1883
P181,1	1884	1887
P92,1	1888	1891
P18,9	1892	1892
P197,1	1893	1896
P57,6	1897	1897
P16,8	1898	1901
P2,11	1902	1903
P142,4	1904	1904
P19,8	1905	1906
P139,4	1907	1907
P58,6	1908	1908
P108,5	1909	1911
P14,8	1912	1912
P155,1	1913	1916
P56,6	1917	1919
P190,1	1920	1923
P82,6	1924	1927
P22,8	1928	1929
P148,4	1930	1933
P145,4	1934	1937
P141,5	1938	1938
P113,4	1939	1939
P147,4	1940	1941
P32,1	1942	1945
P73,1	1946	1949
P114,3	1950	1951
P52,1	1952	1955
P184,1	1956	1959
P109,5	1960	1963
P87,5	1964	1964
P162,1	1965	1968
P150,4	1969	1969
P84,6	1970	1971
P37,7	1972	1972
P116,4	1973	1973
P91,5	1974	1977
P64,5	1978	1978
P200,1	1979	1982
P191,1	1983	1986
P192,1	1987	1990
P118,4	1991	1992
P43,1	1993	1996
P125,1	1997	2000
P153,5	2001	2004
P95,4	2005	2005
P23,9	2006	2007
P168,1	2008	2011
P40,7	2012	2013
P193,1	2014	2017
P159,4	2018	2020
P30,7	2021	2021
P41,7	2022	2025
P117,5	2026	2026
P105,1	2027	2030
P161,4	2031	2034
P68,7	2035	2036
P194,1	2037	2040
P163,4	2041	2042
P44,6	2043	2044
P96,5	2045	2045
P175,1	2046	2049
P71,6	2050	2051
P93,6	2052	2055
P166,4	2056	2058
P164,5	2059	2059
P65,7	2060	2060
P137,1	2061	2064
P70,6	2065	2065
P186,1	2066	2069
P54,6	2070	2073
P195,1	2074	2077
P50,6	2078	2078
P126,5	2079	2082
P180,1	2083	2086
P123,5	2087	2090
P12,11	2091	2092
P77,6	2093	2094
P104,4	2095	2096
P170,4	2097	2097
P127,5	2098	2099
P143,1	2100	2103
P100,5	2104	2104
P176,3	2105	2108
P53,6	2109	2110
P177,3	2111	2114
P9,10	2115	2117
P136,4	2118	2121
P75,6	2122	2122
P27,1	2123	2126
P135,4	2127	2127
P69,1	2128	2131
P101,5	2132	2132
P115,1	2133	2136
P55,6	2137	2138
P6,11	2139	2142
P138,3	2143	2143
P92,1	2144	2147
P39,6	2148	2148
P34,9	2149	2152
P152,1	2153	2156
P189,1	2157	2160
P178,4	2161	2162
P155,1	2163	2166
P51,1	2167	2170
P144,4	2171	2173
P57,7	2174	2177
P18,10	2178	2178
P198,1	2179	2182
P148,4	2183	2184
P29,7	2185	2185
P142,5	2186	2188
P19,9	2189	2192
P139,5	2193	2196
P108,6	2197	2200
P73,1	2201	2204
P78,7	2205	2208
P52,1	2209	2212
P113,5	2213	2216
P184,1	2217	2220
P107,6	2221	2224
P162,1	2225	2228
P91,5	2229	2229
P114,4	2230	2230
P109,6	2231	2233
P200,1	2234	2237
P191,1	2238	2241
P192,1	2242	2245
P151,4	2246	2247
P61,7	2248	2250
P125,1	2251	2254
P37,8	2255	2258
P84,7	2259	2260
P103,1	2261	2264
P64,6	2265	2267
P193,1	2268	2271
P158,4	2272	2275
P118,5	2276	2277
P119,5	2278	2279
P105,1	2280	2283
P95,5	2284	2287
P194,1	2288	2291
P30,8	2292	2292
P40,8	2293	2294
P122,4	2295	2298
P68,8	2299	2302
P20,12	2303	2303
P137,1	2304	2307
P186,1	2308	2311
P44,7	2312	2315
P65,8	2316	2316
P96,6	2317	2320
P71,7	2321	2322
P35,7	2323	2326
P180,1	2327	2330
P166,5	2331	2333
P123,5	2334	2334
P171,5	2335	2338
P164,6	2339	2342
P165,5	2343	2346
P70,7	2347	2350
P188,1	2351	2354
P176,3	2355	2356
P12,12	2357	2359
P177,3	2360	2360
P77,7	2361	2362
P126,6	2363	2366
P146,1	2367	2370
P170,5	2371	2374
P98,7	2375	2378
P104,5	2379	2379
P100,6	2380	2381
P196,1	2382	2385
P53,7	2386	2389
P179,4	2390	2390
P131,5	2391	2391
P9,11	2392	2393
P181,1	2394	2397
P92,1	2398	2401
P132,5	2402	2405
P197,1	2406	2409
P152,1	2410	2413
P102,6	2414	2417
P155,1	2418	2421
P182,1	2422	2425
P51,1	2426	2429
P57,7	2430	2431
P55,7	2432	2433
P14,9	2434	2434
P129,6	2435	2436
P39,7	2437	2440
P178,5	2441	2443
P76,7	2444	2445
P79,6	2446	2449
P139,5	2450	2451
P111,5	2452	2453
P2,13	2454	2457
P33,1	2458	2461
P144,5	2462	2464
P149,4	2465	2465
P52,1	2466	2469
P141,6	2470	2470
P140,6	2471	2474
P199,1	2475	2478
P145,6	2479	2482
P162,1	2483	2486
P56,8	2487	2488
P22,10	2489	2490
P191,1	2491	2494
P147,6	2495	2498
P114,5	2499	2499
P125,1	2500	2503
P91,6	2504	2507
P168,1	2508	2511
P87,7	2512	2515
P156,6	2516	2517
P112,6	2518	2519
P116,6	2520	2521
P61,8	2522	2525
P105,1	2526	2529
P84,8	2530	2530
P83,1	2531	2534
P194,1	2535	2538
P150,6	2539	2542
P153,6	2543	2543
P45,9	2544	2546
P28,9	2547	2550
P122,4	2551	2552
P110,7	2553	2556
P68,8	2557	2557
P157,5	2558	2559
P90,6	2560	2562
P63,1	2563	2566
P30,9	2567	2570
P195,1	2571	2574
P121,6	2575	2575
P20,13	2576	2578
P93,7	2579	2582
P66,8	2583	2583
P180,1	2584	2587
P187,1	2588	2591
P35,8	2592	2595
P94,7	2596	2598
P165,5	2599	2599
P48,8	2600	2600
P96,7	2601	2601
P188,1	2602	2605
P166,6	2606	2609
P15,2	2610	2613
P126,6	2614	2614
P120,8	2615	2616
P124,6	2617	2618
P12,13	2619	2620
P98,7	2621	2622
P69,1	2623	2626
P176,4	2627	2627
P115,1	2628	2631
P46,8	2632	2632
P53,7	2633	2633
P181,1	2634	2637
P173,5	2638	2639
P167,7	2640	2642
P127,7	2643	2645
P100,7	2646	2647
P197,1	2648	2651
P152,1	2652	2655
P102,6	2656	2656
P38,1	2657	2660
P138,4	2661	2662
P179,5	2663	2664
P133,6	2665	2667
P182,1	2668	2671
P60,7	2672	2672
P190,1	2673	2676
P101,7	2677	2678
P39,7	2679	2679
P183,1	2680	2683
P55,8	2684	2687
P73,1	2688	2691
P33,1	2692	2695
P129,7	2696	2699
P148,5	2700	2701
P76,8	2702	2705
P14,10	2706	2709
P58,8	2710	2713
P140,6	2714	2714
P108,7	2715	2716
P199,1	2717	2720
P24,1	2721	2724
P1,1	2725	2728
P200,1	2729	2732
P192,1	2733	2736
P149,5	2737	2738
P43,1	2739	2742
P47,8	2743	2744
P134,7	2745	2748
P168,1	2749	2752
P87,7	2753	2754
P193,1	2755	2758
P151,5	2759	2760
P56,9	2761	2763
P105,1	2764	2767
P83,1	2768	2771
P112,7	2772	2774
P156,7	2775	2775
P175,1	2776	2779
P118,6	2780	2781
P62,9	2782	2785
P89,7	2786	2789
P41,9	2790	2792
P137,1	2793	2796
P153,7	2797	2799
P40,9	2800	2801
P186,1	2802	2805
P195,1	2806	2809
P68,9	2810	2813
P160,6	2814	2815
P28,10	2816	2818
P3,1	2819	2822
P90,7	2823	2824
P65,9	2825	2826
P30,10	2827	2829
P121,7	2830	2830
P188,1	2831	2834
P123,6	2835	2836
P35,9	2837	2838
P146,1	2839	2842
P171,6	2843	2845
P48,9	2846	2849
P165,6	2850	2852
P166,7	2853	2856
P126,7	2857	2860
P196,1	2861	2864
P96,8	2865	2867
P124,7	2868	2871
P92,1	2872	2875
P176,5	2876	2879
P12,14	2880	2880
P77,9	2881	2883
P152,1	2884	2887
P132,6	2888	2891
P38,1	2892	2895
P155,1	2896	2899
P173,6	2900	2900
P131,6	2901	2902
P127,8	2903	2903
P170,7	2904	2906
P51,1	2907	2910
P198,1	2911	2914
P183,1	2915	2918
P32,1	2919	2922
P33,1	2923	2926
P178,6	2927	2928
P55,9	2929	2932
P101,8	2933	2933
P39,8	2934	2937
P58,8	2938	2938
P97,10	2939	2940
P184,1	2941	2944
P24,1	2945	2948
P162,1	2949	2952
P1,1	2953	2956
P130,7	2957	2958
P191,1	2959	2962
P144,6	2963	2963
P43,1	2964	2967
P14,11	2968	2969
P140,7	2970	2970
P81,1	2971	2974
P139,7	2975	2978
P108,8	2979	2982
P107,7	2983	2984
P149,6	2985	2988
P185,1	2989	2992
P105,1	2993	2996
P194,1	2997	3000
P141,8	3001	3001
P86,8	3002	3002
P134,8	3003	3006
P114,7	3007	3010
P64,8	3011	3011
P56,10	3012	3012
P118,7	3013	3016
P63,1	3017	3020
P91,8	3021	3024
P37,10	3025	3026
P150,7	3027	3030
P122,5	3031	3031
P153,8	3032	3035
P40,10	3036	3039
P159,7	3040	3043
P95,7	3044	3045
P3,1	3046	3049
P84,10	3050	3051
P45,11	3052	3055
P41,10	3056	3059
P15,2	3060	3063
P146,1	3064	3067
P90,8	3068	3071
P68,10	3072	3075
P69,1	3076	3079
P28,11	3080	3083
P171,7	3084	3087
P196,1	3088	3091
P123,7	3092	3093
P35,10	3094	3096
P181,1	3097	3100
P92,1	3101	3104
P49,10	3105	3107
P152,1	3108	3111
P96,9	3112	3112
P189,1	3113	3116
P166,8	3117	3119
P120,10	3120	3120
P75,8	3121	3122
P155,1	3123	3126
P182,1	3127	3130
P98,9	3131	3131
P77,10	3132	3132
P51,1	3133	3136
P198,1	3137	3140
P183,1	3141	3144
P73,1	3145	3148
P170,8	3149	3151
P33,1	3152	3155
P46,10	3156	3159
P76,9	3160	3162
P199,1	3163	3166
P135,8	3167	3169
P129,8	3170	3170
P39,9	3171	3174
P57,9	3175	3176
P133,8	3177	3178
P1,1	3179	3182
P178,7	3183	3185
P191,1	3186	3189
P192,1	3190	3193
P97,11	3194	3197
P125,1	3198	3201
P81,1	3202	3205
P108,8	3206	3206
P168,1	3207	3210
P149,6	3211	3211
P130,8	3212	3214
P78,10	3215	3217
P105,1	3218	3221
P194,1	3222	3225
P175,1	3226	3229
P142,9	3230	3233
P139,8	3234	3237
P145,8	3238	3239
P61,10	3240	3241
P91,8	3242	3242
P186,1	3243	3246
P141,9	3247	3247
P85,9	3248	3249
P134,9	3250	3253
P195,1	3254	3257
P40,10	3258	3259
P112,9	3260	3262
P110,9	3263	3265
P64,9	3266	3269
P118,8	3270	3271
P37,11	3272	3272
P45,11	3273	3273
P116,9	3274	3277
P41,10	3278	3279
P188,1	3280	3283
P119,8	3284	3285
P90,8	3286	3286
P95,8	3287	3287
P68,10	3288	3288
P69,1	3289	3292
P28,11	3293	3293
P115,1	3294	3297
P117,9	3298	3301
P93,9	3302	3305
P94,9	3306	3309
P181,1	3310	3313
P160,8	3314	3316
P197,1	3317	3320
P164,8	3321	3322
P54,10	3323	3323
P35,11	3324	3326
P172,7	3327	3330
P71,10	3331	3332
P124,8	3333	3336
P6,13	3337	3338
P176,6	3339	3340
P49,11	3341	3344
P51,1	3345	3348
P198,1	3349	3352
P120,11	3353	3356
P32,1	3357	3360
P104,8	3361	3362
P53,10	3363	3363
P167,9	3364	3365
P33,1	3366	3369
P75,9	3370	3373
P184,1	3374	3377
P102,8	3378	3378
P199,1	3379	3382
P162,1	3383	3386
P1,1	3387	3390
P191,1	3391	3394
P192,1	3395	3398
P76,10	3399	3401
P43,1	3402	3405
P125,1	3406	3409
P103,1	3410	3413
P57,10	3414	3417
P193,1	3418	3421
P138,7	3422	3423
P105,1	3424	3427
P178,8	3428	3429
P175,1	3430	3433
P142,9	3434	3435
P149,7	3436	3437
P130,9	3438	3439
P108,9	3440	3442
P147,8	3443	3445
P89,8	3446	3446
P78,11	3447	3450
P180,1	3451	3454
P111,9	3455	3455
P187,1	3456	3459
P86,10	3460	3463
P61,11	3464	3467
P3,2	3468	3471
P47,11	3472	3473
P85,10	3474	3477
P15,2	3478	3481
P159,8	3482	3484
P112,10	3485	3487
P45,12	3488	3491
P156,10	3492	3495
P158,7	3496	3499
P196,1	3500	3503
P37,12	3504	3507
P118,9	3508	3511
P41,11	3512	3512
P181,1	3513	3516
P171,8	3517	3520
P152,1	3521	3524
P95,9	3525	3525
P68,11	3526	3527
P93,10	3528	3530
P172,7	3531	3532
P163,8	3533	3533
P94,10	3534	3535
P160,9	3536	3539
P182,1	3540	3543
P132,7	3544	3545
P51,1	3546	3549
P198,1	3550	3553
P124,9	3554	3557
P54,11	3558	3559
P120,11	3560	3561
P32,1	3562	3565
P73,1	3566	3569
P77,11	3570	3571
P75,9	3572	3573
P49,12	3574	3577
P184,1	3578	3581
P179,7	3582	3583
P24,1	3584	3587
P53,11	3588	3591
P200,1	3592	3595
P98,11	3596	3599
P191,1	3600	3603
P192,1	3604	3607
P102,9	3608	3609
P125,1	3610	3613
P131,9	3614	3615
P103,1	3616	3619
P168,1	3620	3623
P185,1	3624	3627
P83,1	3628	3631
P175,1	3632	3635
P137,1	3636	3639
P55,11	3640	3640
P63,1	3641	3644
P195,1	3645	3648
P178,9	3649	3652
P139,9	3653	3654
P187,1	3655	3658
P61,11	3659	3660
P108,10	3661	3662
P3,2	3663	3666
P149,8	3667	3670
P78,12	3671	3671
P15,2	3672	3675
P111,10	3676	3679
P45,12	3680	3681
P64,10	3682	3685
P91,10	3686	3689
P40,12	3690	3693
P196,1	3694	3697
P90,9	3698	3698
P118,9	3699	3699
P92,1	3700	3703
P197,1	3704	3707
P112,11	3708	3711
P152,1	3712	3715
P117,10	3716	3717
P189,1	3718	3721
P160,9	3722	3723
P182,1	3724	3727
P171,9	3728	3731
P51,1	3732	3733
P190,1	3734	3737
P71,11	3738	3739
P172,8	3740	3743
P32,1	3744	3747
P93,11	3748	3751
P94,11	3752	3755
P52,1	3756	3759
P124,10	3760	3761
P199,1	3762	3765
P24,1	3766	3769
P96,11	3770	3770
P162,1	3771	3774
P1,2	3775	3778
P167,10	3779	3779
P165,10	3780	3780
P192,1	3781	3784
P43,1	3785	3788
P81,1	3789	3792
P179,8	3793	3796
P193,1	3797	3800
P105,1	3801	3804
P175,1	3805	3808
P133,10	3809	3809
P39,11	3810	3813
P127,12	3814	3815
P76,11	3816	3817
P63,1	3818	3821
P195,1	3822	3825
P178,9	3826	3827
P135,11	3828	3831
P55,12	3832	3834
P187,1	3835	3838
P143,1	3839	3842
P149,8	3843	3844
P107,10	3845	3846
P15,2	3847	3850
P146,1	3851	3854
P61,12	3855	3858
P64,10	3859	3860
P85,11	3861	3864
P91,10	3865	3866
P140,11	3867	3870
P147,10	3871	3874
P14,14	3875	3877
P45,13	3878	3878
P181,1	3879	3882
P197,1	3883	3886
P112,11	3887	3887
P111,11	3888	3890
P189,1	3891	3894
P145,11	3895	3898
P182,1	3899	3902
P118,10	3903	3906
P51,2	3907	3910
P198,1	3911	3914
P172,8	3915	3915
P160,10	3916	3916
P32,1	3917	3920
P126,10	3921	3922
P73,1	3923	3926
P8,15	3927	3930
P52,1	3931	3934
P54,12	3935	3936
P24,1	3937	3940
P162,1	3941	3944
P200,1	3945	3948
P132,9	3949	3952
P77,13	3953	3953
P43,1	3954	3957
P163,10	3958	3961
P94,12	3962	3964
P124,11	3965	3966
P96,12	3967	3968
P168,1	3969	3972
P185,1	3973	3976
P105,1	3977	3980
P175,1	3981	3984
P176,9	3985	3988
P179,9	3989	3992
P49,14	3993	3996
P186,1	3997	4000
P195,1	4001	4004
P131,10	4005	4006
P133,11	4007	4010
P3,2	4011	4014
P142,11	4015	4016
P15,2	4017	4020
P76,12	4021	4024
P86,11	4025	4026
P178,10	4027	4028
P61,12	4029	4029
P27,1	4030	4033
P129,11	4034	4035
P107,11	4036	4037
P89,11	4038	4039
P115,1	4040	4043
P181,1	4044	4047
P197,1	4048	4051
P152,1	4052	4055
P38,1	4056	4059
P182,1	4060	4063
P40,13	4064	4065
P91,11	4066	4068
P190,1	4069	4072
P158,9	4073	4074
P159,10	4075	4078
P32,1	4079	4082
P84,13	4083	4083
P111,12	4084	4087
P184,1	4088	4091
P160,11	4092	4094
P172,9	4095	4098
P35,14	4099	4099
P162,1	4100	4103
P1,2	4104	4107
P132,9	4108	4109
P191,1	4110	4113
P171,11	4114	4114
P125,1	4115	4118
P81,1	4119	4122
P77,14	4123	4126
P193,1	4127	4130
P185,1	4131	4134
P194,1	4135	4138
P98,12	4139	4139
P124,12	4140	4143
P63,1	4144	4147
P94,13	4148	4148
P96,13	4149	4150
P180,1	4151	4154
P39,12	4155	4158
P3,2	4159	4162
P188,1	4163	4166
P179,10	4167	4167
P131,11	4168	4171
P135,12	4172	4175
P58,13	4176	4178
P69,1	4179	4182
P196,1	4183	4186
P92,1	4187	4190
P197,1	4191	4194
P86,12	4195	4198
P108,12	4199	4201
P89,12	4202	4202
P189,1	4203	4206
P147,11	4207	4207
P138,10	4208	4208
P38,1	4209	4212
P129,12	4213	4213
P182,1	4214	4217
P190,1	4218	4221
P107,12	4222	4223
P183,1	4224	4227
P32,1	4228	4231
P73,1	4232	4235
P184,1	4236	4239
P199,1	4240	4243
P158,10	4244	4247
P24,1	4248	4251
P200,1	4252	4255
P126,11	4256	4256
P191,1	4257	4260
P43,1	4261	4264
P71,13	4265	4268
P103,1	4269	4272
P77,14	4273	4273
P168,1	4274	4277
P35,15	4278	4278
P185,1	4279	4282
P105,1	4283	4286
P175,1	4287	4290
P63,1	4291	4294
P195,1	4295	4298
P39,12	4299	4300
P187,1	4301	4304
P143,1	4305	4308
P15,2	4309	4312
P53,13	4313	4313
P98,13	4314	4317
P27,1	4318	4321
P115,1	4322	4325
P181,1	4326	4329
P96,14	4330	4333
P102,12	4334	4335
P197,1	4336	4339
P152,1	4340	4343
P189,1	4344	4347
P86,13	4348	4349
P155,1	4350	4353
P51,2	4354	4357
P198,1	4358	4361
P183,1	4362	4365
P108,13	4366	4369
P140,13	4370	4370
P73,1	4371	4374
P184,1	4375	4377
P129,13	4378	4381
P199,1	4382	4385
P162,1	4386	4389
P1,2	4390	4393
P191,1	4394	4397
P192,1	4398	4401
P125,1	4402	4405
P71,13	4406	4406
P103,1	4407	4410
P126,12	4411	4414
P185,1	4415	4418
P105,1	4419	4422
P175,1	4423	4426
P63,1	4427	4430
P195,1	4431	4434
P180,1	4435	4438
P3,2	4439	4442
P188,1	4443	4446
P132,11	4447	4450
P118,13	4451	4451
P27,1	4452	4455
P115,1	4456	4459
P131,12	4460	4461
P96,14	4462	4463
P92,1	4464	4467
P58,14	4468	4469
P152,1	4470	4473
P176,12	4474	4477
P98,14	4478	4481
P182,1	4482	4485
P190,1	4486	4489
P183,1	4490	4493
P133,13	4494	4495
P108,13	4496	4496
P102,13	4497	4497
P73,1	4498	4501
P184,2	4502	4505
P145,13	4506	4509
P162,1	4510	4513
P200,1	4514	4517
P191,1	4518	4521
P43,1	4522	4525
P125,1	4526	4529
P81,1	4530	4533
P158,11	4534	4537
P91,13	4538	4539
P193,1	4540	4543
P160,13	4544	4545
P172,11	4546	4549
P175,1	4550	4553
P63,1	4554	4554
P186,1	4555	4558
P180,1	4559	4562
P3,2	4563	4566
P15,2	4567	4570
P27,1	4571	4571
P69,1	4572	4575
P196,1	4576	4579
P92,1	4580	4583
P197,1	4584	4587
P132,12	4588	4590
P176,12	4591	4592
P118,14	4593	4596
P155,1	4597	4600
P51,2	4601	4604
P198,1	4605	4608
P96,15	4609	4612
P98,15	4613	4616
P52,1	4617	4620
P199,1	4621	4624
P179,12	4625	4628
P162,1	4629	4632
P86,15	4633	4635
P102,14	4636	4639
P191,1	4640	4643
P43,1	4644	4647
P81,1	4648	4651
P158,11	4652	4653
P168,1	4654	4657
P185,1	4658	4661
P105,1	4662	4665
P175,1	4666	4669
P186,1	4670	4673
P180,1	4674	4677
P143,2	4678	4681
P188,1	4682	4685
P107,15	4686	4687
P146,1	4688	4691
P115,1	4692	4695
P160,14	4696	4698
P92,1	4699	4702
P163,13	4703	4704
P152,1	4705	4708
P118,14	4709	4709
P38,1	4710	4713
P182,1	4714	4717
P190,1	4718	4721
P183,1	4722	4725
P52,1	4726	4729
P199,1	4730	4733
P24,1	4734	4737
P200,1	4738	4741
P191,1	4742	4745
P43,1	4746	4749
P81,1	4750	4753
P168,1	4754	4756
P193,1	4757	4760
P105,1	4761	4764
P175,1	4765	4766
P186,1	4767	4770
P195,1	4771	4774
P3,2	4775	4778
P187,2	4779	4782
P172,12	4783	4785
P15,2	4786	4789
P69,1	4790	4793
P196,1	4794	4797
P92,1	4798	4801
P152,1	4802	4805
P38,1	4806	4809
P182,1	4810	4813
P190,1	4814	4817
P183,1	4818	4821
P52,1	4822	4825
P199,1	4826	4829
P162,1	4830	4833
P1,2	4834	4837
P192,1	4838	4841
P125,1	4842	4845
P103,1	4846	4849
P185,1	4850	4853
P194,1	4854	4857
P179,13	4858	4858
P186,1	4859	4862
P102,15	4863	4864
P195,1	4865	4868
P3,2	4869	4872
P187,2	4873	4876
P158,13	4877	4878
P146,1	4879	4882
P115,1	4883	4886
P181,1	4887	4890
P197,1	4891	4894
P189,1	4895	4898
P155,1	4899	4902
P51,2	4903	4906
P198,1	4907	4910
P73,1	4911	4914
P184,2	4915	4918
P24,1	4919	4922
P200,1	4923	4926
P191,1	4927	4930
P43,1	4931	4934
P81,1	4935	4938
P163,15	4939	4942
P176,14	4943	4946
P194,1	4947	4950
P137,1	4951	4954
P175,2	4955	4958
P180,1	4959	4962
P143,2	4963	4966
P187,2	4967	4970
P15,2	4971	4974
P69,1	4975	4978
P196,1	4979	4982
P152,1	4983	4986
P189,1	4987	4990
P38,1	4991	4994
P155,1	4995	4998
P51,2	4999	5002
P198,1	5003	5006
P73,1	5007	5010
P184,2	5011	5014
P24,1	5015	5018
P200,1	5019	5022
P191,1	5023	5026
P43,1	5027	5030
P81,1	5031	5034
P193,1	5035	5038
P194,1	5039	5042
P137,1	5043	5046
P175,2	5047	5050
P180,1	5051	5054
P143,2	5055	5058
P188,1	5059	5062
P146,1	5063	5066
P115,1	5067	5070
P181,1	5071	5074
P92,2	5075	5078
P197,2	5079	5082
P155,1	5083	5086
P51,2	5087	5090
P198,1	5091	5092
P73,1	5093	5096
P184,2	5097	5100
P24,1	5101	5104
P200,1	5105	5108
P191,1	5109	5112
P125,1	5113	5116
P43,2	5117	5120
P193,1	5121	5124
P185,2	5125	5128
P186,1	5129	5132
P195,1	5133	5136
P3,2	5137	5140
P176,15	5141	5143
P187,2	5144	5147
P146,1	5148	5151
P115,1	5152	5155
P181,1	5156	5159
P92,2	5160	5163
P197,2	5164	5167
P155,1	5168	5171
P179,15	5172	5174
P190,1	5175	5178
P183,1	5179	5182
P52,1	5183	5186
P199,1	5187	5190
P162,1	5191	5194
P1,2	5195	5198
P192,1	5199	5202
P81,1	5203	5206
P103,1	5207	5210
P194,1	5211	5214
P137,1	5215	5218
P175,2	5219	5222
P180,1	5223	5226
P143,2	5227	5230
P188,1	5231	5234
P69,1	5235	5238
P196,1	5239	5242
P152,1	5243	5246
P189,1	5247	5250
P155,1	5251	5254
P51,2	5255	5258
P198,2	5259	5262
P73,1	5263	5266
P184,2	5267	5270
P24,1	5271	5274
P162,2	5275	5278
P191,1	5279	5282
P125,1	5283	5286
P103,1	5287	5290
P194,1	5291	5294
P137,1	5295	5298
P175,2	5299	5302
P180,1	5303	5306
P143,2	5307	5310
P188,1	5311	5314
P69,1	5315	5318
P196,1	5319	5322
P152,1	5323	5326
P189,1	5327	5330
P155,1	5331	5334
P51,2	5335	5338
P198,2	5339	5342
P73,1	5343	5346
P184,2	5347	5350
P24,1	5351	5354
P162,2	5355	5358
P191,1	5359	5362
P43,2	5363	5366
P193,1	5367	5370
P185,2	5371	5374
P186,1	5375	5378
P195,1	5379	5382
P3,2	5383	5386
P187,2	5387	5390
P146,1	5391	5394
P115,1	5395	5398
P181,1	5399	5402
P92,2	5403	5406
P197,2	5407	5410
P182,1	5411	5414
P190,1	5415	5418
P183,1	5419	5422
P52,1	5423	5426
P199,1	5427	5430
P200,1	5431	5434
P1,2	5435	5438
P125,1	5439	5442
P103,1	5443	5446
P194,1	5447	5448
P137,1	5449	5452
P175,2	5453	5456
P180,1	5457	5460
P143,2	5461	5464
P188,1	5465	5468
P69,1	5469	5472
P196,1	5473	5476
P152,1	5477	5480
P189,1	5481	5484
P155,1	5485	5488
P51,2	5489	5492
P198,2	5493	5496
P73,1	5497	5500
P184,2	5501	5504
P24,1	5505	5508
P162,2	5509	5512
P191,1	5513	5516
P43,2	5517	5520
P193,1	5521	5524
P137,1	5525	5528
P175,2	5529	5532
P180,1	5533	5536
P143,2	5537	5540
P188,1	5541	5544
P69,1	5545	5548
P196,1	5549	5552
P152,1	5553	5556
P189,1	5557	5560
P155,1	5561	5564
P51,2	5565	5568
P198,2	5569	5572
P73,1	5573	5576
P52,2	5577	5580
P24,1	5581	5584
P162,2	5585	5588
P191,1	5589	5592
P43,2	5593	5596
P193,1	5597	5600
P137,1	5601	5604
P175,2	5605	5608
P180,1	5609	5612
P143,2	5613	5616
P188,1	5617	5620
P69,1	5621	5624
P196,1	5625	5628
P152,1	5629	5632
P189,1	5633	5636
P155,1	5637	5640
P51,2	5641	5644
P198,2	5645	5648
P73,1	5649	5652
P52,2	5653	5656
P24,1	5657	5660
P162,2	5661	5664
P191,1	5665	5668
P43,2	5669	5672
P193,1	5673	5676
P137,1	5677	5680
P175,2	5681	5684
P180,1	5685	5688
P143,2	5689	5692
P188,1	5693	5696
P69,1	5697	5700
P196,1	5701	5704
P152,1	5705	5708
P189,1	5709	5712
P155,1	5713	5716
P51,2	5717	5720
P198,2	5721	5724
P73,1	5725	5728
P52,2	5729	5732
P24,1	5733	5736
P162,2	5737	5740
P191,1	5741	5744
P43,2	5745	5748
P193,1	5749	5752
P137,1	5753	5756
P175,2	5757	5760
P180,1	5761	5764
P143,2	5765	5768
P188,1	5769	5772
P69,1	5773	5776
P196,1	5777	5780
P152,1	5781	5784
P189,1	5785	5788
P155,1	5789	5792
P51,2	5793	5796
P198,2	5797	5800
P73,1	5801	5804
P52,2	5805	5808
P24,1	5809	5812
P162,2	5813	5816
P125,1	5817	5820
P103,1	5821	5824
P185,2	5825	5828
P186,1	5829	5832
P195,1	5833	5836
P143,2	5837	5840
P188,1	5841	5844
P69,1	5845	5848
P181,1	5849	5852
P92,2	5853	5856
P197,2	5857	5860
P182,1	5861	5864
P190,1	5865	5868
P183,1	5869	5872
P184,2	5873	5876
P199,1	5877	5880
P24,2	5881	5884
P191,1	5885	5888
P43,2	5889	5892
P193,1	5893	5896
P137,1	5897	5900
P175,2	5901	5904
P180,1	5905	5908
P187,2	5909	5912
P146,1	5913	5916
P115,1	5917	5920
P152,1	5921	5924
P189,1	5925	5928
P155,1	5929	5932
P51,2	5933	5936
P198,2	5937	5940
P73,1	5941	5944
P52,2	5945	5948
P200,1	5949	5952
P162,2	5953	5956
P125,1	5957	5960
P103,1	5961	5964
P185,2	5965	5968
P186,1	5969	5972
P195,1	5973	5976
P143,2	5977	5980
P188,1	5981	5984
P69,1	5985	5988
P181,1	5989	5992
P92,2	5993	5996
P197,2	5997	6000
P182,1	6001	6004
P190,1	6005	6008
P183,1	6009	6012
P184,2	6013	6016
P199,1	6017	6020
P24,2	6021	6024
P191,1	6025	6028
P43,2	6029	6032
P193,1	6033	6036
P137,1	6037	6040
P175,2	6041	6044
P143,2	6045	6048
P188,1	6049	6052
P69,1	6053	6054
P115,1	6055	6057
P152,1	6058	6061
P189,1	6062	6065
P155,1	6066	6069
P51,2	6070	6073
P190,2	6074	6077
P73,1	6078	6081
P52,2	6082	6085
P200,1	6086	6089
P162,2	6090	6093
P125,1	6094	6097
P103,1	6098	6101
P185,2	6102	6105
P186,1	6106	6109
P143,2	6110	6113
P187,2	6114	6117
P146,1	6118	6121
P69,2	6122	6125
P92,2	6126	6129
P197,2	6130	6133
P182,1	6134	6137
P198,2	6138	6141
P183,1	6142	6145
P184,2	6146	6149
P199,1	6150	6153
P24,2	6154	6157
P191,1	6158	6161
P43,2	6162	6165
P193,1	6166	6169
P137,1	6170	6173
P175,2	6174	6177
P180,2	6178	6181
P188,1	6182	6185
P181,1	6186	6189
P152,1	6190	6193
P189,1	6194	6197
P155,1	6198	6201
P51,2	6202	6205
P190,2	6206	6209
P73,1	6210	6213
P52,2	6214	6217
P200,1	6218	6221
P162,2	6222	6225
P125,1	6226	6229
P103,1	6230	6233
P185,2	6234	6237
P186,1	6238	6241
P143,2	6242	6245
P187,2	6246	6249
P181,1	6250	6253
P152,1	6254	6257
P189,1	6258	6259
P155,1	6260	6263
P51,2	6264	6267
P190,2	6268	6271
P73,1	6272	6275
P52,2	6276	6279
P200,1	6280	6283
P162,2	6284	6287
P125,1	6288	6291
P103,1	6292	6295
P185,2	6296	6299
P175,2	6300	6303
P180,2	6304	6307
P146,1	6308	6311
P69,2	6312	6315
P92,2	6316	6319
P155,1	6320	6323
P182,2	6324	6327
P190,2	6328	6331
P73,1	6332	6335
P199,1	6336	6339
P24,2	6340	6343
P191,1	6344	6347
P43,2	6348	6351
P193,1	6352	6355
P137,1	6356	6359
P143,2	6360	6363
P187,2	6364	6367
P181,1	6368	6371
P152,1	6372	6375
P197,2	6376	6376
P51,2	6377	6380
P198,2	6381	6384
P183,1	6385	6388
P52,2	6389	6392
P200,1	6393	6396
P162,2	6397	6400
P125,2	6401	6404
P103,1	6405	6408
P185,2	6409	6412
P175,2	6413	6416
P180,2	6417	6420
P146,1	6421	6424
P69,2	6425	6428
P92,2	6429	6432
P51,2	6433	6436
P198,2	6437	6440
P183,1	6441	6444
P199,1	6445	6448
P24,2	6449	6452
P191,1	6453	6456
P43,2	6457	6460
P193,1	6461	6464
P137,1	6465	6468
P143,2	6469	6472
P187,2	6473	6476
P181,1	6477	6480
P152,1	6481	6484
P155,1	6485	6488
P182,2	6489	6492
P190,2	6493	6496
P52,2	6497	6500
P200,1	6501	6504
P162,2	6505	6508
P125,2	6509	6512
P103,1	6513	6516
P185,2	6517	6520
P175,2	6521	6524
P180,2	6525	6528
P146,1	6529	6532
P69,2	6533	6536
P92,2	6537	6540
P51,2	6541	6544
P198,2	6545	6548
P183,1	6549	6552
P199,1	6553	6556
P24,2	6557	6560
P191,1	6561	6564
P43,2	6565	6568
P193,1	6569	6572
P137,1	6573	6576
P143,2	6577	6580
P187,2	6581	6584
P69,2	6585	6588
P92,2	6589	6592
P51,2	6593	6596
P198,2	6597	6600
P183,1	6601	6604
P199,1	6605	6608
P24,2	6609	6612
P191,1	6613	6616
P43,2	6617	6620
P193,1	6621	6624
P137,1	6625	6628
P143,2	6629	6632
P187,2	6633	6636
P69,2	6637	6640
P92,2	6641	6644
P51,2	6645	6648
P198,2	6649	6652
P183,1	6653	6656
P199,1	6657	6660
P24,2	6661	6664
P125,2	6665	6668
P193,1	6669	6672
P103,2	6673	6676
P175,2	6677	6680
P180,2	6681	6684
P69,2	6685	6688
P92,2	6689	6692
P51,2	6693	6696
P198,2	6697	6700
P183,1	6701	6704
P199,1	6705	6708
P24,2	6709	6712
P125,2	6713	6716
P185,2	6717	6720
P137,1	6721	6724
P175,2	6725	6728
P180,2	6729	6732
P69,2	6733	6736
P92,2	6737	6740
P182,2	6741	6744
P190,2	6745	6748
P52,2	6749	6752
P200,1	6753	6756
P191,1	6757	6760
P43,2	6761	6764
P103,2	6765	6768
P137,2	6769	6772
P143,2	6773	6776
P187,2	6777	6780
P152,2	6781	6784
P92,2	6785	6788
P182,2	6789	6792
P190,2	6793	6796
P199,1	6797	6800
P191,1	6801	6804
P43,2	6805	6808
P103,2	6809	6812
P137,2	6813	6816
P143,2	6817	6820
P187,2	6821	6824
P152,2	6825	6828
P92,2	6829	6832
P182,2	6833	6836
P190,2	6837	6840
P199,1	6841	6842
P24,2	6843	6846
P125,2	6847	6850
P191,2	6851	6854
P103,2	6855	6858
P137,2	6859	6862
P143,2	6863	6866
P187,2	6867	6870
P152,2	6871	6874
P92,2	6875	6878
P182,2	6879	6882
P190,2	6883	6886
P199,2	6887	6890
P200,2	6891	6894
P43,2	6895	6898
P185,2	6899	6902
P193,2	6903	6906
P175,2	6907	6910
P180,2	6911	6914
P152,2	6915	6918
P92,2	6919	6922
P182,2	6923	6926
P190,2	6927	6927
P199,2	6928	6931
P200,2	6932	6935
P43,2	6936	6939
P185,2	6940	6943
P193,2	6944	6947
P175,2	6948	6951
P180,2	6952	6955
P152,2	6956	6959
P92,2	6960	6963
P182,2	6964	6967
P52,2	6968	6968
P199,2	6969	6972
P200,2	6973	6976
P43,2	6977	6980
P185,2	6981	6984
P193,2	6985	6988
P175,2	6989	6992
P180,2	6993	6996
P152,2	6997	7000
P92,2	7001	7004
P182,2	7005	7008
P199,2	7009	7012
P200,2	7013	7016
P43,2	7017	7020
P185,2	7021	7024
P193,2	7025	7028
P175,2	7029	7032
P180,2	7033	7036
P152,2	7037	7040
P92,2	7041	7044
P182,2	7045	7048
P199,2	7049	7052
P200,2	7053	7056
P43,2	7057	7060
P185,2	7061	7062
P103,2	7063	7066
P137,2	7067	7070
P143,2	7071	7074
P69,2	7075	7078
P155,2	7079	7082
P51,2	7083	7086
P198,2	7087	7090
P24,2	7091	7094
P125,2	7095	7098
P191,2	7099	7102
P193,2	7103	7106
P175,2	7107	7110
P180,2	7111	7114
P152,2	7115	7118
P92,2	7119	7122
P198,2	7123	7126
P24,2	7127	7130
P125,2	7131	7134
P191,2	7135	7138
P193,2	7139	7142
P175,2	7143	7146
P180,2	7147	7150
P152,2	7151	7154
P92,2	7155	7158
P198,2	7159	7162
P24,2	7163	7166
P125,2	7167	7170
P191,2	7171	7174
P193,2	7175	7178
P175,2	7179	7182
P180,2	7183	7186
P152,2	7187	7190
P92,2	7191	7194
P198,2	7195	7198
P24,2	7199	7202
P125,2	7203	7206
P191,2	7207	7210
P193,2	7211	7214
P175,2	7215	7218
P180,2	7219	7222
P152,2	7223	7226
P92,2	7227	7230
P198,2	7231	7234
P24,2	7235	7238
P125,2	7239	7242
P191,2	7243	7246
P193,2	7247	7250
P175,2	7251	7254
P180,2	7255	7258
P152,2	7259	7262
P92,2	7263	7266
P198,2	7267	7270
P24,2	7271	7274
P125,2	7275	7278
P191,2	7279	7282
P193,2	7283	7286
P175,2	7287	7290
P180,2	7291	7294
P152,2	7295	7298
P92,2	7299	7302
P198,2	7303	7306
P24,2	7307	7310
P125,2	7311	7314
P191,2	7315	7318
P193,2	7319	7322
P175,2	7323	7325
P180,2	7326	7329
P152,2	7330	7333
P92,2	7334	7337
P198,2	7338	7341
P24,2	7342	7345
P125,2	7346	7349
P191,2	7350	7353
P193,2	7354	7354
P137,2	7355	7358
P180,2	7359	7362
P152,2	7363	7365
P92,2	7366	7369
P198,2	7370	7373
P24,2	7374	7377
P125,2	7378	7381
P191,2	7382	7385
P137,2	7386	7389
P180,2	7390	7393
P155,2	7394	7397
P182,2	7398	7401
P199,2	7402	7405
P200,2	7406	7409
P43,2	7410	7413
P103,2	7414	7417
P143,2	7418	7421
P69,2	7422	7425
P182,2	7426	7429
P199,2	7430	7433
P200,2	7434	7437
P43,2	7438	7438
P103,2	7439	7442
P180,2	7443	7446
P155,2	7447	7450
P198,2	7451	7452
P199,2	7453	7456
P200,2	7457	7460
P191,2	7461	7464
P137,2	7465	7468
P69,2	7469	7472
P182,2	7473	7476
P24,2	7477	7480
P125,2	7481	7484
P103,2	7485	7488
P180,2	7489	7492
P155,2	7493	7496
P24,2	7497	7500
P125,2	7501	7504
P103,2	7505	7508
P180,2	7509	7512
P155,2	7513	7516
P24,2	7517	7520
P125,2	7521	7524
P103,2	7525	7528
P180,2	7529	7532
P155,2	7533	7536
P24,2	7537	7540
P125,2	7541	7544
P103,2	7545	7548
P69,2	7549	7552
P199,2	7553	7556
P200,2	7557	7560
P191,2	7561	7564
P137,2	7565	7568
P155,2	7569	7572
P200,2	7573	7576
P191,2	7577	7580
P137,2	7581	7584
P155,2	7585	7588
P200,2	7589	7592
P191,2	7593	7596
P69,2	7597	7597
P155,2	7598	7601
P200,2	7602	7605
P191,2	7606	7609
P199,2	7610	7613
P125,2	7614	7616
P155,2	7617	7620
P200,2	7621	7624
P155,2	7625	7628
P200,2	7629	7629
P191,2	7630	7633
P199,2	7634	7637
P155,2	7638	7641
P191,2	7642	7645
P199,2	7646	7649
P155,2	7650	7653
P191,2	7654	7657
P199,2	7658	7689
P155,2	7691	7702
CPU1
P2,1	4	4
P3,1	8	11
P4,1	12	12
P3,1	13	16
P5,1	17	20
P1,1	21	24
P6,1	25	26
P1,1	27	30
P8,1	31	34
P9,1	35	38
P1,1	39	42
P10,1	43	44
P3,1	45	48
P5,2	49	52
P4,2	53	53
P11,1	54	57
P1,1	58	61
P11,1	62	62
P2,3	63	63
P13,1	64	67
P14,1	68	70
P15,1	71	74
P9,2	75	77
P7,3	78	78
P17,1	79	80
P8,2	81	81
P3,1	82	85
P12,2	86	88
P16,1	89	90
P19,1	91	94
P10,2	95	97
P4,3	98	100
P21,1	101	104
P3,1	105	108
P22,1	109	111
P20,1	112	112
P2,4	113	116
P24,1	117	120
P11,2	121	123
P21,1	124	124
P16,2	125	128
P3,1	129	132
P15,1	133	136
P8,3	137	140
P2,4	141	141
P9,3	142	145
P12,3	146	149
P1,1	150	153
P29,1	154	157
P19,2	158	158
P20,2	159	161
P30,1	162	162
P15,1	163	166
P31,1	167	169
P33,1	170	173
P28,1	174	175
P22,2	176	179
P24,1	180	183
P7,5	184	187
P26,2	188	191
P25,2	192	194
P14,3	195	198
P8,4	199	202
P13,3	203	205
P3,1	206	209
P15,1	210	213
P37,1	214	217
P38,1	218	221
P33,1	222	225
P40,1	226	227
P22,2	228	228
P18,3	229	231
P41,1	232	235
P4,5	236	239
P7,5	240	240
P20,3	241	241
P11,3	242	243
P43,1	244	247
P23,2	248	249
P30,2	250	253
P5,5	254	256
P21,3	257	257
P26,3	258	261
P31,2	262	263
P9,4	264	265
P3,1	266	269
P15,1	270	273
P27,1	274	277
P6,5	278	279
P2,5	280	280
P38,1	281	284
P32,1	285	288
P52,1	289	292
P39,1	293	294
P54,1	295	298
P10,4	299	300
P16,4	301	304
P29,2	305	306
P55,1	307	310
P1,1	311	314
P43,1	315	318
P61,1	319	319
P18,4	320	323
P45,1	324	325
P22,3	326	328
P40,2	329	331
P17,4	332	334
P41,2	335	337
P47,1	338	338
P4,6	339	342
P3,1	343	346
P23,3	347	350
P65,1	351	353
P66,1	354	357
P42,2	358	361
P27,1	362	365
P69,1	366	369
P50,1	370	371
P21,4	372	373
P35,2	374	377
P38,1	378	381
P12,5	382	384
P51,1	385	388
P5,6	389	390
P73,1	391	394
P52,1	395	398
P76,1	399	401
P26,4	402	404
P77,1	405	405
P31,3	406	406
P24,1	407	410
P6,6	411	413
P55,1	414	415
P39,2	416	418
P43,1	419	422
P36,3	423	426
P25,4	427	430
P56,2	431	434
P82,1	435	437
P83,1	438	441
P84,1	442	444
P85,1	445	448
P57,2	449	451
P4,6	452	452
P22,4	453	456
P61,2	457	460
P59,2	461	464
P30,3	465	466
P45,2	467	467
P66,1	468	468
P47,2	469	471
P88,1	472	472
P42,2	473	473
P17,5	474	477
P28,4	478	478
P89,1	479	481
P7,7	482	485
P69,1	486	489
P90,1	490	492
P92,1	493	496
P71,1	497	497
P35,2	498	499
P94,1	500	502
P44,2	503	504
P72,1	505	505
P68,2	506	509
P67,2	510	510
P21,5	511	511
P48,2	512	513
P70,2	514	515
P96,1	516	519
P33,1	520	523
P49,2	524	524
P97,1	525	526
P13,5	527	530
P12,6	531	533
P74,2	534	534
P1,1	535	538
P43,1	539	542
P80,1	543	543
P75,2	544	544
P54,2	545	548
P102,1	549	552
P34,4	553	553
P81,1	554	557
P55,2	558	561
P105,1	562	565
P58,2	566	567
P31,4	568	571
P83,1	572	575
P106,1	576	579
P16,5	580	582
P78,2	583	584
P107,1	585	588
P25,5	589	589
P79,2	590	593
P19,5	594	597
P3,1	598	601
P62,2	602	605
P86,1	606	606
P57,3	607	610
P110,1	611	611
P85,2	612	615
P29,4	616	619
P111,1	620	621
P112,1	622	622
P22,5	623	626
P113,1	627	627
P59,3	628	631
P87,2	632	634
P69,1	635	638
P47,3	639	639
P45,3	640	643
P116,1	644	647
P92,1	648	651
P41,3	652	652
P66,2	653	656
P88,2	657	658
P28,5	659	660
P30,4	661	663
P40,4	664	667
P51,1	668	671
P20,6	672	673
P120,1	674	676
P65,3	677	678
P96,1	679	680
P121,1	681	682
P68,3	683	686
P35,3	687	690
P13,5	691	692
P90,2	693	693
P93,2	694	697
P94,2	698	701
P95,2	702	705
P1,1	706	709
P99,1	710	711
P43,1	712	715
P54,2	716	716
P124,1	717	720
P50,3	721	724
P125,1	725	728
P102,1	729	730
P127,1	731	734
P12,7	735	738
P128,1	739	742
P55,2	743	743
P105,1	744	747
P129,1	748	749
P131,1	750	751
P31,4	752	753
P60,2	754	755
P74,3	756	759
P83,1	760	763
P133,1	764	767
P135,1	768	771
P76,3	772	775
P137,1	776	779
P138,1	780	783
P139,1	784	786
P2,8	787	787
P19,5	788	789
P14,6	790	791
P108,1	792	792
P141,1	793	793
P62,2	794	794
P36,5	795	795
P57,3	796	797
P142,1	798	801
P84,2	802	803
P85,2	804	804
P144,1	805	808
P16,6	809	812
P25,6	813	816
P145,1	817	820
P27,1	821	824
P82,3	825	828
P61,3	829	832
P37,4	833	835
P59,3	836	836
P148,1	837	837
P115,1	838	841
P7,8	842	844
P110,2	845	847
P116,1	848	849
P92,1	850	853
P151,1	854	854
P113,2	855	858
P152,1	859	862
P47,4	863	866
P38,1	867	870
P155,1	871	874
P91,2	875	878
P89,2	879	879
P87,3	880	881
P88,3	882	885
P157,1	886	889
P41,4	890	890
P33,1	891	894
P119,2	895	898
P52,1	899	902
P117,2	903	906
P24,1	907	910
P71,2	911	912
P121,2	913	916
P94,2	917	918
P163,1	919	922
P95,2	923	923
P8,7	924	927
P1,1	928	931
P123,1	932	932
P164,1	933	936
P65,4	937	937
P165,1	938	938
P49,3	939	940
P93,3	941	943
P50,3	944	944
P125,1	945	948
P100,2	949	952
P81,1	953	956
P72,3	957	960
P169,1	961	962
P54,3	963	966
P99,2	967	970
P12,8	971	973
P67,4	974	976
P77,3	977	978
P74,3	979	979
P104,2	980	980
P9,7	981	982
P127,2	983	984
P53,3	985	985
P83,1	986	989
P174,1	990	993
P102,2	994	997
P129,2	998	1001
P175,1	1002	1005
P131,2	1006	1009
P177,1	1010	1013
P130,2	1014	1017
P75,4	1018	1021
P178,1	1022	1025
P31,5	1026	1029
P133,2	1030	1030
P3,1	1031	1034
P39,4	1035	1035
P142,1	1036	1037
P143,1	1038	1041
P6,8	1042	1043
P2,9	1044	1045
P79,3	1046	1049
P106,2	1050	1051
P139,2	1052	1055
P57,4	1056	1056
P56,4	1057	1058
P107,2	1059	1061
P145,1	1062	1062
P19,6	1063	1066
P27,1	1067	1070
P147,1	1071	1071
P144,2	1072	1075
P86,2	1076	1076
P78,4	1077	1077
P69,1	1078	1081
P84,3	1082	1084
P149,1	1085	1085
P181,1	1086	1089
P92,1	1090	1093
P113,2	1094	1094
P152,1	1095	1098
P150,2	1099	1101
P37,5	1102	1102
P38,1	1103	1106
P10,8	1107	1109
P155,1	1110	1113
P45,4	1114	1115
P182,1	1116	1119
P51,1	1120	1123
P116,2	1124	1126
P183,1	1127	1130
P32,1	1131	1134
P33,1	1135	1138
P87,4	1139	1142
P153,2	1143	1143
P119,2	1144	1144
P91,3	1145	1148
P184,1	1149	1152
P64,4	1153	1156
P40,5	1157	1159
P28,6	1160	1161
P117,3	1162	1165
P66,4	1166	1166
P13,6	1167	1168
P41,5	1169	1172
P161,2	1173	1176
P158,2	1177	1180
P95,3	1181	1184
P43,1	1185	1188
P35,4	1189	1192
P94,3	1193	1196
P125,1	1197	1200
P163,2	1201	1201
P81,1	1202	1205
P49,4	1206	1206
P72,3	1207	1208
P168,1	1209	1212
P93,4	1213	1216
P48,4	1217	1218
P123,2	1219	1219
P65,5	1220	1221
P99,2	1222	1222
P124,2	1223	1226
P70,4	1227	1230
P50,4	1231	1233
P169,2	1234	1236
P171,2	1237	1237
P80,3	1238	1239
P83,1	1240	1243
P26,6	1244	1245
P126,3	1246	1249
P77,4	1250	1253
P132,2	1254	1257
P97,4	1258	1258
P176,1	1259	1260
P131,2	1261	1261
P9,8	1262	1263
P137,1	1264	1267
P177,1	1268	1268
P67,5	1269	1272
P130,2	1273	1273
P186,1	1274	1277
P34,6	1278	1279
P136,2	1280	1283
P60,4	1284	1287
P187,1	1288	1291
P55,4	1292	1294
P143,1	1295	1298
P79,3	1299	1299
P138,2	1300	1303
P31,6	1304	1304
P58,4	1305	1306
P142,2	1307	1310
P6,9	1311	1314
P15,1	1315	1318
P19,6	1319	1320
P27,1	1321	1324
P108,3	1325	1325
P14,7	1326	1327
P106,3	1328	1330
P115,1	1331	1334
P139,3	1335	1338
P141,3	1339	1339
P22,6	1340	1340
P82,4	1341	1341
P181,1	1342	1345
P78,5	1346	1349
P148,2	1350	1351
P152,1	1352	1355
P189,1	1356	1359
P111,3	1360	1361
P147,2	1362	1364
P113,3	1365	1366
P155,1	1367	1370
P85,4	1371	1371
P59,4	1372	1373
P29,6	1374	1377
P84,4	1378	1381
P190,1	1382	1385
P42,5	1386	1387
P47,5	1388	1391
P10,9	1392	1392
P151,2	1393	1393
P32,1	1394	1397
P33,1	1398	1401
P109,4	1402	1405
P91,3	1406	1406
P52,1	1407	1410
P89,3	1411	1411
P17,8	1412	1415
P88,4	1416	1417
P156,3	1418	1421
P153,3	1422	1424
P40,6	1425	1428
P23,7	1429	1432
P159,2	1433	1433
P191,1	1434	1437
P192,1	1438	1441
P13,7	1442	1444
P43,1	1445	1448
P121,3	1449	1450
P122,2	1451	1452
P30,6	1453	1453
P81,1	1454	1457
P71,4	1458	1459
P103,1	1460	1463
P93,4	1464	1465
P90,4	1466	1469
P163,3	1470	1470
P185,1	1471	1474
P105,1	1475	1478
P72,4	1479	1480
P35,5	1481	1484
P96,4	1485	1488
P65,6	1489	1491
P83,1	1492	1495
P48,5	1496	1499
P99,3	1500	1502
P77,4	1503	1503
P128,3	1504	1505
P98,4	1506	1509
P70,5	1510	1512
P80,4	1513	1516
P173,2	1517	1520
P74,5	1521	1521
P169,3	1522	1523
P137,1	1524	1527
P63,1	1528	1531
P186,1	1532	1535
P104,3	1536	1537
P136,2	1538	1538
P195,1	1539	1542
P46,6	1543	1546
P60,4	1547	1548
P53,5	1549	1550
P97,5	1551	1553
P187,1	1554	1557
P3,1	1558	1561
P75,5	1562	1565
P143,1	1566	1569
P138,2	1570	1571
P178,2	1572	1573
P130,3	1574	1577
P55,5	1578	1581
P31,7	1582	1585
P146,1	1586	1589
P79,4	1590	1593
P58,5	1594	1596
P69,1	1597	1600
P196,1	1601	1604
P16,7	1605	1606
P181,1	1607	1610
P78,5	1611	1612
P108,4	1613	1613
P197,1	1614	1617
P56,5	1618	1619
P57,6	1620	1623
P2,11	1624	1627
P22,7	1628	1630
P134,4	1631	1631
P38,1	1632	1635
P107,4	1636	1636
P148,3	1637	1640
P82,5	1641	1641
P111,4	1642	1645
P29,6	1646	1647
P51,1	1648	1651
P149,3	1652	1655
P86,4	1656	1659
P7,11	1660	1661
P62,5	1662	1664
P183,1	1665	1668
P73,1	1669	1672
P154,3	1673	1674
P109,4	1675	1676
P85,5	1677	1679
P52,1	1680	1683
P84,5	1684	1687
P17,8	1688	1689
P24,1	1690	1693
P91,4	1694	1694
P156,3	1695	1696
P162,1	1697	1700
P37,7	1701	1704
P116,4	1705	1708
P1,1	1709	1712
P200,1	1713	1716
P28,7	1717	1718
P89,4	1719	1720
P153,4	1721	1723
P23,8	1724	1724
P118,4	1725	1728
P41,6	1729	1729
P119,4	1730	1733
P81,1	1734	1737
P95,4	1738	1741
P103,1	1742	1745
P40,7	1746	1749
P90,4	1750	1751
P68,6	1752	1754
P121,4	1755	1755
P185,1	1756	1759
P66,6	1760	1760
P94,4	1761	1762
P44,5	1763	1764
P71,5	1765	1768
P165,3	1769	1769
P83,1	1770	1773
P93,5	1774	1777
P166,3	1778	1778
P172,2	1779	1780
P124,3	1781	1784
P96,5	1785	1788
P175,1	1789	1792
P99,4	1793	1796
P65,7	1797	1800
P137,1	1801	1804
P50,5	1805	1805
P63,1	1806	1809
P186,1	1810	1813
P195,1	1814	1817
P170,3	1818	1819
P127,4	1820	1823
P136,3	1824	1826
P173,3	1827	1828
P187,1	1829	1832
P104,4	1833	1836
P75,5	1837	1837
P9,9	1838	1839
P46,7	1840	1843
P100,5	1844	1847
P53,6	1848	1851
P15,1	1852	1855
P131,4	1856	1859
P129,4	1860	1863
P179,3	1864	1867
P79,4	1868	1868
P178,3	1869	1870
P34,8	1871	1872
P133,4	1873	1876
P101,5	1877	1880
P196,1	1881	1884
P138,3	1885	1888
P39,6	1889	1892
P144,3	1893	1893
P152,1	1894	1897
P189,1	1898	1901
P140,4	1902	1902
P76,6	1903	1906
P38,1	1907	1910
P106,5	1911	1912
P78,6	1913	1913
P111,4	1914	1914
P182,1	1915	1918
P51,1	1919	1922
P149,3	1923	1924
P107,5	1925	1926
P198,1	1927	1930
P134,5	1931	1934
P29,7	1935	1938
P183,1	1939	1942
P11,8	1943	1945
P33,1	1946	1949
P47,6	1950	1953
P59,6	1954	1957
P86,5	1958	1958
P199,1	1959	1962
P24,1	1963	1966
P62,6	1967	1967
P154,4	1968	1971
P17,9	1972	1975
P10,11	1976	1976
P156,4	1977	1977
P1,1	1978	1981
P61,6	1982	1983
P85,6	1984	1987
P45,7	1988	1988
P112,5	1989	1991
P151,4	1992	1995
P119,4	1996	1996
P81,1	1997	2000
P158,3	2001	2001
P28,8	2002	2005
P103,1	2006	2009
P89,5	2010	2013
P157,4	2014	2017
P110,6	2018	2021
P122,3	2022	2023
P185,1	2024	2027
P90,5	2028	2031
P8,9	2032	2032
P83,1	2033	2036
P121,5	2037	2040
P94,5	2041	2041
P20,11	2042	2042
P72,5	2043	2044
P35,6	2045	2048
P66,7	2049	2051
P172,3	2052	2053
P99,4	2054	2055
P160,5	2056	2059
P171,4	2060	2062
P124,4	2063	2063
P165,4	2064	2064
P63,1	2065	2068
P80,5	2069	2072
P48,7	2073	2076
P169,4	2077	2078
P120,6	2079	2082
P174,3	2083	2083
P49,7	2084	2087
P187,1	2088	2091
P3,1	2092	2095
P26,8	2096	2096
P128,5	2097	2100
P46,7	2101	2102
P188,1	2103	2106
P167,5	2107	2108
P173,4	2109	2110
P60,5	2111	2111
P15,1	2112	2113
P98,6	2114	2115
P131,4	2116	2116
P132,4	2117	2118
P146,1	2119	2122
P102,5	2123	2126
P133,4	2127	2128
P130,4	2129	2132
P196,1	2133	2136
P179,4	2137	2140
P181,1	2141	2144
P97,7	2145	2148
P197,1	2149	2152
P129,5	2153	2155
P16,8	2156	2157
P79,5	2158	2160
P76,6	2161	2161
P38,1	2162	2165
P182,1	2166	2169
P190,1	2170	2173
P58,7	2174	2177
P14,9	2178	2181
P2,12	2182	2183
P134,5	2184	2184
P140,5	2185	2185
P183,1	2186	2189
P82,7	2190	2191
P32,1	2192	2195
P111,5	2196	2199
P56,7	2200	2200
P33,1	2201	2204
P22,9	2205	2205
P145,5	2206	2207
P149,4	2208	2211
P141,6	2212	2215
P59,6	2216	2216
P199,1	2217	2220
P147,5	2221	2223
P24,1	2224	2227
P47,7	2228	2231
P1,1	2232	2235
P87,6	2236	2236
P62,7	2237	2240
P85,6	2241	2241
P156,5	2242	2243
P116,5	2244	2245
P86,6	2246	2246
P43,1	2247	2250
P81,1	2251	2254
P154,5	2255	2256
P150,5	2257	2257
P153,5	2258	2259
P28,8	2260	2260
P45,8	2261	2262
P168,1	2263	2266
P89,5	2267	2267
P157,4	2268	2268
P112,6	2269	2272
P110,6	2273	2274
P41,7	2275	2275
P185,1	2276	2279
P90,5	2280	2280
P161,4	2281	2282
P83,1	2283	2286
P159,5	2287	2290
P121,5	2291	2291
P175,1	2292	2295
P93,6	2296	2297
P160,5	2298	2299
P117,6	2300	2300
P8,10	2301	2304
P63,1	2305	2308
P54,6	2309	2309
P94,6	2310	2310
P48,7	2311	2312
P99,5	2313	2315
P195,1	2316	2319
P163,5	2320	2323
P66,8	2324	2327
P49,7	2328	2329
P172,4	2330	2333
P187,1	2334	2337
P3,1	2338	2341
P124,5	2342	2343
P128,5	2344	2344
P143,1	2345	2348
P120,7	2349	2352
P174,4	2353	2356
P169,5	2357	2360
P15,2	2361	2364
P26,9	2365	2365
P136,4	2366	2367
P127,6	2368	2369
P167,6	2370	2372
P27,1	2373	2376
P69,1	2377	2380
P115,1	2381	2384
P46,8	2385	2388
P75,7	2389	2392
P6,11	2393	2393
P135,5	2394	2395
P133,5	2396	2398
P173,5	2399	2402
P60,6	2403	2403
P34,9	2404	2405
P101,6	2406	2409
P189,1	2410	2413
P38,1	2414	2417
P138,4	2418	2421
P130,5	2422	2425
P190,1	2426	2429
P58,7	2430	2431
P97,8	2432	2433
P198,1	2434	2437
P183,1	2438	2441
P16,9	2442	2443
P19,9	2444	2444
P18,11	2445	2447
P32,1	2448	2451
P108,6	2452	2452
P29,8	2453	2456
P73,1	2457	2460
P142,6	2461	2462
P78,7	2463	2463
P148,5	2464	2467
P134,6	2468	2470
P184,1	2471	2474
P82,8	2475	2477
P107,6	2478	2478
P24,1	2479	2482
P47,7	2483	2483
P59,7	2484	2484
P1,1	2485	2488
P200,1	2489	2492
P192,1	2493	2496
P43,1	2497	2500
P81,1	2501	2504
P85,7	2505	2506
P103,1	2507	2510
P62,8	2511	2514
P193,1	2515	2518
P151,5	2519	2522
P185,1	2523	2526
P86,7	2527	2530
P95,5	2531	2532
P159,5	2533	2534
P37,9	2535	2537
P41,8	2538	2539
P89,6	2540	2540
P175,1	2541	2544
P64,7	2545	2546
P118,6	2547	2550
P161,5	2551	2554
P158,5	2555	2558
P119,6	2559	2559
P8,10	2560	2561
P137,1	2562	2565
P40,9	2566	2569
P186,1	2570	2573
P117,7	2574	2577
P163,5	2578	2578
P54,7	2579	2581
P160,6	2582	2585
P172,4	2586	2587
P171,5	2588	2588
P3,1	2589	2592
P164,6	2593	2594
P65,9	2595	2598
P143,1	2599	2602
P174,4	2603	2603
P71,8	2604	2607
P169,5	2608	2608
P49,8	2609	2611
P123,6	2612	2615
P146,1	2616	2619
P27,1	2620	2623
P177,4	2624	2627
P196,1	2628	2631
P77,8	2632	2632
P75,7	2633	2633
P92,1	2634	2637
P132,5	2638	2638
P136,5	2639	2642
P104,6	2643	2646
P6,12	2647	2650
P170,6	2651	2654
P189,1	2655	2658
P135,6	2659	2659
P155,1	2660	2663
P34,10	2664	2667
P131,6	2668	2671
P51,1	2672	2675
P198,1	2676	2679
P79,6	2680	2680
P32,1	2681	2684
P2,13	2685	2686
P16,10	2687	2689
P97,9	2690	2693
P57,8	2694	2694
P130,6	2695	2696
P178,6	2697	2700
P19,10	2701	2703
P18,12	2704	2706
P52,1	2707	2710
P139,6	2711	2713
P184,1	2714	2717
P78,8	2718	2721
P142,7	2722	2722
P162,1	2723	2726
P111,6	2727	2729
P191,1	2730	2733
P144,6	2734	2737
P147,6	2738	2738
P125,1	2739	2742
P81,1	2743	2746
P141,7	2747	2747
P103,1	2748	2751
P107,7	2752	2755
P145,7	2756	2759
P59,8	2760	2761
P61,8	2762	2762
P185,1	2763	2766
P85,8	2767	2768
P114,6	2769	2769
P194,1	2770	2773
P150,6	2774	2775
P91,7	2776	2778
P86,8	2779	2782
P116,7	2783	2783
P110,7	2784	2784
P84,9	2785	2788
P158,5	2789	2789
P64,8	2790	2793
P95,6	2794	2795
P63,1	2796	2799
P45,10	2800	2800
P159,6	2801	2802
P37,10	2803	2806
P122,5	2807	2810
P117,7	2811	2811
P93,7	2812	2812
P8,11	2813	2813
P180,1	2814	2817
P187,1	2818	2821
P119,7	2822	2822
P163,6	2823	2826
P143,1	2827	2830
P15,2	2831	2834
P20,14	2835	2836
P172,5	2837	2837
P174,5	2838	2838
P54,8	2839	2841
P66,9	2842	2845
P27,1	2846	2849
P69,1	2850	2853
P94,8	2854	2857
P115,1	2858	2861
P49,9	2862	2862
P164,7	2863	2864
P71,9	2865	2867
P181,1	2868	2871
P120,9	2872	2874
P136,5	2875	2875
P104,6	2876	2877
P53,8	2878	2878
P98,8	2879	2881
P6,12	2882	2882
P197,1	2883	2886
P177,5	2887	2889
P189,1	2890	2893
P75,8	2894	2897
P46,9	2898	2898
P167,8	2899	2899
P182,1	2900	2903
P102,7	2904	2907
P190,1	2908	2911
P179,6	2912	2915
P135,7	2916	2918
P34,11	2919	2919
P73,1	2920	2923
P138,5	2924	2924
P129,7	2925	2925
P133,7	2926	2927
P76,8	2928	2928
P60,8	2929	2932
P52,1	2933	2936
P79,7	2937	2940
P2,14	2941	2943
P199,1	2944	2947
P18,13	2948	2951
P57,9	2952	2955
P148,6	2956	2957
P200,1	2958	2961
P192,1	2962	2965
P125,1	2966	2969
P142,8	2970	2972
P78,9	2973	2974
P103,1	2975	2978
P168,1	2979	2982
P111,7	2983	2983
P193,1	2984	2987
P145,7	2988	2989
P147,7	2990	2993
P83,1	2994	2997
P87,8	2998	2998
P47,9	2999	3000
P175,1	3001	3004
P61,9	3005	3005
P151,6	3006	3009
P89,7	3010	3010
P59,9	3011	3011
P137,1	3012	3015
P112,8	3016	3017
P156,8	3018	3020
P186,1	3021	3024
P85,9	3025	3028
P110,8	3029	3029
P195,1	3030	3033
P180,1	3034	3037
P116,8	3038	3041
P187,1	3042	3045
P158,6	3046	3049
P163,6	3050	3051
P143,1	3052	3055
P188,1	3056	3059
P119,8	3060	3063
P117,8	3064	3064
P8,12	3065	3067
P65,10	3068	3068
P93,8	3069	3069
P160,7	3070	3073
P48,9	3074	3074
P27,1	3075	3078
P94,8	3079	3080
P126,7	3081	3081
P115,1	3082	3085
P174,6	3086	3088
P30,11	3089	3092
P172,6	3093	3094
P54,9	3095	3095
P124,7	3096	3096
P165,7	3097	3100
P66,10	3101	3103
P176,5	3104	3104
P197,1	3105	3108
P132,6	3109	3110
P164,8	3111	3114
P71,10	3115	3118
P38,1	3119	3122
P6,13	3123	3126
P102,7	3127	3127
P104,7	3128	3128
P53,9	3129	3132
P190,1	3133	3136
P179,6	3137	3138
P173,7	3139	3142
P32,1	3143	3146
P167,9	3147	3150
P131,7	3151	3151
P177,6	3152	3155
P127,9	3156	3156
P52,1	3157	3160
P184,1	3161	3164
P24,1	3165	3168
P18,13	3169	3169
P162,1	3170	3173
P58,9	3174	3175
P34,12	3176	3179
P138,6	3180	3182
P200,1	3183	3186
P2,15	3187	3190
P60,9	3191	3194
P43,1	3195	3198
P79,8	3199	3199
P55,10	3200	3203
P103,1	3204	3207
P193,1	3208	3211
P185,1	3212	3215
P147,7	3216	3217
P140,8	3218	3220
P83,1	3221	3224
P111,8	3225	3226
P14,12	3227	3230
P151,6	3231	3231
P114,7	3232	3233
P107,8	3234	3236
P137,1	3237	3240
P63,1	3241	3244
P89,8	3245	3248
P59,10	3249	3252
P86,9	3253	3253
P47,10	3254	3254
P153,8	3255	3256
P180,1	3257	3260
P159,7	3261	3262
P187,1	3263	3266
P3,1	3267	3268
P158,6	3269	3269
P156,9	3270	3272
P143,1	3273	3276
P150,8	3277	3279
P15,2	3280	3283
P146,1	3284	3287
P27,1	3288	3291
P163,7	3292	3294
P84,11	3295	3296
P171,7	3297	3297
P196,1	3298	3301
P8,13	3302	3305
P126,8	3306	3309
P92,1	3310	3313
P174,7	3314	3315
P30,12	3316	3316
P152,1	3317	3320
P123,8	3321	3324
P189,1	3325	3328
P165,8	3329	3330
P38,1	3331	3334
P155,1	3335	3338
P182,1	3339	3342
P132,7	3343	3346
P190,1	3347	3350
P96,10	3351	3352
P183,1	3353	3356
P166,9	3357	3360
P73,1	3361	3364
P77,11	3365	3368
P98,10	3369	3370
P52,1	3371	3374
P179,7	3375	3378
P131,8	3379	3379
P24,1	3380	3383
P39,9	3384	3385
P127,10	3386	3387
P200,1	3388	3391
P58,10	3392	3395
P135,9	3396	3398
P133,9	3399	3400
P97,11	3401	3401
P18,14	3402	3405
P55,10	3406	3407
P81,1	3408	3411
P129,9	3412	3415
P168,1	3416	3419
P185,1	3420	3423
P83,1	3424	3427
P194,1	3428	3431
P14,12	3432	3433
P137,1	3434	3437
P63,1	3438	3441
P186,1	3442	3445
P114,8	3446	3446
P140,9	3447	3447
P134,9	3448	3449
P195,1	3450	3453
P139,9	3454	3457
P145,9	3458	3461
P64,9	3462	3462
P107,9	3463	3466
P141,10	3467	3470
P91,9	3471	3471
P143,1	3472	3475
P188,1	3476	3479
P59,11	3480	3481
P40,11	3482	3484
P146,1	3485	3488
P27,1	3489	3492
P69,1	3493	3496
P115,1	3497	3500
P110,10	3501	3504
P90,9	3505	3508
P126,8	3509	3510
P150,9	3511	3512
P92,1	3513	3516
P197,1	3517	3520
P84,12	3521	3524
P123,8	3525	3525
P117,10	3526	3529
P189,1	3530	3533
P38,1	3534	3537
P155,1	3538	3541
P8,14	3542	3545
P35,12	3546	3548
P190,1	3549	3552
P71,11	3553	3556
P164,9	3557	3560
P183,1	3561	3564
P166,9	3565	3565
P165,9	3566	3569
P33,1	3570	3571
P6,14	3572	3575
P52,1	3576	3579
P176,7	3580	3582
P199,1	3583	3586
P96,11	3587	3590
P162,1	3591	3594
P1,2	3595	3598
P167,10	3599	3602
P58,10	3603	3603
P39,10	3604	3604
P127,11	3605	3608
P43,1	3609	3612
P81,1	3613	3616
P129,9	3617	3618
P57,10	3619	3620
P193,1	3621	3624
P105,1	3625	3628
P97,12	3629	3629
P194,1	3630	3633
P135,10	3634	3634
P133,10	3635	3638
P76,11	3639	3642
P186,1	3643	3646
P180,1	3647	3650
P142,10	3651	3654
P138,8	3655	3655
P140,10	3656	3656
P86,10	3657	3657
P107,9	3658	3658
P14,13	3659	3662
P89,9	3663	3664
P143,1	3665	3668
P85,10	3669	3670
P188,1	3671	3674
P147,9	3675	3676
P146,1	3677	3680
P27,1	3681	3684
P145,10	3685	3688
P69,1	3689	3692
P115,1	3693	3696
P110,10	3697	3698
P181,1	3699	3702
P158,8	3703	3703
P59,12	3704	3707
P159,9	3708	3711
P84,12	3712	3713
P156,11	3714	3717
P37,13	3718	3718
P38,1	3719	3722
P155,1	3723	3726
P8,14	3727	3727
P68,12	3728	3731
P126,9	3732	3732
P150,10	3733	3736
P198,1	3737	3740
P164,9	3741	3741
P132,8	3742	3742
P183,1	3743	3746
P73,1	3747	3750
P163,9	3751	3751
P35,13	3752	3755
P184,1	3756	3759
P54,12	3760	3763
P77,12	3764	3765
P166,10	3766	3769
P53,11	3770	3771
P200,1	3772	3775
P98,11	3776	3776
P176,8	3777	3778
P191,1	3779	3782
P49,13	3783	3785
P125,1	3786	3789
P103,1	3790	3793
P168,1	3794	3797
P185,1	3798	3801
P194,1	3802	3805
P58,11	3806	3809
P137,1	3810	3813
P102,10	3814	3817
P186,1	3818	3821
P180,1	3822	3825
P131,10	3826	3829
P129,10	3830	3833
P57,11	3834	3837
P3,2	3838	3841
P142,11	3842	3845
P188,1	3846	3849
P89,10	3850	3850
P86,11	3851	3854
P27,1	3855	3858
P138,9	3859	3862
P139,10	3863	3864
P69,1	3865	3868
P108,11	3869	3872
P115,1	3873	3876
P196,1	3877	3880
P92,1	3881	3884
P59,12	3885	3886
P159,9	3887	3887
P90,10	3888	3888
P152,1	3889	3892
P38,1	3893	3896
P155,1	3897	3900
P40,13	3901	3904
P150,10	3905	3906
P190,1	3907	3910
P158,9	3911	3914
P183,1	3915	3918
P84,13	3919	3922
P93,11	3923	3923
P171,10	3924	3924
P35,13	3925	3926
P68,13	3927	3930
P184,1	3931	3934
P199,1	3935	3938
P166,10	3939	3940
P71,12	3941	3944
P1,2	3945	3948
P191,1	3949	3952
P192,1	3953	3956
P125,1	3957	3960
P81,1	3961	3964
P103,1	3965	3968
P193,1	3969	3972
P53,12	3973	3976
P194,1	3977	3980
P98,12	3981	3984
P165,11	3985	3988
P39,11	3989	3990
P137,1	3991	3994
P63,1	3995	3998
P58,12	3999	4000
P180,1	4001	4004
P135,11	4005	4006
P57,11	4007	4007
P187,1	4008	4011
P143,1	4012	4015
P188,1	4016	4019
P102,11	4020	4023
P146,1	4024	4027
P55,13	4028	4030
P138,9	4031	4031
P85,11	4032	4033
P69,1	4034	4037
P108,11	4038	4038
P147,10	4039	4039
P196,1	4040	4043
P92,1	4044	4047
P64,11	4048	4051
P45,14	4052	4052
P189,1	4053	4056
P145,11	4057	4058
P155,1	4059	4062
P59,13	4063	4064
P140,12	4065	4065
P51,2	4066	4069
P198,1	4070	4073
P112,12	4074	4077
P183,1	4078	4081
P150,11	4082	4082
P73,1	4083	4086
P52,1	4087	4090
P199,1	4091	4094
P24,1	4095	4098
P118,11	4099	4099
P71,12	4100	4101
P200,1	4102	4105
P126,11	4106	4109
P192,1	4110	4113
P43,1	4114	4117
P163,10	4118	4119
P103,1	4120	4123
P168,1	4124	4127
P54,13	4128	4131
P53,12	4132	4133
P105,1	4134	4137
P175,1	4138	4141
P137,1	4142	4145
P186,1	4146	4149
P195,1	4150	4153
P176,10	4154	4154
P133,11	4155	4156
P187,1	4157	4160
P143,1	4161	4164
P15,2	4165	4168
P146,1	4169	4172
P27,1	4173	4176
P57,12	4177	4178
P115,1	4179	4182
P181,1	4183	4186
P102,12	4187	4190
P64,11	4191	4192
P85,12	4193	4194
P61,13	4195	4198
P152,1	4199	4202
P76,13	4203	4206
P178,11	4207	4210
P155,1	4211	4214
P51,2	4215	4218
P198,1	4219	4222
P112,12	4223	4223
P145,12	4224	4227
P140,13	4228	4231
P111,12	4232	4233
P52,1	4234	4237
P91,12	4238	4241
P159,11	4242	4245
P172,9	4246	4247
P162,1	4248	4251
P1,2	4252	4255
P160,12	4256	4259
P192,1	4260	4263
P125,1	4264	4267
P81,1	4268	4271
P132,10	4272	4275
P193,1	4276	4279
P118,12	4280	4283
P163,11	4284	4284
P194,1	4285	4288
P124,12	4289	4289
P137,1	4290	4293
P186,1	4294	4297
P180,1	4298	4301
P3,2	4302	4305
P188,1	4306	4309
P131,11	4310	4311
P146,1	4312	4315
P135,12	4316	4317
P69,1	4318	4321
P196,1	4322	4325
P176,11	4326	4328
P133,12	4329	4332
P92,1	4333	4336
P61,13	4337	4338
P58,14	4339	4342
P179,11	4343	4346
P38,1	4347	4350
P85,13	4351	4352
P182,1	4353	4356
P190,1	4357	4360
P147,12	4361	4364
P145,12	4365	4366
P32,1	4367	4370
P52,1	4371	4374
P89,13	4375	4378
P91,12	4379	4379
P107,13	4380	4380
P76,14	4381	4382
P159,11	4383	4383
P158,10	4384	4384
P24,1	4385	4388
P200,1	4389	4392
P112,13	4393	4396
P172,10	4397	4397
P43,1	4398	4401
P111,13	4402	4405
P81,1	4406	4409
P168,1	4410	4413
P193,1	4414	4417
P160,13	4418	4421
P194,1	4422	4425
P137,1	4426	4429
P186,1	4430	4433
P163,12	4434	4436
P187,1	4437	4440
P143,1	4441	4444
P15,2	4445	4448
P146,1	4449	4452
P69,1	4453	4456
P196,1	4457	4460
P181,1	4461	4464
P53,14	4465	4465
P197,1	4466	4469
P179,11	4470	4471
P189,1	4472	4475
P38,1	4476	4479
P155,1	4480	4483
P51,2	4484	4487
P198,1	4488	4491
P86,14	4492	4495
P32,1	4496	4499
P52,1	4500	4503
P199,1	4504	4507
P24,1	4508	4511
P147,13	4512	4512
P140,14	4513	4516
P1,2	4517	4520
P192,1	4521	4524
P89,14	4525	4528
P111,13	4529	4530
P103,1	4531	4534
P168,1	4535	4538
P107,14	4539	4540
P185,1	4541	4544
P105,1	4545	4548
P194,1	4549	4552
P137,1	4553	4556
P195,1	4557	4560
P187,1	4561	4563
P71,14	4564	4564
P143,1	4565	4565
P188,1	4566	4569
P146,1	4570	4573
P115,1	4574	4577
P181,1	4578	4581
P163,13	4582	4585
P152,1	4586	4589
P189,1	4590	4593
P38,1	4594	4597
P182,1	4598	4601
P190,1	4602	4605
P53,15	4606	4607
P183,1	4608	4611
P32,1	4612	4615
P73,1	4616	4619
P184,2	4620	4623
P145,13	4624	4625
P24,1	4626	4629
P140,14	4630	4631
P200,1	4632	4635
P1,2	4636	4639
P192,1	4640	4643
P89,14	4644	4645
P125,1	4646	4649
P103,1	4650	4653
P193,1	4654	4657
P147,14	4658	4661
P172,11	4662	4663
P194,1	4664	4667
P137,1	4668	4671
P195,1	4672	4675
P3,2	4676	4679
P187,2	4680	4683
P15,2	4684	4687
P69,1	4688	4691
P196,1	4692	4695
P181,1	4696	4699
P71,15	4700	4702
P197,1	4703	4706
P189,1	4707	4710
P155,1	4711	4714
P51,2	4715	4718
P198,1	4719	4722
P96,15	4723	4723
P73,1	4724	4727
P184,2	4728	4731
P179,12	4732	4732
P176,13	4733	4736
P162,1	4737	4740
P1,2	4741	4744
P192,1	4745	4748
P125,1	4749	4752
P103,1	4753	4756
P185,1	4757	4760
P194,1	4761	4764
P137,1	4765	4768
P102,15	4769	4772
P158,12	4773	4773
P180,1	4774	4777
P143,2	4778	4781
P188,1	4782	4785
P146,1	4786	4789
P115,1	4790	4793
P181,1	4794	4797
P197,1	4798	4801
P189,1	4802	4805
P155,1	4806	4809
P51,2	4810	4813
P198,1	4814	4817
P73,1	4818	4821
P184,2	4822	4825
P163,14	4826	4826
P176,13	4827	4828
P24,1	4829	4832
P200,1	4833	4836
P191,1	4837	4840
P43,1	4841	4844
P81,1	4845	4848
P193,1	4849	4852
P105,1	4853	4856
P137,1	4857	4860
P175,2	4861	4864
P180,1	4865	4868
P143,2	4869	4872
P188,1	4873	4876
P15,2	4877	4880
P69,1	4881	4884
P196,1	4885	4888
P92,1	4889	4891
P152,1	4892	4895
P172,13	4896	4896
P38,1	4897	4900
P182,1	4901	4904
P190,1	4905	4908
P183,1	4909	4912
P52,1	4913	4916
P199,1	4917	4920
P162,1	4921	4924
P1,2	4925	4928
P192,1	4929	4932
P125,1	4933	4936
P103,1	4937	4940
P193,1	4941	4944
P105,1	4945	4948
P185,2	4949	4952
P186,1	4953	4956
P195,1	4957	4960
P3,2	4961	4964
P179,14	4965	4968
P188,1	4969	4972
P146,1	4973	4976
P115,1	4977	4980
P181,1	4981	4984
P92,2	4985	4988
P197,2	4989	4992
P158,14	4993	4996
P182,1	4997	5000
P190,1	5001	5004
P183,1	5005	5008
P52,1	5009	5012
P199,1	5013	5016
P162,1	5017	5020
P1,2	5021	5024
P192,1	5025	5028
P125,1	5029	5032
P103,1	5033	5036
P176,14	5037	5037
P105,1	5038	5038
P185,2	5039	5042
P186,1	5043	5046
P195,1	5047	5050
P3,2	5051	5054
P179,14	5055	5056
P187,2	5057	5060
P15,2	5061	5063
P69,1	5064	5067
P196,1	5068	5071
P152,1	5072	5075
P189,1	5076	5079
P38,1	5080	5083
P182,1	5084	5087
P190,1	5088	5091
P183,1	5092	5095
P52,1	5096	5099
P199,1	5100	5103
P162,1	5104	5107
P1,2	5108	5111
P192,1	5112	5115
P81,1	5116	5119
P103,1	5120	5123
P194,1	5124	5127
P137,1	5128	5131
P175,2	5132	5135
P180,1	5136	5139
P143,2	5140	5143
P188,1	5144	5147
P69,1	5148	5151
P196,1	5152	5155
P152,1	5156	5159
P189,1	5160	5163
P38,1	5164	5167
P182,1	5168	5171
P51,2	5172	5175
P198,2	5176	5179
P73,1	5180	5183
P184,2	5184	5187
P24,1	5188	5191
P200,1	5192	5195
P191,1	5196	5199
P125,1	5200	5203
P43,2	5204	5207
P193,1	5208	5211
P185,2	5212	5215
P186,1	5216	5219
P195,1	5220	5223
P3,2	5224	5227
P187,2	5228	5231
P146,1	5232	5235
P115,1	5236	5239
P181,1	5240	5243
P92,2	5244	5247
P197,2	5248	5251
P182,1	5252	5255
P190,1	5256	5259
P183,1	5260	5263
P52,1	5264	5267
P199,1	5268	5271
P200,1	5272	5275
P1,2	5276	5279
P192,1	5280	5283
P43,2	5284	5287
P193,1	5288	5291
P185,2	5292	5295
P186,1	5296	5299
P195,1	5300	5303
P3,2	5304	5307
P187,2	5308	5311
P146,1	5312	5315
P115,1	5316	5319
P181,1	5320	5323
P92,2	5324	5327
P197,2	5328	5331
P182,1	5332	5335
P190,1	5336	5339
P183,1	5340	5343
P52,1	5344	5347
P199,1	5348	5351
P200,1	5352	5355
P1,2	5356	5359
P125,1	5360	5363
P103,1	5364	5367
P194,1	5368	5371
P137,1	5372	5375
P175,2	5376	5379
P180,1	5380	5383
P143,2	5384	5387
P188,1	5388	5391
P69,1	5392	5395
P196,1	5396	5399
P152,1	5400	5403
P189,1	5404	5407
P155,1	5408	5411
P51,2	5412	5415
P198,2	5416	5419
P73,1	5420	5423
P184,2	5424	5427
P24,1	5428	5431
P162,2	5432	5435
P191,1	5436	5439
P43,2	5440	5443
P193,1	5444	5447
P185,2	5448	5451
P186,1	5452	5455
P195,1	5456	5459
P3,2	5460	5463
P187,2	5464	5467
P146,1	5468	5471
P115,1	5472	5475
P181,1	5476	5479
P92,2	5480	5483
P197,2	5484	5487
P182,1	5488	5491
P190,1	5492	5495
P183,1	5496	5499
P52,1	5500	5503
P199,1	5504	5507
P200,1	5508	5511
P1,2	5512	5515
P125,1	5516	5519
P103,1	5520	5523
P185,2	5524	5527
P186,1	5528	5531
P195,1	5532	5535
P3,2	5536	5539
P187,2	5540	5543
P146,1	5544	5547
P115,1	5548	5551
P181,1	5552	5555
P92,2	5556	5559
P197,2	5560	5563
P182,1	5564	5567
P190,1	5568	5571
P183,1	5572	5575
P184,2	5576	5579
P199,1	5580	5583
P200,1	5584	5587
P1,2	5588	5591
P125,1	5592	5595
P103,1	5596	5599
P185,2	5600	5603
P186,1	5604	5607
P195,1	5608	5611
P3,2	5612	5615
P187,2	5616	5619
P146,1	5620	5623
P115,1	5624	5627
P181,1	5628	5631
P92,2	5632	5635
P197,2	5636	5639
P182,1	5640	5643
P190,1	5644	5647
P183,1	5648	5651
P184,2	5652	5655
P199,1	5656	5659
P200,1	5660	5663
P1,2	5664	5667
P125,1	5668	5671
P103,1	5672	5675
P185,2	5676	5679
P186,1	5680	5683
P195,1	5684	5687
P3,2	5688	5691
P187,2	5692	5695
P146,1	5696	5699
P115,1	5700	5703
P181,1	5704	5707
P92,2	5708	5711
P197,2	5712	5715
P182,1	5716	5719
P190,1	5720	5723
P183,1	5724	5727
P184,2	5728	5731
P199,1	5732	5735
P200,1	5736	5739
P1,2	5740	5743
P125,1	5744	5747
P103,1	5748	5751
P185,2	5752	5755
P186,1	5756	5759
P195,1	5760	5763
P3,2	5764	5765
P187,2	5766	5769
P146,1	5770	5773
P115,1	5774	5777
P181,1	5778	5781
P92,2	5782	5785
P197,2	5786	5789
P182,1	5790	5793
P190,1	5794	5797
P183,1	5798	5801
P184,2	5802	5805
P199,1	5806	5809
P200,1	5810	5813
P1,2	5814	5814
P191,1	5815	5818
P43,2	5819	5822
P193,1	5823	5826
P137,1	5827	5830
P175,2	5831	5834
P180,1	5835	5838
P187,2	5839	5842
P146,1	5843	5846
P115,1	5847	5850
P152,1	5851	5854
P189,1	5855	5858
P155,1	5859	5862
P51,2	5863	5866
P198,2	5867	5870
P73,1	5871	5874
P52,2	5875	5878
P200,1	5879	5882
P162,2	5883	5886
P125,1	5887	5890
P103,1	5891	5894
P185,2	5895	5898
P186,1	5899	5902
P195,1	5903	5906
P143,2	5907	5910
P188,1	5911	5914
P69,1	5915	5918
P181,1	5919	5922
P92,2	5923	5926
P197,2	5927	5930
P182,1	5931	5934
P190,1	5935	5938
P183,1	5939	5942
P184,2	5943	5946
P199,1	5947	5950
P24,2	5951	5954
P191,1	5955	5958
P43,2	5959	5962
P193,1	5963	5966
P137,1	5967	5970
P175,2	5971	5974
P180,1	5975	5978
P187,2	5979	5982
P146,1	5983	5986
P115,1	5987	5990
P152,1	5991	5994
P189,1	5995	5998
P155,1	5999	6002
P51,2	6003	6006
P198,2	6007	6010
P73,1	6011	6014
P52,2	6015	6018
P200,1	6019	6022
P162,2	6023	6026
P125,1	6027	6030
P103,1	6031	6034
P185,2	6035	6038
P186,1	6039	6042
P195,1	6043	6043
P180,1	6044	6046
P187,2	6047	6050
P146,1	6051	6054
P181,1	6055	6058
P92,2	6059	6062
P197,2	6063	6066
P182,1	6067	6070
P198,2	6071	6074
P183,1	6075	6078
P184,2	6079	6082
P199,1	6083	6086
P24,2	6087	6090
P191,1	6091	6094
P43,2	6095	6098
P193,1	6099	6102
P137,1	6103	6106
P175,2	6107	6110
P180,2	6111	6114
P188,1	6115	6118
P181,1	6119	6122
P152,1	6123	6126
P189,1	6127	6130
P155,1	6131	6134
P51,2	6135	6138
P190,2	6139	6142
P73,1	6143	6146
P52,2	6147	6150
P200,1	6151	6154
P162,2	6155	6158
P125,1	6159	6162
P103,1	6163	6166
P185,2	6167	6170
P186,1	6171	6174
P143,2	6175	6178
P187,2	6179	6182
P146,1	6183	6186
P69,2	6187	6190
P92,2	6191	6194
P197,2	6195	6198
P182,1	6199	6202
P198,2	6203	6206
P183,1	6207	6210
P184,2	6211	6214
P199,1	6215	6218
P24,2	6219	6222
P191,1	6223	6226
P43,2	6227	6230
P193,1	6231	6234
P137,1	6235	6238
P175,2	6239	6242
P180,2	6243	6246
P146,1	6247	6250
P69,2	6251	6254
P92,2	6255	6258
P197,2	6259	6262
P182,1	6263	6265
P198,2	6266	6269
P183,1	6270	6273
P184,2	6274	6277
P199,1	6278	6281
P24,2	6282	6285
P191,1	6286	6289
P43,2	6290	6293
P193,1	6294	6297
P137,1	6298	6301
P143,2	6302	6305
P187,2	6306	6309
P181,1	6310	6313
P152,1	6314	6317
P197,2	6318	6321
P51,2	6322	6325
P198,2	6326	6329
P183,1	6330	6333
P52,2	6334	6337
P200,1	6338	6341
P162,2	6342	6345
P125,1	6346	6347
P103,1	6348	6351
P185,2	6352	6355
P175,2	6356	6359
P180,2	6360	6363
P146,1	6364	6367
P69,2	6368	6371
P92,2	6372	6375
P155,1	6376	6379
P182,2	6380	6383
P190,2	6384	6387
P73,1	6388	6389
P199,1	6390	6393
P24,2	6394	6397
P191,1	6398	6401
P43,2	6402	6405
P193,1	6406	6409
P137,1	6410	6413
P143,2	6414	6417
P187,2	6418	6421
P181,1	6422	6425
P152,1	6426	6429
P155,1	6430	6433
P182,2	6434	6437
P190,2	6438	6441
P52,2	6442	6445
P200,1	6446	6449
P162,2	6450	6453
P125,2	6454	6457
P103,1	6458	6461
P185,2	6462	6465
P175,2	6466	6469
P180,2	6470	6473
P146,1	6474	6477
P69,2	6478	6481
P92,2	6482	6485
P51,2	6486	6489
P198,2	6490	6493
P183,1	6494	6497
P199,1	6498	6501
P24,2	6502	6505
P191,1	6506	6509
P43,2	6510	6513
P193,1	6514	6517
P137,1	6518	6521
P143,2	6522	6525
P187,2	6526	6529
P181,1	6530	6533
P152,1	6534	6537
P155,1	6538	6541
P182,2	6542	6545
P190,2	6546	6549
P52,2	6550	6553
P200,1	6554	6557
P162,2	6558	6561
P125,2	6562	6565
P103,1	6566	6569
P185,2	6570	6573
P175,2	6574	6577
P180,2	6578	6581
P146,1	6582	6582
P181,1	6583	6586
P152,1	6587	6590
P155,1	6591	6594
P182,2	6595	6598
P190,2	6599	6602
P52,2	6603	6606
P200,1	6607	6610
P162,2	6611	6614
P125,2	6615	6618
P103,1	6619	6620
P185,2	6621	6624
P175,2	6625	6628
P180,2	6629	6632
P181,1	6633	6636
P152,1	6637	6640
P155,1	6641	6644
P182,2	6645	6648
P190,2	6649	6652
P52,2	6653	6656
P200,1	6657	6660
P162,2	6661	6661
P191,1	6662	6665
P43,2	6666	6669
P185,2	6670	6673
P137,1	6674	6677
P143,2	6678	6681
P187,2	6682	6685
P152,1	6686	6688
P155,1	6689	6692
P182,2	6693	6696
P190,2	6697	6700
P52,2	6701	6704
P200,1	6705	6708
P191,1	6709	6712
P43,2	6713	6716
P103,2	6717	6720
P193,2	6721	6724
P143,2	6725	6728
P187,2	6729	6732
P152,2	6733	6736
P155,1	6737	6737
P51,2	6738	6741
P198,2	6742	6745
P183,1	6746	6749
P199,1	6750	6753
P24,2	6754	6757
P125,2	6758	6761
P185,2	6762	6765
P193,2	6766	6769
P175,2	6770	6773
P180,2	6774	6777
P69,2	6778	6781
P155,2	6782	6785
P51,2	6786	6789
P198,2	6790	6793
P52,2	6794	6797
P200,1	6798	6798
P24,2	6799	6802
P125,2	6803	6806
P185,2	6807	6810
P193,2	6811	6814
P175,2	6815	6818
P180,2	6819	6822
P69,2	6823	6826
P155,2	6827	6830
P51,2	6831	6834
P198,2	6835	6838
P52,2	6839	6842
P200,2	6843	6846
P43,2	6847	6850
P185,2	6851	6854
P193,2	6855	6858
P175,2	6859	6862
P180,2	6863	6866
P69,2	6867	6870
P155,2	6871	6874
P51,2	6875	6878
P198,2	6879	6882
P52,2	6883	6886
P24,2	6887	6890
P125,2	6891	6894
P191,2	6895	6898
P103,2	6899	6902
P137,2	6903	6906
P143,2	6907	6910
P69,2	6911	6914
P155,2	6915	6918
P51,2	6919	6922
P198,2	6923	6926
P52,2	6927	6930
P24,2	6931	6934
P125,2	6935	6938
P191,2	6939	6942
P103,2	6943	6946
P137,2	6947	6950
P143,2	6951	6954
P69,2	6955	6958
P155,2	6959	6962
P51,2	6963	6966
P198,2	6967	6970
P24,2	6971	6974
P125,2	6975	6978
P191,2	6979	6982
P103,2	6983	6986
P137,2	6987	6990
P143,2	6991	6994
P69,2	6995	6998
P155,2	6999	7002
P51,2	7003	7006
P198,2	7007	7010
P24,2	7011	7014
P125,2	7015	7018
P191,2	7019	7022
P103,2	7023	7026
P137,2	7027	7030
P143,2	7031	7034
P69,2	7035	7038
P155,2	7039	7042
P51,2	7043	7046
P198,2	7047	7050
P24,2	7051	7054
P125,2	7055	7058
P191,2	7059	7062
P193,2	7063	7066
P175,2	7067	7070
P180,2	7071	7074
P152,2	7075	7078
P92,2	7079	7082
P182,2	7083	7086
P199,2	7087	7090
P200,2	7091	7094
P43,2	7095	7098
P103,2	7099	7102
P137,2	7103	7106
P143,2	7107	7110
P69,2	7111	7114
P155,2	7115	7118
P182,2	7119	7122
P199,2	7123	7126
P200,2	7127	7130
P43,2	7131	7134
P103,2	7135	7138
P137,2	7139	7142
P143,2	7143	7146
P69,2	7147	7150
P155,2	7151	7154
P182,2	7155	7158
P199,2	7159	7162
P200,2	7163	7166
P43,2	7167	7170
P103,2	7171	7174
P137,2	7175	7178
P143,2	7179	7182
P69,2	7183	7186
P155,2	7187	7190
P182,2	7191	7194
P199,2	7195	7198
P200,2	7199	7202
P43,2	7203	7206
P103,2	7207	7210
P137,2	7211	7214
P143,2	7215	7218
P69,2	7219	7222
P155,2	7223	7226
P182,2	7227	7230
P199,2	7231	7234
P200,2	7235	7238
P43,2	7239	7242
P103,2	7243	7246
P137,2	7247	7250
P143,2	7251	7254
P69,2	7255	7258
P155,2	7259	7262
P182,2	7263	7266
P199,2	7267	7270
P200,2	7271	7274
P43,2	7275	7278
P103,2	7279	7282
P137,2	7283	7286
P143,2	7287	7290
P69,2	7291	7294
P155,2	7295	7298
P182,2	7299	7302
P199,2	7303	7306
P200,2	7307	7310
P43,2	7311	7314
P103,2	7315	7318
P137,2	7319	7322
P143,2	7323	7326
P69,2	7327	7330
P155,2	7331	7334
P182,2	7335	7338
P199,2	7339	7342
P200,2	7343	7346
P43,2	7347	7350
P103,2	7351	7354
P143,2	7355	7358
P69,2	7359	7362
P155,2	7363	7366
P182,2	7367	7370
P199,2	7371	7374
P200,2	7375	7378
P43,2	7379	7382
P103,2	7383	7386
P143,2	7387	7390
P69,2	7391	7394
P92,2	7395	7397
P198,2	7398	7401
P24,2	7402	7405
P125,2	7406	7409
P191,2	7410	7413
P137,2	7414	7417
P180,2	7418	7421
P155,2	7422	7425
P198,2	7426	7429
P24,2	7430	7433
P125,2	7434	7437
P191,2	7438	7441
P137,2	7442	7445
P69,2	7446	7449
P182,2	7450	7453
P24,2	7454	7457
P125,2	7458	7461
P103,2	7462	7465
P180,2	7466	7469
P155,2	7470	7473
P199,2	7474	7477
P200,2	7478	7481
P191,2	7482	7485
P137,2	7486	7489
P69,2	7490	7493
P182,2	7494	7495
P199,2	7496	7499
P200,2	7500	7503
P191,2	7504	7507
P137,2	7508	7511
P69,2	7512	7515
P199,2	7516	7519
P200,2	7520	7523
P191,2	7524	7527
P137,2	7528	7531
P69,2	7532	7535
P199,2	7536	7539
P200,2	7540	7543
P191,2	7544	7547
P137,2	7548	7551
P155,2	7552	7555
P24,2	7556	7559
P125,2	7560	7563
P103,2	7564	7567
P69,2	7568	7571
P199,2	7572	7575
P125,2	7576	7579
P103,2	7580	7583
P69,2	7584	7587
P199,2	7588	7591
P125,2	7592	7595
P103,2	7596	7598
P199,2	7599	7602
P125,2	7603	7606
P155,2	7607	7610
P200,2	7611	7614
P191,2	7615	7618
P199,2	7619	7622
P191,2	7623	7626
P199,2	7627	7630
P155,2	7631	7634
P191,2	7635	7638
P199,2	7639	7642
P155,2	7643	7646
P191,2	7647	7650
P199,2	7651	7654
P155,2	7655	7690
