CPU0
P1,1	2	65
P2,1	66	66
P3,1	67	130
P4,1	131	131
P5,1	132	135
P6,1	136	137
P7,1	138	140
P8,1	141	144
P9,1	145	150
P10,1	151	152
P11,1	153	157
P12,1	158	160
P13,1	161	164
P14,1	165	167
P15,1	168	229
P1,1	230	293
P16,1	294	299
P17,1	300	301
P18,1	302	304
P19,1	305	308
P20,1	309	313
P21,1	314	318
P22,1	319	321
P2,2	322	323
P23,1	324	327
P24,1	328	391
P25,1	392	395
P26,1	396	396
P27,1	397	460
P28,1	461	466
P29,1	467	470
P3,1	471	524
P30,1	525	525
P31,1	526	528
P32,1	529	592
P33,1	593	656
P34,1	657	658
P5,2	659	662
P7,2	663	663
P35,1	664	668
P4,2	669	673
P36,1	674	677
P37,1	678	681
P38,1	682	745
P6,2	746	746
P9,2	747	749
P12,2	750	752
P39,1	753	758
P40,1	759	760
P8,2	761	761
P41,1	762	765
P14,2	766	770
P10,2	771	773
P42,1	774	777
P43,1	778	841
P11,2	842	844
P44,1	845	845
P45,1	846	851
P13,2	852	852
P46,1	853	853
P47,1	854	858
P48,1	859	864
P49,1	865	870
P50,1	871	876
P51,1	877	940
P52,1	941	1004
P53,1	1005	1008
P54,1	1009	1013
P15,2	1014	1077
P55,1	1078	1083
P56,1	1084	1084
P57,1	1085	1087
P58,1	1088	1090
P59,1	1091	1093
P60,1	1094	1098
P61,1	1099	1099
P62,1	1100	1104
P63,1	1105	1168
P64,1	1169	1173
P65,1	1174	1176
P66,1	1177	1181
P67,1	1182	1182
P68,1	1183	1186
P69,1	1187	1250
P70,1	1251	1253
P71,1	1254	1258
P72,1	1259	1263
P73,1	1264	1327
P74,1	1328	1330
P1,2	1331	1394
P75,1	1395	1395
P76,1	1396	1398
P77,1	1399	1399
P78,1	1400	1402
P16,2	1403	1406
P79,1	1407	1407
P80,1	1408	1412
P81,1	1413	1476
P17,2	1477	1478
P18,2	1479	1480
P82,1	1481	1483
P83,1	1484	1543
P20,2	1544	1546
P84,1	1547	1549
P85,1	1550	1553
P21,2	1554	1555
P19,2	1556	1556
P86,1	1557	1561
P2,3	1562	1562
P87,1	1563	1563
P22,2	1564	1568
P88,1	1569	1569
P23,2	1570	1575
P89,1	1576	1578
P90,1	1579	1581
P91,1	1582	1587
P92,1	1588	1651
P93,1	1652	1653
P94,1	1654	1656
P95,1	1657	1658
P24,1	1659	1722
P96,1	1723	1728
P97,1	1729	1730
P98,1	1731	1733
P26,2	1734	1737
P25,2	1738	1740
P99,1	1741	1746
P100,1	1747	1751
P101,1	1752	1752
P102,1	1753	1758
P103,1	1759	1822
P104,1	1823	1828
P105,1	1829	1892
P106,1	1893	1896
P107,1	1897	1901
P27,1	1902	1938
P108,1	1939	1943
P109,1	1944	1946
P110,1	1947	1947
P111,1	1948	1949
P112,1	1950	1950
P28,2	1951	1953
P113,1	1954	1954
P114,1	1955	1960
P115,1	1961	2024
P116,1	2025	2030
P29,2	2031	2036
P117,1	2037	2039
P118,1	2040	2043
P119,1	2044	2047
P120,1	2048	2050
P121,1	2051	2052
P3,2	2053	2116
P122,1	2117	2122
P123,1	2123	2127
P124,1	2128	2132
P125,1	2133	2196
P126,1	2197	2198
P127,1	2199	2202
P128,1	2203	2207
P30,2	2208	2213
P31,2	2214	2215
P129,1	2216	2217
P130,1	2218	2219
P131,1	2220	2221
P132,1	2222	2226
P133,1	2227	2230
P134,1	2231	2231
P135,1	2232	2235
P136,1	2236	2241
P137,1	2242	2305
P138,1	2306	2310
P139,1	2311	2313
P32,1	2314	2349
P140,1	2350	2354
P141,1	2355	2355
P142,1	2356	2361
P143,1	2362	2425
P144,1	2426	2429
P145,1	2430	2434
P146,1	2435	2498
P147,1	2499	2503
P148,1	2504	2504
P149,1	2505	2509
P150,1	2510	2510
P151,1	2511	2511
P33,1	2512	2517
P152,1	2518	2581
P153,1	2582	2582
P154,1	2583	2585
P155,1	2586	2649
P156,1	2650	2653
P157,1	2654	2658
P7,3	2659	2659
P5,3	2660	2665
P158,1	2666	2667
P34,2	2668	2671
P159,1	2672	2673
P160,1	2674	2674
P161,1	2675	2675
P35,2	2676	2681
P36,2	2682	2682
P162,1	2683	2746
P4,3	2747	2749
P163,1	2750	2753
P164,1	2754	2757
P37,2	2758	2762
P165,1	2763	2763
P166,1	2764	2768
P167,1	2769	2771
P168,1	2772	2835
P169,1	2836	2837
P170,1	2838	2838
P38,1	2839	2894
P171,1	2895	2896
P172,1	2897	2902
P173,1	2903	2908
P6,3	2909	2913
P174,1	2914	2919
P175,1	2920	2983
P176,1	2984	2989
P39,2	2990	2992
P177,1	2993	2997
P12,3	2998	3002
P14,3	3003	3006
P178,1	3007	3012
P9,3	3013	3017
P179,1	3018	3023
P40,2	3024	3026
P180,1	3027	3090
P8,3	3091	3094
P41,2	3095	3097
P10,3	3098	3103
P42,2	3104	3108
P43,1	3109	3156
P181,1	3157	3220
P11,3	3221	3226
P182,1	3227	3290
P47,2	3291	3293
P44,2	3294	3299
P45,2	3300	3300
P183,1	3301	3364
P46,2	3365	3365
P13,3	3366	3368
P50,2	3369	3372
P48,2	3373	3374
P184,1	3375	3437
P49,2	3438	3438
P51,1	3439	3440
P185,1	3441	3504
P52,1	3505	3568
P186,1	3569	3632
P187,1	3633	3696
P53,2	3697	3702
P54,2	3703	3707
P188,1	3708	3771
P15,2	3772	3778
P56,2	3779	3782
P189,1	3783	3846
P55,2	3847	3851
P58,2	3852	3857
P60,2	3858	3863
P57,2	3864	3866
P62,2	3867	3871
P59,2	3872	3875
P190,1	3876	3939
P61,2	3940	3944
P63,1	3945	3965
P191,1	3966	4029
P192,1	4030	4093
P65,2	4094	4096
P68,2	4097	4100
P64,2	4101	4104
P66,2	4105	4108
P67,2	4109	4109
P193,1	4110	4173
P194,1	4174	4237
P69,1	4238	4301
P70,2	4302	4303
P195,1	4304	4367
P71,2	4368	4373
P72,2	4374	4374
P73,1	4375	4438
P196,1	4439	4502
P74,2	4503	4503
P197,1	4504	4567
P198,1	4568	4631
P1,2	4632	4652
P199,1	4653	4716
P77,2	4717	4717
P75,2	4718	4718
P76,2	4719	4722
P80,2	4723	4724
P200,1	4725	4788
P78,2	4789	4790
P16,3	4791	4794
P79,2	4795	4800
P81,1	4801	4848
P82,2	4849	4852
P17,3	4853	4857
P18,3	4858	4860
P19,3	4861	4861
P84,2	4862	4867
P20,3	4868	4868
P85,2	4869	4873
P86,2	4874	4878
P87,2	4879	4881
P21,3	4882	4882
P22,3	4883	4885
P23,3	4886	4891
P88,2	4892	4893
P2,4	4894	4898
P89,2	4899	4903
P91,2	4904	4907
P90,2	4908	4908
P92,1	4909	4939
P93,2	4940	4943
P94,2	4944	4949
P95,2	4950	4954
P24,1	4955	4990
P26,3	4991	4994
P96,2	4995	4997
P97,2	4998	4999
P98,2	5000	5001
P100,2	5002	5005
P25,3	5006	5008
P99,2	5009	5013
P101,2	5014	5014
P102,2	5015	5020
P103,1	5021	5084
P104,2	5085	5085
P105,1	5086	5118
P106,2	5119	5124
P107,2	5125	5127
P108,2	5128	5130
P109,2	5131	5132
P111,2	5133	5134
P28,3	5135	5136
P110,2	5137	5139
P113,2	5140	5144
P112,2	5145	5147
P114,2	5148	5153
P115,1	5154	5217
P119,2	5218	5222
P116,2	5223	5225
P29,3	5226	5228
P121,2	5229	5232
P118,2	5233	5234
P117,2	5235	5238
P120,2	5239	5242
P3,2	5243	5264
P122,2	5265	5270
P124,2	5271	5276
P123,2	5277	5277
P125,1	5278	5341
P128,2	5342	5344
P126,2	5345	5346
P127,2	5347	5348
P129,2	5349	5354
P30,3	5355	5356
P131,2	5357	5361
P31,3	5362	5362
P130,2	5363	5367
P132,2	5368	5371
P133,2	5372	5372
P136,2	5373	5377
P135,2	5378	5383
P134,2	5384	5387
P137,1	5388	5451
P139,2	5452	5455
P138,2	5456	5461
P140,2	5462	5465
P142,2	5466	5469
P141,2	5470	5470
P143,1	5471	5479
P144,2	5480	5484
P145,2	5485	5487
P146,1	5488	5551
P148,2	5552	5557
P150,2	5558	5560
P149,2	5561	5562
P147,2	5563	5565
P151,2	5566	5570
P152,1	5571	5634
P154,2	5635	5640
P153,2	5641	5641
P155,1	5642	5705
P156,2	5706	5708
P157,2	5709	5709
P5,4	5710	5713
P7,4	5714	5717
P161,2	5718	5723
P159,2	5724	5728
P34,3	5729	5732
P158,2	5733	5738
P36,3	5739	5742
P160,2	5743	5746
P35,3	5747	5752
P162,1	5753	5788
P4,4	5789	5791
P164,2	5792	5793
P165,2	5794	5796
P163,2	5797	5797
P167,2	5798	5801
P37,3	5802	5804
P166,2	5805	5807
P168,1	5808	5822
P169,2	5823	5825
P170,2	5826	5827
P171,2	5828	5828
P172,2	5829	5834
P173,2	5835	5838
P6,4	5839	5841
P174,2	5842	5847
P175,1	5848	5861
P176,2	5862	5866
P39,3	5867	5868
P177,2	5869	5873
P12,4	5874	5876
P178,2	5877	5878
P179,2	5879	5881
P14,4	5882	5884
P9,4	5885	5886
P40,3	5887	5890
P180,1	5891	5954
P8,4	5955	5959
P42,3	5960	5965
P41,3	5966	5970
P10,4	5971	5972
P43,2	5973	6036
P181,1	6037	6100
P11,4	6101	6103
P182,1	6104	6167
P47,3	6168	6168
P45,3	6169	6173
P44,3	6174	6178
P183,1	6179	6242
P13,4	6243	6248
P46,3	6249	6250
P50,3	6251	6255
P48,3	6256	6260
P184,2	6261	6324
P51,2	6325	6388
P49,3	6389	6394
P185,1	6395	6410
P52,1	6411	6414
P186,1	6415	6478
P187,1	6479	6481
P53,3	6482	6486
P54,3	6487	6490
P188,1	6491	6554
P56,3	6555	6557
P189,1	6558	6621
P58,3	6622	6623
P55,3	6624	6625
P60,3	6626	6628
P57,3	6629	6634
P59,3	6635	6639
P62,3	6640	6640
P190,1	6641	6704
P61,3	6705	6710
P191,1	6711	6774
P192,1	6775	6806
P68,3	6807	6811
P65,3	6812	6813
P64,3	6814	6817
P66,3	6818	6820
P67,3	6821	6821
P193,1	6822	6885
P194,1	6886	6923
P69,1	6924	6953
P70,3	6954	6959
P195,1	6960	7023
P71,3	7024	7025
P72,3	7026	7031
P73,1	7032	7081
P196,1	7082	7137
P74,3	7138	7142
P197,1	7143	7154
P198,1	7155	7172
P199,1	7173	7236
P80,3	7237	7242
P75,3	7243	7245
P76,3	7246	7249
P77,3	7250	7255
P200,1	7256	7319
P78,3	7320	7323
P16,4	7324	7329
P79,3	7330	7334
P18,4	7335	7339
P82,3	7340	7344
P17,4	7345	7347
P19,4	7348	7352
P20,4	7353	7354
P22,4	7355	7358
P86,3	7359	7361
P21,4	7362	7363
P84,3	7364	7366
P85,3	7367	7369
P88,3	7370	7375
P23,4	7376	7378
P87,3	7379	7380
P2,5	7381	7385
P89,3	7386	7390
P91,3	7391	7395
P90,3	7396	7400
P92,2	7401	7464
P93,3	7465	7467
P95,3	7468	7473
P94,3	7474	7478
P24,2	7479	7542
P98,3	7543	7548
P96,3	7549	7552
P26,4	7553	7555
P25,4	7556	7559
P97,3	7560	7560
P102,3	7561	7561
P99,3	7562	7564
P100,3	7565	7567
P101,3	7568	7569
P103,1	7570	7631
P104,3	7632	7637
P108,3	7638	7638
P28,4	7639	7639
P106,3	7640	7642
P111,3	7643	7648
P113,3	7649	7650
P107,3	7651	7651
P109,3	7652	7654
P110,3	7655	7658
P112,3	7659	7663
P114,3	7664	7669
P115,1	7670	7692
P116,3	7693	7694
P118,3	7695	7700
P119,3	7701	7702
P29,4	7703	7708
P117,3	7709	7712
P121,3	7713	7718
P120,3	7719	7722
P122,3	7723	7728
P124,3	7729	7732
P123,3	7733	7735
P125,1	7736	7773
P126,3	7774	7778
P128,3	7779	7780
P127,3	7781	7785
P129,3	7786	7786
P136,3	7787	7789
P131,3	7790	7793
P30,4	7794	7796
P31,4	7797	7802
P132,3	7803	7807
P130,3	7808	7813
P133,3	7814	7819
P135,3	7820	7820
P134,3	7821	7824
P137,1	7825	7888
P143,2	7889	7952
P139,3	7953	7956
P141,3	7957	7957
P140,3	7958	7961
P142,3	7962	7963
P138,3	7964	7968
P144,3	7969	7973
P145,3	7974	7976
P146,1	7977	8029
P148,3	8030	8033
P149,3	8034	8039
P147,3	8040	8040
P150,3	8041	8044
P151,3	8045	8045
P152,1	8046	8108
P154,3	8109	8110
P153,3	8111	8113
P155,1	8114	8177
P156,3	8178	8183
P157,3	8184	8185
P7,5	8186	8190
P159,3	8191	8192
P5,5	8193	8195
P34,4	8196	8196
P161,3	8197	8198
P158,3	8199	8203
P36,4	8204	8204
P160,3	8205	8207
P35,4	8208	8211
P162,2	8212	8275
P164,3	8276	8279
P163,3	8280	8280
P37,4	8281	8283
P166,3	8284	8284
P165,3	8285	8289
P4,5	8290	8293
P167,3	8294	8296
P171,3	8297	8301
P172,3	8302	8303
P169,3	8304	8305
P170,3	8306	8311
P6,5	8312	8313
P174,3	8314	8314
P175,2	8315	8378
P173,3	8379	8380
P177,3	8381	8385
P178,3	8386	8387
P12,5	8388	8390
P179,3	8391	8394
P39,4	8395	8399
P176,3	8400	8405
P14,5	8406	8409
P9,5	8410	8410
P40,4	8411	8415
P180,1	8416	8430
P8,5	8431	8435
P42,4	8436	8437
P41,4	8438	8438
P10,5	8439	8442
P43,2	8443	8506
P181,1	8507	8562
P11,5	8563	8567
P182,1	8568	8594
P47,4	8595	8599
P44,4	8600	8603
P45,4	8604	8605
P183,1	8606	8669
P46,4	8670	8672
P13,5	8673	8678
P48,4	8679	8680
P50,4	8681	8683
P184,2	8684	8711
P51,2	8712	8775
P49,4	8776	8776
P185,2	8777	8840
P52,2	8841	8904
P186,1	8905	8928
P187,2	8929	8992
P54,4	8993	8996
P53,4	8997	9000
P188,1	9001	9020
P56,4	9021	9026
P189,1	9027	9048
P57,4	9049	9049
P58,4	9050	9055
P60,4	9056	9061
P55,4	9062	9064
P62,4	9065	9066
P59,4	9067	9072
P190,1	9073	9080
P61,4	9081	9083
P191,1	9084	9147
P68,4	9148	9148
P65,4	9149	9149
P64,4	9150	9154
P67,4	9155	9157
P66,4	9158	9158
P193,1	9159	9210
P69,2	9211	9274
P70,4	9275	9278
P195,1	9279	9283
P72,4	9284	9285
P71,4	9286	9287
P74,4	9288	9289
P197,2	9290	9353
P198,2	9354	9417
P199,1	9418	9479
P80,4	9480	9484
P75,4	9485	9489
P76,4	9490	9494
P77,4	9495	9499
P200,1	9500	9556
P78,4	9557	9557
P18,5	9558	9562
P79,4	9563	9567
P82,4	9568	9568
P16,5	9569	9571
P19,5	9572	9577
P20,5	9578	9580
P17,5	9581	9584
P21,5	9585	9585
P22,5	9586	9590
P86,4	9591	9594
P87,4	9595	9599
P2,6	9600	9603
P84,4	9604	9607
P85,4	9608	9608
P23,5	9609	9612
P88,4	9613	9614
P91,4	9615	9615
P89,4	9616	9617
P90,4	9618	9623
P92,2	9624	9687
P93,4	9688	9693
P95,4	9694	9698
P94,4	9699	9700
P24,2	9701	9764
P98,4	9765	9768
P96,4	9769	9772
P97,4	9773	9773
P99,4	9774	9779
P101,4	9780	9784
P25,5	9785	9785
P26,5	9786	9791
P102,4	9792	9793
P100,4	9794	9795
P103,2	9796	9859
P104,4	9860	9865
P111,4	9866	9870
P108,4	9871	9871
P106,4	9872	9873
P28,5	9874	9875
P107,4	9876	9876
P113,4	9877	9881
P112,4	9882	9885
P109,4	9886	9891
P110,4	9892	9892
P114,4	9893	9893
P116,4	9894	9898
P118,4	9899	9904
P119,4	9905	9909
P117,4	9910	9914
P121,4	9915	9915
P29,5	9916	9918
P120,4	9919	9922
P124,4	9923	9923
P122,4	9924	9929
P123,4	9930	9930
P125,2	9931	9994
P126,4	9995	9998
P127,4	9999	10002
P128,4	10003	10003
P131,4	10004	10008
P129,4	10009	10012
P136,4	10013	10018
P30,5	10019	10023
P135,4	10024	10028
P133,4	10029	10034
P31,5	10035	10038
P132,4	10039	10040
P130,4	10041	10044
P134,4	10045	10045
P137,1	10046	10049
P143,2	10050	10113
P141,4	10114	10115
P139,4	10116	10120
P142,4	10121	10121
P138,4	10122	10127
P140,4	10128	10128
P145,4	10129	10132
P144,4	10133	10135
P148,4	10136	10141
P147,4	10142	10143
P151,4	10144	10149
P149,4	10150	10154
P150,4	10155	10159
P152,2	10160	10223
P153,4	10224	10226
P154,4	10227	10230
P155,1	10231	10231
P156,4	10232	10232
P159,4	10233	10235
P36,5	10236	10236
P7,6	10237	10238
P158,4	10239	10242
P157,4	10243	10247
P34,5	10248	10249
P5,6	10250	10251
P161,4	10252	10257
P160,4	10258	10259
P35,5	10260	10265
P162,2	10266	10286
P166,4	10287	10289
P164,4	10290	10290
P163,4	10291	10296
P37,5	10297	10297
P4,6	10298	10302
P171,4	10303	10305
P165,4	10306	10306
P167,4	10307	10307
P169,4	10308	10313
P170,4	10314	10314
P172,4	10315	10320
P174,4	10321	10325
P6,6	10326	10328
P175,2	10329	10392
P173,4	10393	10394
P177,4	10395	10398
P179,4	10399	10403
P12,6	10404	10406
P178,4	10407	10408
P14,6	10409	10414
P39,5	10415	10420
P176,4	10421	10421
P9,6	10422	10427
P180,2	10428	10491
P40,5	10492	10494
P42,5	10495	10496
P10,6	10497	10499
P8,6	10500	10500
P41,5	10501	10504
P43,2	10505	10549
P11,6	10550	10555
P182,2	10556	10619
P47,5	10620	10625
P44,5	10626	10631
P45,5	10632	10634
P13,6	10635	10640
P46,5	10641	10645
P48,5	10646	10649
P50,5	10650	10654
P51,2	10655	10702
P49,5	10703	10703
P185,2	10704	10767
P52,2	10768	10800
P187,2	10801	10864
P53,5	10865	10866
P54,5	10867	10872
P56,5	10873	10878
P58,5	10879	10881
P57,5	10882	10884
P190,2	10885	10948
P55,5	10949	10954
P59,5	10955	10956
P60,5	10957	10961
P62,5	10962	10964
P61,5	10965	10967
P191,2	10968	11031
P64,5	11032	11036
P68,5	11037	11038
P65,5	11039	11040
P66,5	11041	11042
P67,5	11043	11046
P193,2	11047	11110
P69,2	11111	11174
P70,5	11175	11177
P74,5	11178	11178
P71,5	11179	11182
P72,5	11183	11188
P197,2	11189	11201
P198,2	11202	11265
P199,2	11266	11329
P80,5	11330	11333
P75,5	11334	11338
P77,5	11339	11339
P76,5	11340	11343
P200,2	11344	11407
P78,5	11408	11413
P18,6	11414	11416
P79,5	11417	11419
P82,5	11420	11420
P17,6	11421	11426
P16,6	11427	11432
P19,6	11433	11438
P20,6	11439	11440
P22,6	11441	11445
P86,5	11446	11446
P87,5	11447	11451
P91,5	11452	11456
P2,7	11457	11457
P84,5	11458	11461
P88,5	11462	11462
P90,5	11463	11467
P23,6	11468	11469
P85,5	11470	11472
P89,5	11473	11477
P92,2	11478	11524
P94,5	11525	11525
P93,5	11526	11529
P95,5	11530	11535
P24,2	11536	11567
P96,5	11568	11572
P99,5	11573	11575
P97,5	11576	11578
P98,5	11579	11582
P26,6	11583	11588
P101,5	11589	11593
P25,6	11594	11597
P102,5	11598	11601
P100,5	11602	11606
P103,2	11607	11657
P108,5	11658	11660
P106,5	11661	11662
P107,5	11663	11664
P113,5	11665	11668
P104,5	11669	11669
P111,5	11670	11675
P112,5	11676	11678
P109,5	11679	11682
P28,6	11683	11688
P114,5	11689	11689
P116,5	11690	11691
P110,5	11692	11693
P118,5	11694	11695
P121,5	11696	11700
P119,5	11701	11702
P29,6	11703	11708
P117,5	11709	11709
P122,5	11710	11714
P124,5	11715	11716
P123,5	11717	11721
P120,5	11722	11723
P125,2	11724	11787
P127,5	11788	11789
P126,5	11790	11793
P128,5	11794	11798
P131,5	11799	11799
P135,5	11800	11801
P129,5	11802	11804
P137,2	11805	11868
P133,5	11869	11871
P136,5	11872	11876
P30,6	11877	11877
P31,6	11878	11878
P132,5	11879	11883
P134,5	11884	11888
P130,5	11889	11892
P143,2	11893	11956
P145,5	11957	11958
P141,5	11959	11959
P142,5	11960	11962
P139,5	11963	11968
P138,5	11969	11969
P140,5	11970	11970
P147,5	11971	11973
P148,5	11974	11979
P144,5	11980	11982
P151,5	11983	11988
P149,5	11989	11990
P150,5	11991	11991
P152,2	11992	11994
P155,2	11995	12058
P153,5	12059	12064
P156,5	12065	12066
P36,6	12067	12072
P159,5	12073	12078
P7,7	12079	12083
P154,5	12084	12085
P34,6	12086	12091
P158,5	12092	12096
P161,5	12097	12100
P160,5	12101	12106
P157,5	12107	12108
P35,6	12109	12112
P164,5	12113	12113
P166,5	12114	12116
P4,7	12117	12118
P37,6	12119	12119
P163,5	12120	12124
P171,5	12125	12129
P174,5	12130	12130
P165,5	12131	12135
P167,5	12136	12137
P170,5	12138	12141
P169,5	12142	12146
P172,5	12147	12147
P6,7	12148	12153
P175,2	12154	12196
P177,5	12197	12199
P12,7	12200	12203
P173,5	12204	12209
P179,5	12210	12211
P178,5	12212	12214
P176,5	12215	12219
P39,6	12220	12224
P14,7	12225	12230
P9,7	12231	12232
P180,2	12233	12296
P40,6	12297	12300
P41,6	12301	12305
P8,7	12306	12311
P10,7	12312	12312
P11,7	12313	12317
P182,2	12318	12371
P47,6	12372	12375
P45,6	12376	12377
P44,6	12378	12379
P13,7	12380	12382
P48,6	12383	12386
P50,6	12387	12387
P46,6	12388	12391
P49,6	12392	12392
P185,2	12393	12402
P187,2	12403	12406
P54,6	12407	12411
P53,6	12412	12417
P57,6	12418	12422
P56,6	12423	12425
P58,6	12426	12426
P190,2	12427	12427
P59,6	12428	12432
P55,6	12433	12434
P60,6	12435	12435
P62,6	12436	12436
P61,6	12437	12438
P191,2	12439	12502
P65,6	12503	12505
P66,6	12506	12506
P68,6	12507	12509
P64,6	12510	12512
P193,2	12513	12513
P69,2	12514	12538
P70,6	12539	12543
P71,6	12544	12545
P198,2	12546	12591
P199,2	12592	12655
P75,6	12656	12656
P77,6	12657	12658
P76,6	12659	12663
P200,2	12664	12712
P82,6	12713	12716
P78,6	12717	12717
P18,7	12718	12719
P79,6	12720	12724
P20,7	12725	12728
P17,7	12729	12729
P19,7	12730	12732
P16,7	12733	12738
P22,7	12739	12741
P87,6	12742	12742
P84,6	12743	12744
P86,6	12745	12745
P91,6	12746	12749
P2,8	12750	12750
P90,6	12751	12753
P23,7	12754	12757
P89,6	12758	12758
P85,6	12759	12763
P93,6	12764	12769
P94,6	12770	12770
P95,6	12771	12772
P96,6	12773	12776
P97,6	12777	12780
P26,7	12781	12783
P101,6	12784	12787
P98,6	12788	12789
P100,6	12790	12791
P102,6	12792	12796
P108,6	12797	12801
P104,6	12802	12807
P109,6	12808	12810
P107,6	12811	12815
P112,6	12816	12821
P28,7	12822	12827
P111,6	12828	12830
P118,6	12831	12836
P110,6	12837	12842
P116,6	12843	12844
P29,7	12845	12849
P114,6	12850	12850
P119,6	12851	12851
P121,6	12852	12852
P117,6	12853	12853
P120,6	12854	12857
P124,6	12858	12859
P123,6	12860	12865
P125,2	12866	12880
P127,6	12881	12882
P135,6	12883	12883
P126,6	12884	12888
P129,6	12889	12890
P131,6	12891	12896
P137,2	12897	12936
P31,7	12937	12942
P30,7	12943	12947
P133,6	12948	12950
P132,6	12951	12956
P134,6	12957	12959
P130,6	12960	12961
P145,6	12962	12965
P141,6	12966	12970
P142,6	12971	12972
P139,6	12973	12975
P147,6	12976	12980
P138,6	12981	12983
P140,6	12984	12988
P148,6	12989	12990
P149,6	12991	12995
P144,6	12996	13000
P151,6	13001	13005
P150,6	13006	13011
P155,2	13012	13075
P156,6	13076	13077
P7,8	13078	13080
P153,6	13081	13081
P34,7	13082	13082
P159,6	13083	13084
P158,6	13085	13089
P160,6	13090	13095
P166,6	13096	13099
P163,6	13100	13105
P35,7	13106	13109
P164,6	13110	13115
P167,6	13116	13118
P174,6	13119	13121
P37,7	13122	13126
P165,6	13127	13129
P171,6	13130	13132
P170,6	13133	13136
P172,6	13137	13138
P6,8	13139	13140
P12,8	13141	13143
P179,6	13144	13149
P178,6	13150	13155
P177,6	13156	13159
P173,6	13160	13160
P176,6	13161	13162
P9,8	13163	13164
P39,7	13165	13169
P14,8	13170	13174
P180,2	13175	13186
P10,8	13187	13189
P41,7	13190	13194
P11,8	13195	13197
P40,7	13198	13203
P8,8	13204	13205
P47,7	13206	13210
P45,7	13211	13211
P48,7	13212	13217
P44,7	13218	13221
P46,7	13222	13227
P49,7	13228	13233
P54,7	13234	13236
P53,7	13237	13241
P58,7	13242	13247
P59,7	13248	13248
P57,7	13249	13254
P61,7	13255	13257
P56,7	13258	13258
P62,7	13259	13262
P60,7	13263	13263
P55,7	13264	13265
P191,2	13266	13269
P68,7	13270	13271
P65,7	13272	13276
P66,7	13277	13279
P64,7	13280	13281
P71,7	13282	13283
P70,7	13284	13287
P199,2	13288	13319
P75,7	13320	13324
P77,7	13325	13326
P76,7	13327	13328
P82,7	13329	13330
P18,8	13331	13332
P17,8	13333	13338
P78,7	13339	13343
P79,7	13344	13347
P19,8	13348	13349
P20,8	13350	13350
P16,8	13351	13356
P2,9	13357	13358
P22,8	13359	13360
P23,8	13361	13361
P89,7	13362	13366
P87,7	13367	13372
P84,7	13373	13374
P85,7	13375	13376
P86,7	13377	13380
P90,7	13381	13382
P91,7	13383	13385
P93,7	13386	13390
P95,7	13391	13392
P94,7	13393	13395
P98,7	13396	13401
P96,7	13402	13402
P97,7	13403	13406
P102,7	13407	13411
P101,7	13412	13413
P100,7	13414	13415
P26,8	13416	13420
P108,7	13421	13422
P104,7	13423	13423
P112,7	13424	13426
P28,8	13427	13431
P107,7	13432	13437
P118,7	13438	13441
P111,7	13442	13442
P29,8	13443	13446
P110,7	13447	13451
P114,7	13452	13457
P117,7	13458	13462
P124,7	13463	13467
P116,7	13468	13468
P120,7	13469	13472
P121,7	13473	13473
P119,7	13474	13474
P123,7	13475	13476
P126,7	13477	13481
P135,7	13482	13484
P129,7	13485	13489
P131,7	13490	13490
P127,7	13491	13493
P30,8	13494	13494
P132,7	13495	13500
P133,7	13501	13502
P130,7	13503	13504
P142,7	13505	13505
P134,7	13506	13509
P145,7	13510	13515
P141,7	13516	13516
P147,7	13517	13522
P139,7	13523	13526
P140,7	13527	13527
P138,7	13528	13529
P149,7	13530	13531
P150,7	13532	13535
P155,2	13536	13591
P7,9	13592	13593
P159,7	13594	13599
P156,7	13600	13600
P153,7	13601	13603
P34,8	13604	13605
P158,7	13606	13609
P166,7	13610	13613
P35,8	13614	13617
P160,7	13618	13621
P163,7	13622	13624
P174,7	13625	13626
P165,7	13627	13630
P171,7	13631	13635
P167,7	13636	13638
P164,7	13639	13640
P37,8	13641	13644
P170,7	13645	13647
P6,9	13648	13653
P172,7	13654	13659
P179,7	13660	13665
P173,7	13666	13669
P12,9	13670	13675
P178,7	13676	13678
P14,9	13679	13683
P9,9	13684	13689
P176,7	13690	13692
P39,8	13693	13696
P10,9	13697	13697
P41,8	13698	13699
P8,9	13700	13704
P47,8	13705	13706
P45,8	13707	13708
P40,8	13709	13710
P48,8	13711	13711
P53,8	13712	13712
P46,8	13713	13717
P49,8	13718	13720
P54,8	13721	13723
P57,8	13724	13724
P61,8	13725	13729
P58,8	13730	13734
P59,8	13735	13736
P55,8	13737	13740
P62,8	13741	13744
P65,8	13745	13745
P56,8	13746	13747
P68,8	13748	13752
P64,8	13753	13757
P60,8	13758	13761
P66,8	13762	13766
P71,8	13767	13770
P76,8	13771	13775
P77,8	13776	13776
P75,8	13777	13782
P17,9	13783	13786
P18,9	13787	13787
P82,8	13788	13790
P78,8	13791	13794
P79,8	13795	13795
P23,9	13796	13797
P89,8	13798	13802
P22,9	13803	13803
P20,9	13804	13804
P19,9	13805	13809
P16,9	13810	13811
P87,8	13812	13812
P86,8	13813	13817
P2,10	13818	13820
P84,8	13821	13821
P90,8	13822	13826
P85,8	13827	13828
P91,8	13829	13833
P95,8	13834	13834
P93,8	13835	13835
P94,8	13836	13841
P98,8	13842	13844
P96,8	13845	13847
P97,8	13848	13849
P101,8	13850	13850
P104,8	13851	13852
P26,9	13853	13853
P102,8	13854	13854
P112,8	13855	13856
P108,8	13857	13861
P111,8	13862	13863
P28,9	13864	13867
P107,8	13868	13870
P114,8	13871	13871
P110,8	13872	13872
P118,8	13873	13874
P120,8	13875	13876
P119,8	13877	13882
P117,8	13883	13883
P124,8	13884	13887
P123,8	13888	13892
P126,8	13893	13898
P116,8	13899	13902
P131,8	13903	13903
P30,9	13904	13907
P129,8	13908	13908
P135,8	13909	13911
P132,8	13912	13912
P127,8	13913	13913
P142,8	13914	13916
P133,8	13917	13918
P130,8	13919	13921
P145,8	13922	13923
P134,8	13924	13927
P141,8	13928	13928
P147,8	13929	13931
P140,8	13932	13934
P139,8	13935	13938
P150,8	13939	13941
P138,8	13942	13942
P149,8	13943	13948
P7,10	13949	13951
P153,8	13952	13957
P159,8	13958	13960
P34,9	13961	13966
P156,8	13967	13969
P158,8	13970	13970
P35,9	13971	13972
P165,8	13973	13974
P166,8	13975	13977
P160,8	13978	13980
P171,8	13981	13984
P163,8	13985	13985
P167,8	13986	13986
P170,8	13987	13989
P164,8	13990	13995
P6,10	13996	13997
P37,9	13998	14000
P172,8	14001	14005
P12,10	14006	14007
P179,8	14008	14011
P9,10	14012	14014
P176,8	14015	14016
P39,9	14017	14022
P178,8	14023	14024
P14,10	14025	14028
P41,9	14029	14031
P10,10	14032	14035
P40,9	14036	14041
P48,9	14042	14046
P8,10	14047	14052
P47,9	14053	14054
P49,9	14055	14055
P45,9	14056	14058
P53,9	14059	14062
P46,9	14063	14063
P58,9	14064	14065
P54,9	14066	14066
P61,9	14067	14067
P57,9	14068	14073
P55,9	14074	14077
P59,9	14078	14078
P68,9	14079	14082
P65,9	14083	14088
P62,9	14089	14092
P56,9	14093	14095
P76,9	14096	14098
P64,9	14099	14103
P77,9	14104	14106
P60,9	14107	14110
P71,9	14111	14113
P66,9	14114	14117
P75,9	14118	14123
P20,10	14124	14127
P78,9	14128	14129
P18,10	14130	14130
P16,10	14131	14133
P89,9	14134	14135
P19,10	14136	14138
P22,10	14139	14140
P2,11	14141	14146
P90,9	14147	14151
P86,9	14152	14152
P84,9	14153	14156
P94,9	14157	14160
P93,9	14161	14164
P85,9	14165	14170
P91,9	14171	14171
P95,9	14172	14172
P96,9	14173	14173
P98,9	14174	14174
P97,9	14175	14178
P102,9	14179	14180
P112,9	14181	14183
P110,9	14184	14186
P108,9	14187	14189
P120,9	14190	14192
P111,9	14193	14193
P107,9	14194	14198
P124,9	14199	14202
P28,10	14203	14205
P117,9	14206	14209
P118,9	14210	14214
P116,9	14215	14218
P131,9	14219	14220
P133,9	14221	14222
P135,9	14223	14225
P126,9	14226	14226
P30,10	14227	14229
P127,9	14230	14230
P129,9	14231	14236
P130,9	14237	14238
P132,9	14239	14244
P145,9	14245	14248
P142,9	14249	14254
P134,9	14255	14260
P141,9	14261	14261
P139,9	14262	14267
P140,9	14268	14268
P147,9	14269	14270
P150,9	14271	14272
P138,9	14273	14277
P7,11	14278	14279
P34,10	14280	14283
P159,9	14284	14288
P160,9	14289	14294
P156,9	14295	14297
P35,10	14298	14300
P166,9	14301	14305
P158,9	14306	14311
P171,9	14312	14315
P165,9	14316	14319
P167,9	14320	14325
P6,11	14326	14330
P163,9	14331	14331
P12,11	14332	14333
P179,9	14334	14337
P164,9	14338	14342
P172,9	14343	14348
P37,10	14349	14354
P39,10	14355	14355
P9,11	14356	14357
P176,9	14358	14361
P178,9	14362	14367
P10,11	14368	14368
P40,10	14369	14374
P14,11	14375	14376
P41,10	14377	14382
P8,11	14383	14383
P49,10	14384	14386
P53,10	14387	14387
P45,10	14388	14388
P61,10	14389	14390
P58,10	14391	14395
P54,10	14396	14396
P47,10	14397	14397
P46,10	14398	14401
P59,10	14402	14405
P57,10	14406	14411
P65,10	14412	14412
P55,10	14413	14418
P68,10	14419	14423
P56,10	14424	14424
P76,10	14425	14427
P77,10	14428	14428
P64,10	14429	14434
P71,10	14435	14440
P18,11	14441	14443
P78,10	14444	14446
P66,10	14447	14449
P20,11	14450	14450
P89,10	14451	14451
P90,10	14452	14452
P86,10	14453	14457
P2,12	14458	14459
P94,10	14460	14461
P93,10	14462	14464
P84,10	14465	14466
P91,10	14467	14472
P85,10	14473	14478
P98,10	14479	14480
P97,10	14481	14482
P96,10	14483	14484
P112,10	14485	14487
P102,10	14488	14491
P120,10	14492	14492
P107,10	14493	14494
P108,10	14495	14496
P111,10	14497	14500
P110,10	14501	14506
P124,10	14507	14508
P117,10	14509	14514
P126,10	14515	14516
P28,11	14517	14521
P118,10	14522	14525
P127,10	14526	14527
P131,10	14528	14533
P133,10	14534	14538
P132,10	14539	14542
P135,10	14543	14543
P30,11	14544	14547
P129,10	14548	14551
P142,10	14552	14555
P145,10	14556	14559
P140,10	14560	14560
P141,10	14561	14564
P147,10	14565	14569
P139,10	14570	14571
P34,11	14572	14572
P138,10	14573	14573
P150,10	14574	14579
P159,10	14580	14583
P156,10	14584	14587
P160,10	14588	14588
P35,11	14589	14591
P166,10	14592	14597
P158,10	14598	14602
P171,10	14603	14603
P6,12	14604	14608
P12,12	14609	14611
P165,10	14612	14612
P167,10	14613	14617
P172,10	14618	14618
P179,10	14619	14619
P163,10	14620	14625
P37,11	14626	14626
P176,10	14627	14627
P39,11	14628	14633
P178,10	14634	14635
P40,11	14636	14638
P53,11	14639	14644
P49,11	14645	14648
P14,12	14649	14654
P8,12	14655	14657
P41,11	14658	14658
P45,11	14659	14663
P61,11	14664	14669
P47,11	14670	14671
P58,11	14672	14675
P54,11	14676	14677
P59,11	14678	14679
P77,11	14680	14685
P57,11	14686	14690
P55,11	14691	14691
P68,11	14692	14693
P64,11	14694	14699
P71,11	14700	14705
P76,11	14706	14711
P18,12	14712	14714
P20,12	14715	14715
P89,11	14716	14717
P2,13	14718	14723
P78,11	14724	14727
P86,11	14728	14733
P85,11	14734	14739
P94,11	14740	14743
P84,11	14744	14745
P98,11	14746	14750
P93,11	14751	14755
P97,11	14756	14760
P91,11	14761	14763
P120,11	14764	14769
P96,11	14770	14774
P107,11	14775	14776
P112,11	14777	14781
P102,11	14782	14785
P108,11	14786	14790
P111,11	14791	14793
P124,11	14794	14795
P127,11	14796	14799
P126,11	14800	14804
P131,11	14805	14810
P118,11	14811	14811
P133,11	14812	14817
P135,11	14818	14823
P30,12	14824	14824
P142,11	14825	14830
P132,11	14831	14834
P129,11	14835	14836
P147,11	14837	14837
P150,11	14838	14838
P145,11	14839	14844
P140,11	14845	14848
P159,11	14849	14853
P34,12	14854	14857
P160,11	14858	14860
P35,12	14861	14863
P156,11	14864	14867
P6,13	14868	14873
P12,13	14874	14875
P158,11	14876	14881
P171,11	14882	14882
P165,11	14883	14886
P172,11	14887	14892
P163,11	14893	14893
P39,12	14894	14899
P40,12	14900	14903
P179,11	14904	14909
P37,12	14910	14913
P176,11	14914	14916
P178,11	14917	14920
P53,12	14921	14926
P49,12	14927	14930
P45,12	14931	14936
P8,13	14937	14940
P14,13	14941	14944
P58,12	14945	14946
P61,12	14947	14951
P54,12	14952	14957
P77,12	14958	14959
P55,12	14960	14962
P68,12	14963	14966
P59,12	14967	14972
P57,12	14973	14974
P18,13	14975	14979
P89,12	14980	14980
P20,13	14981	14983
P71,12	14984	14989
P76,12	14990	14993
P78,12	14994	14994
P2,14	14995	14997
P85,12	14998	14999
P86,12	15000	15003
P84,12	15004	15009
P94,12	15010	15012
P98,12	15013	15017
P91,12	15018	15022
P97,12	15023	15023
P96,12	15024	15025
P108,12	15026	15028
P112,12	15029	15033
P102,12	15034	15039
P107,12	15040	15041
P124,12	15042	15046
P126,12	15047	15050
P131,12	15051	15052
P127,12	15053	15054
P111,12	15055	15060
P135,12	15061	15066
P118,12	15067	15070
P133,12	15071	15074
P147,12	15075	15078
P132,12	15079	15081
P129,12	15082	15082
P145,12	15083	15088
P160,12	15089	15092
P140,12	15093	15093
P35,13	15094	15099
P158,12	15100	15100
P12,14	15101	15101
P163,12	15102	15104
P6,14	15105	15108
P172,12	15109	15111
P176,12	15112	15117
P40,13	15118	15123
P37,13	15124	15124
P179,12	15125	15129
P45,13	15130	15130
P49,13	15131	15133
P53,13	15134	15134
P61,13	15135	15140
P77,13	15141	15141
P14,14	15142	15144
P8,14	15145	15149
P58,13	15150	15152
P55,13	15153	15155
P59,13	15156	15157
P68,13	15158	15161
P54,13	15162	15165
P71,13	15166	15170
P18,14	15171	15174
P89,13	15175	15178
P2,15	15179	15182
P86,13	15183	15184
P20,14	15185	15186
P85,13	15187	15188
P76,13	15189	15192
P84,13	15193	15197
P94,13	15198	15198
P98,13	15199	15202
P108,13	15203	15207
P91,13	15208	15209
P107,13	15210	15210
P96,13	15211	15212
P112,13	15213	15216
P102,13	15217	15217
P111,13	15218	15223
P118,13	15224	15224
P147,13	15225	15225
P145,13	15226	15231
P133,13	15232	15233
P129,13	15234	15237
P140,13	15238	15242
P35,14	15243	15243
P158,13	15244	15245
P160,13	15246	15251
P172,13	15252	15252
P163,13	15253	15258
P45,14	15259	15259
P176,13	15260	15265
P53,14	15266	15266
P77,14	15267	15271
P179,13	15272	15272
P49,14	15273	15276
P58,14	15277	15282
P8,15	15283	15286
P89,14	15287	15292
P86,14	15293	15296
P71,14	15297	15297
P76,14	15298	15299
P98,14	15300	15303
P102,14	15304	15307
P107,14	15308	15309
P96,14	15310	15315
P118,14	15316	15320
P147,14	15321	15324
P140,14	15325	15330
P158,14	15331	15334
P35,15	15335	15335
P160,14	15336	15338
P179,14	15339	15344
P163,14	15345	15345
P176,14	15346	15350
P53,15	15351	15352
P71,15	15353	15355
P86,15	15356	15358
P98,15	15359	15362
P107,15	15363	15364
P102,15	15365	15370
P96,15	15371	15375
P163,15	15376	15379
P176,15	15380	15382
P179,15	15383	15385
