CPU0
P1,1	2	17
P2,1	18	18
P3,1	19	34
P4,1	35	35
P5,1	36	39
P1,1	40	55
P6,1	56	57
P7,1	58	60
P8,1	61	64
P9,1	65	70
P3,1	71	86
P10,1	87	88
P2,2	89	90
P11,1	91	95
P12,1	96	98
P1,1	99	114
P13,1	115	118
P5,2	119	122
P14,1	123	125
P4,2	126	130
P15,1	131	146
P16,1	147	152
P17,1	153	154
P7,2	155	155
P18,1	156	158
P19,1	159	162
P20,1	163	167
P21,1	168	172
P3,1	173	188
P22,1	189	191
P6,2	192	192
P9,2	193	195
P23,1	196	199
P24,1	200	215
P8,2	216	216
P25,1	217	220
P26,1	221	221
P27,1	222	237
P12,2	238	240
P1,1	241	256
P2,3	257	257
P28,1	258	263
P10,2	264	266
P29,1	267	270
P30,1	271	271
P11,2	272	274
P31,1	275	277
P32,1	278	293
P5,3	294	299
P33,1	300	315
P14,2	316	320
P15,1	321	336
P34,1	337	338
P13,2	339	339
P35,1	340	344
P4,3	345	347
P36,1	348	351
P16,2	352	355
P37,1	356	359
P38,1	360	375
P7,3	376	376
P39,1	377	382
P40,1	383	384
P17,2	385	386
P18,2	387	388
P41,1	389	392
P20,2	393	395
P3,1	396	411
P42,1	412	415
P43,1	416	431
P21,2	432	433
P44,1	434	434
P19,2	435	435
P45,1	436	441
P46,1	442	442
P47,1	443	447
P6,3	448	452
P48,1	453	458
P49,1	459	464
P24,1	465	480
P50,1	481	486
P51,1	487	502
P52,1	503	518
P53,1	519	522
P22,2	523	527
P54,1	528	532
P9,3	533	537
P23,2	538	543
P27,1	544	559
P55,1	560	565
P56,1	566	566
P57,1	567	569
P26,2	570	573
P25,2	574	576
P58,1	577	579
P59,1	580	582
P8,3	583	586
P60,1	587	591
P61,1	592	592
P1,1	593	608
P62,1	609	613
P63,1	614	629
P64,1	630	634
P65,1	635	637
P12,3	638	642
P66,1	643	647
P67,1	648	648
P68,1	649	652
P69,1	653	668
P70,1	669	671
P28,2	672	674
P71,1	675	679
P72,1	680	684
P73,1	685	700
P74,1	701	703
P2,4	704	708
P32,1	709	724
P10,3	725	730
P75,1	731	731
P76,1	732	734
P29,2	735	740
P77,1	741	741
P11,3	742	747
P78,1	748	750
P30,2	751	756
P33,1	757	772
P31,2	773	774
P79,1	775	775
P80,1	776	780
P5,4	781	784
P81,1	785	800
P82,1	801	803
P83,1	804	819
P84,1	820	822
P14,3	823	826
P15,1	827	842
P85,1	843	846
P86,1	847	851
P87,1	852	852
P88,1	853	853
P34,2	854	857
P4,4	858	860
P89,1	861	863
P36,2	864	864
P35,2	865	870
P90,1	871	873
P91,1	874	879
P92,1	880	895
P38,1	896	911
P13,3	912	914
P93,1	915	916
P94,1	917	919
P95,1	920	921
P16,3	922	925
P96,1	926	931
P37,2	932	936
P39,2	937	939
P97,1	940	941
P7,4	942	945
P3,1	946	961
P98,1	962	964
P17,3	965	969
P40,2	970	972
P41,2	973	975
P99,1	976	981
P100,1	982	986
P20,3	987	987
P101,1	988	988
P18,3	989	991
P102,1	992	997
P43,1	998	1013
P103,1	1014	1029
P104,1	1030	1035
P105,1	1036	1051
P42,2	1052	1056
P106,1	1057	1060
P19,3	1061	1061
P107,1	1062	1066
P108,1	1067	1071
P21,3	1072	1072
P109,1	1073	1075
P47,2	1076	1078
P44,2	1079	1084
P110,1	1085	1085
P45,2	1086	1086
P111,1	1087	1088
P46,2	1089	1089
P112,1	1090	1090
P24,1	1091	1106
P113,1	1107	1107
P114,1	1108	1113
P6,4	1114	1116
P115,1	1117	1132
P116,1	1133	1138
P117,1	1139	1141
P48,2	1142	1143
P118,1	1144	1147
P51,1	1148	1163
P49,2	1164	1164
P119,1	1165	1168
P50,2	1169	1172
P120,1	1173	1175
P52,1	1176	1191
P121,1	1192	1193
P122,1	1194	1199
P123,1	1200	1204
P53,2	1205	1210
P124,1	1211	1215
P125,1	1216	1231
P126,1	1232	1233
P22,3	1234	1236
P127,1	1237	1240
P54,2	1241	1245
P27,1	1246	1261
P128,1	1262	1266
P23,3	1267	1272
P129,1	1273	1274
P130,1	1275	1276
P131,1	1277	1278
P132,1	1279	1283
P9,4	1284	1285
P133,1	1286	1289
P134,1	1290	1290
P135,1	1291	1294
P56,2	1295	1298
P136,1	1299	1304
P137,1	1305	1320
P55,2	1321	1325
P26,3	1326	1329
P138,1	1330	1334
P139,1	1335	1337
P140,1	1338	1342
P58,2	1343	1348
P57,2	1349	1351
P141,1	1352	1352
P8,4	1353	1357
P60,2	1358	1363
P1,1	1364	1379
P142,1	1380	1385
P143,1	1386	1401
P59,2	1402	1405
P144,1	1406	1409
P25,3	1410	1412
P61,2	1413	1417
P145,1	1418	1422
P146,1	1423	1438
P147,1	1439	1443
P63,1	1444	1459
P62,2	1460	1464
P148,1	1465	1465
P149,1	1466	1470
P150,1	1471	1471
P151,1	1472	1472
P65,2	1473	1475
P152,1	1476	1491
P153,1	1492	1492
P154,1	1493	1495
P155,1	1496	1511
P156,1	1512	1515
P69,1	1516	1531
P68,2	1532	1535
P64,2	1536	1539
P12,4	1540	1542
P157,1	1543	1547
P66,2	1548	1551
P67,2	1552	1552
P158,1	1553	1554
P159,1	1555	1556
P160,1	1557	1557
P70,2	1558	1559
P161,1	1560	1560
P28,3	1561	1562
P73,1	1563	1578
P162,1	1579	1594
P163,1	1595	1598
P164,1	1599	1602
P71,2	1603	1608
P72,2	1609	1609
P74,2	1610	1610
P165,1	1611	1611
P32,1	1612	1627
P166,1	1628	1632
P167,1	1633	1635
P2,5	1636	1640
P168,1	1641	1656
P169,1	1657	1658
P170,1	1659	1659
P171,1	1660	1661
P172,1	1662	1667
P75,2	1668	1668
P77,2	1669	1669
P173,1	1670	1675
P76,2	1676	1679
P10,4	1680	1681
P174,1	1682	1687
P11,4	1688	1690
P175,1	1691	1706
P33,1	1707	1722
P176,1	1723	1728
P29,3	1729	1731
P177,1	1732	1736
P30,3	1737	1738
P178,1	1739	1744
P78,2	1745	1746
P179,1	1747	1752
P180,1	1753	1768
P81,1	1769	1784
P80,2	1785	1786
P31,3	1787	1787
P79,2	1788	1793
P83,1	1794	1809
P82,2	1810	1813
P5,5	1814	1816
P15,1	1817	1830
P84,2	1831	1836
P181,1	1837	1852
P14,4	1853	1855
P85,2	1856	1860
P87,2	1861	1863
P86,2	1864	1868
P182,1	1869	1884
P88,2	1885	1886
P183,1	1887	1902
P36,3	1903	1906
P34,3	1907	1910
P89,2	1911	1915
P92,1	1916	1931
P4,5	1932	1935
P35,3	1936	1941
P91,2	1942	1945
P184,1	1946	1961
P38,1	1962	1977
P90,2	1978	1978
P13,4	1979	1984
P93,2	1985	1988
P94,2	1989	1994
P95,2	1995	1999
P16,4	2000	2005
P96,2	2006	2008
P3,1	2009	2024
P39,3	2025	2026
P185,1	2027	2042
P97,2	2043	2044
P37,3	2045	2047
P7,5	2048	2052
P98,2	2053	2054
P40,3	2055	2058
P17,4	2059	2061
P100,2	2062	2065
P18,4	2066	2070
P41,3	2071	2075
P43,1	2076	2091
P20,4	2092	2093
P186,1	2094	2109
P99,2	2110	2114
P101,2	2115	2115
P103,1	2116	2131
P187,1	2132	2147
P102,2	2148	2153
P104,2	2154	2154
P105,1	2155	2170
P188,1	2171	2186
P42,3	2187	2192
P19,4	2193	2197
P21,4	2198	2199
P106,2	2200	2205
P108,2	2206	2208
P47,3	2209	2209
P109,2	2210	2211
P189,1	2212	2227
P107,2	2228	2230
P24,1	2231	2246
P46,3	2247	2248
P45,3	2249	2253
P111,2	2254	2255
P44,3	2256	2260
P110,2	2261	2263
P190,1	2264	2279
P112,2	2280	2282
P115,1	2283	2298
P6,5	2299	2300
P113,2	2301	2305
P114,2	2306	2311
P51,1	2312	2327
P116,2	2328	2330
P48,3	2331	2335
P117,2	2336	2339
P118,2	2340	2341
P191,1	2342	2357
P192,1	2358	2373
P49,3	2374	2379
P119,2	2380	2384
P52,1	2385	2400
P50,3	2401	2405
P120,2	2406	2409
P121,2	2410	2413
P193,1	2414	2429
P122,2	2430	2435
P125,1	2436	2451
P53,3	2452	2456
P123,2	2457	2457
P194,1	2458	2473
P124,2	2474	2479
P22,4	2480	2483
P27,1	2484	2499
P126,2	2500	2501
P127,2	2502	2503
P54,3	2504	2507
P195,1	2508	2523
P128,2	2524	2526
P23,4	2527	2529
P129,2	2530	2535
P131,2	2536	2540
P130,2	2541	2545
P132,2	2546	2549
P133,2	2550	2550
P56,3	2551	2553
P9,5	2554	2554
P136,2	2555	2559
P135,2	2560	2565
P137,1	2566	2581
P134,2	2582	2585
P196,1	2586	2601
P55,3	2602	2603
P197,1	2604	2619
P140,2	2620	2623
P139,2	2624	2627
P26,4	2628	2630
P58,3	2631	2632
P57,3	2633	2638
P138,2	2639	2644
P60,3	2645	2647
P8,5	2648	2652
P1,1	2653	2668
P141,2	2669	2669
P198,1	2670	2685
P143,1	2686	2701
P142,2	2702	2705
P199,1	2706	2721
P59,3	2722	2726
P144,2	2727	2731
P25,4	2732	2735
P200,1	2736	2751
P146,1	2752	2767
P61,3	2768	2773
P145,2	2774	2776
P63,1	2777	2792
P147,2	2793	2795
P148,2	2796	2801
P150,2	2802	2804
P149,2	2805	2806
P152,1	2807	2822
P62,3	2823	2823
P65,3	2824	2825
P151,2	2826	2830
P154,2	2831	2836
P155,1	2837	2852
P153,2	2853	2853
P69,1	2854	2869
P156,2	2870	2872
P68,3	2873	2877
P64,3	2878	2881
P157,2	2882	2882
P12,5	2883	2885
P66,3	2886	2888
P28,4	2889	2889
P73,1	2890	2905
P159,2	2906	2910
P161,2	2911	2916
P70,3	2917	2922
P160,2	2923	2926
P67,3	2927	2927
P158,2	2928	2933
P162,1	2934	2949
P164,2	2950	2951
P165,2	2952	2954
P32,1	2955	2970
P71,3	2971	2972
P163,2	2973	2973
P72,3	2974	2979
P74,3	2980	2984
P167,2	2985	2988
P2,6	2989	2992
P168,1	2993	3008
P166,2	3009	3011
P169,2	3012	3014
P171,2	3015	3015
P172,2	3016	3021
P170,2	3022	3023
P75,3	3024	3026
P173,2	3027	3030
P77,3	3031	3036
P175,1	3037	3052
P76,3	3053	3056
P10,5	3057	3060
P174,2	3061	3066
P11,5	3067	3071
P33,1	3072	3087
P176,2	3088	3092
P29,4	3093	3098
P177,2	3099	3103
P180,1	3104	3119
P178,2	3120	3121
P179,2	3122	3124
P78,3	3125	3128
P30,4	3129	3131
P81,1	3132	3147
P80,3	3148	3153
P83,1	3154	3169
P79,3	3170	3174
P31,4	3175	3180
P15,2	3181	3196
P82,3	3197	3201
P5,6	3202	3203
P181,1	3204	3219
P84,3	3220	3222
P14,5	3223	3226
P182,1	3227	3242
P85,3	3243	3245
P86,3	3246	3248
P87,3	3249	3250
P183,1	3251	3266
P88,3	3267	3272
P34,4	3273	3273
P92,1	3274	3289
P36,4	3290	3290
P89,3	3291	3295
P4,6	3296	3300
P184,1	3301	3316
P91,3	3317	3321
P38,1	3322	3337
P35,4	3338	3341
P90,3	3342	3346
P93,3	3347	3349
P95,3	3350	3355
P13,5	3356	3361
P94,3	3362	3366
P3,1	3367	3382
P96,3	3383	3386
P16,5	3387	3389
P185,1	3390	3405
P39,4	3406	3410
P37,4	3411	3413
P98,3	3414	3419
P97,3	3420	3420
P7,6	3421	3422
P18,5	3423	3427
P17,5	3428	3431
P43,1	3432	3447
P40,4	3448	3452
P100,3	3453	3455
P41,4	3456	3456
P186,1	3457	3472
P20,5	3473	3475
P103,1	3476	3491
P99,3	3492	3494
P101,3	3495	3496
P187,1	3497	3512
P102,3	3513	3513
P105,1	3514	3529
P188,1	3530	3545
P104,3	3546	3551
P42,4	3552	3553
P19,5	3554	3559
P21,5	3560	3560
P108,3	3561	3561
P189,1	3562	3577
P47,4	3578	3582
P106,3	3583	3585
P24,1	3586	3601
P109,3	3602	3604
P107,3	3605	3605
P46,4	3606	3608
P111,3	3609	3614
P190,1	3615	3630
P45,4	3631	3632
P44,4	3633	3636
P115,1	3637	3652
P110,3	3653	3656
P112,3	3657	3661
P113,3	3662	3663
P6,6	3664	3666
P51,1	3667	3682
P114,3	3683	3688
P116,3	3689	3690
P117,3	3691	3694
P118,3	3695	3700
P191,1	3701	3716
P48,4	3717	3718
P192,1	3719	3734
P49,4	3735	3735
P52,1	3736	3751
P119,3	3752	3753
P193,1	3754	3769
P120,3	3770	3773
P121,3	3774	3779
P50,4	3780	3782
P125,1	3783	3798
P122,3	3799	3804
P194,1	3805	3820
P53,4	3821	3824
P123,3	3825	3827
P27,1	3828	3843
P124,3	3844	3847
P22,5	3848	3852
P126,3	3853	3857
P195,1	3858	3873
P54,4	3874	3877
P127,3	3878	3882
P128,3	3883	3884
P23,5	3885	3888
P129,3	3889	3889
P131,3	3890	3893
P136,3	3894	3896
P9,6	3897	3902
P132,3	3903	3907
P137,1	3908	3923
P130,3	3924	3929
P133,3	3930	3935
P56,4	3936	3941
P135,3	3942	3942
P196,1	3943	3958
P134,3	3959	3962
P197,1	3963	3978
P55,4	3979	3981
P140,3	3982	3985
P57,4	3986	3986
P139,3	3987	3990
P26,5	3991	3996
P58,4	3997	4002
P1,1	4003	4018
P60,4	4019	4024
P138,3	4025	4029
P198,1	4030	4045
P141,3	4046	4046
P8,6	4047	4047
P143,1	4048	4063
P199,1	4064	4079
P142,3	4080	4081
P200,1	4082	4097
P144,3	4098	4102
P25,5	4103	4103
P59,4	4104	4109
P146,1	4110	4125
P63,1	4126	4141
P145,3	4142	4144
P61,4	4145	4147
P147,3	4148	4148
P148,3	4149	4152
P152,1	4153	4168
P149,3	4169	4174
P150,3	4175	4178
P155,1	4179	4194
P62,4	4195	4196
P154,3	4197	4198
P65,4	4199	4199
P151,3	4200	4200
P69,1	4201	4216
P153,3	4217	4219
P156,3	4220	4225
P68,4	4226	4226
P73,1	4227	4242
P157,3	4243	4244
P12,6	4245	4247
P28,5	4248	4249
P64,4	4250	4254
P66,4	4255	4255
P159,3	4256	4257
P161,3	4258	4259
P162,1	4260	4275
P70,4	4276	4279
P67,4	4280	4282
P158,3	4283	4287
P160,3	4288	4290
P164,3	4291	4294
P32,1	4295	4310
P165,3	4311	4315
P163,3	4316	4316
P72,4	4317	4318
P74,4	4319	4320
P71,4	4321	4322
P168,1	4323	4338
P167,3	4339	4341
P2,7	4342	4342
P166,3	4343	4343
P171,3	4344	4348
P172,3	4349	4350
P169,3	4351	4352
P75,4	4353	4357
P175,1	4358	4373
P170,3	4374	4379
P77,4	4380	4384
P173,3	4385	4386
P76,4	4387	4391
P174,3	4392	4392
P10,6	4393	4395
P33,1	4396	4401
P11,6	4402	4407
P180,1	4408	4423
P177,3	4424	4428
P176,3	4429	4434
P29,5	4435	4437
P178,3	4438	4439
P179,3	4440	4443
P81,1	4444	4459
P78,4	4460	4460
P30,5	4461	4465
P83,1	4466	4477
P80,4	4478	4482
P15,2	4483	4498
P79,4	4499	4503
P31,5	4504	4507
P181,1	4508	4523
P82,4	4524	4524
P14,6	4525	4530
P182,1	4531	4546
P84,4	4547	4550
P87,4	4551	4555
P183,1	4556	4571
P85,4	4572	4572
P86,4	4573	4576
P92,1	4577	4592
P34,5	4593	4594
P88,4	4595	4596
P36,5	4597	4597
P184,1	4598	4613
P4,7	4614	4615
P89,4	4616	4617
P91,4	4618	4618
P38,1	4619	4634
P93,4	4635	4640
P95,4	4641	4645
P90,4	4646	4651
P13,6	4652	4657
P35,5	4658	4663
P3,1	4664	4669
P94,4	4670	4671
P185,1	4672	4687
P96,4	4688	4691
P16,6	4692	4697
P97,4	4698	4698
P39,5	4699	4704
P98,4	4705	4708
P7,7	4709	4713
P37,5	4714	4714
P18,6	4715	4717
P43,1	4718	4733
P17,6	4734	4739
P186,1	4740	4755
P40,5	4756	4758
P100,4	4759	4760
P103,1	4761	4776
P41,5	4777	4780
P20,6	4781	4782
P99,4	4783	4788
P101,4	4789	4793
P187,1	4794	4809
P105,1	4810	4825
P188,1	4826	4841
P102,4	4842	4843
P104,4	4844	4849
P189,1	4850	4865
P42,5	4866	4867
P108,4	4868	4868
P19,6	4869	4874
P24,1	4875	4890
P106,4	4891	4892
P47,5	4893	4898
P107,4	4899	4899
P111,4	4900	4904
P190,1	4905	4920
P109,4	4921	4926
P46,5	4927	4931
P115,1	4932	4947
P45,5	4948	4950
P44,5	4951	4956
P51,1	4957	4958
P112,4	4959	4962
P113,4	4963	4967
P110,4	4968	4968
P6,7	4969	4974
P116,4	4975	4979
P117,4	4980	4984
P114,4	4985	4985
P191,1	4986	5001
P118,4	5002	5007
P192,1	5008	5023
P48,5	5024	5027
P52,1	5028	5043
P49,5	5044	5044
P193,1	5045	5060
P119,4	5061	5065
P120,4	5066	5069
P125,1	5070	5085
P121,4	5086	5086
P50,5	5087	5091
P194,1	5092	5107
P122,4	5108	5113
P53,5	5114	5115
P27,1	5116	5131
P123,4	5132	5132
P124,4	5133	5133
P22,6	5134	5138
P195,1	5139	5154
P126,4	5155	5158
P54,5	5159	5164
P127,4	5165	5168
P131,4	5169	5173
P23,6	5174	5175
P128,4	5176	5176
P129,4	5177	5180
P137,1	5181	5196
P136,4	5197	5202
P9,7	5203	5204
P132,4	5205	5206
P133,4	5207	5212
P196,1	5213	5228
P130,4	5229	5232
P135,4	5233	5237
P197,1	5238	5253
P56,5	5254	5259
P134,4	5260	5260
P55,5	5261	5266
P26,6	5267	5272
P57,5	5273	5275
P139,4	5276	5280
P140,4	5281	5281
P1,2	5282	5297
P58,5	5298	5300
P198,1	5301	5316
P138,4	5317	5322
P60,5	5323	5327
P143,1	5328	5343
P141,4	5344	5345
P199,1	5346	5361
P8,7	5362	5367
P200,1	5368	5383
P142,4	5384	5384
P146,1	5385	5400
P59,5	5401	5402
P25,6	5403	5406
P144,4	5407	5409
P63,1	5410	5425
P145,4	5426	5429
P147,4	5430	5431
P152,1	5432	5447
P148,4	5448	5453
P61,5	5454	5456
P155,1	5457	5472
P149,4	5473	5477
P150,4	5478	5482
P69,1	5483	5498
P151,4	5499	5504
P154,4	5505	5508
P65,5	5509	5510
P62,5	5511	5513
P153,4	5514	5516
P156,4	5517	5517
P73,1	5518	5533
P68,5	5534	5535
P64,5	5536	5540
P12,7	5541	5544
P162,1	5545	5560
P159,4	5561	5563
P66,5	5564	5565
P157,4	5566	5570
P28,6	5571	5576
P161,4	5577	5582
P70,5	5583	5585
P158,4	5586	5589
P32,1	5590	5605
P67,5	5606	5609
P164,4	5610	5610
P160,4	5611	5612
P74,5	5613	5613
P168,1	5614	5629
P71,5	5630	5633
P163,4	5634	5639
P72,5	5640	5645
P165,4	5646	5646
P166,4	5647	5649
P171,4	5650	5652
P167,4	5653	5653
P2,8	5654	5654
P175,1	5655	5670
P169,4	5671	5676
P75,5	5677	5681
P172,4	5682	5687
P170,4	5688	5688
P77,5	5689	5689
P173,4	5690	5691
P174,4	5692	5696
P180,1	5697	5712
P76,5	5713	5716
P10,7	5717	5717
P11,7	5718	5722
P177,4	5723	5726
P81,1	5727	5742
P176,4	5743	5743
P179,4	5744	5748
P29,6	5749	5754
P178,4	5755	5756
P78,5	5757	5762
P15,2	5763	5778
P30,6	5779	5779
P80,5	5780	5783
P181,1	5784	5799
P31,6	5800	5800
P79,5	5801	5803
P182,1	5804	5819
P82,5	5820	5820
P14,7	5821	5826
P183,1	5827	5842
P87,5	5843	5847
P84,5	5848	5851
P92,1	5852	5867
P86,5	5868	5868
P85,5	5869	5871
P34,6	5872	5877
P36,6	5878	5883
P184,1	5884	5898
P88,5	5899	5899
P91,5	5900	5904
P38,1	5905	5920
P89,5	5921	5925
P90,5	5926	5930
P13,7	5931	5933
P3,2	5934	5949
P93,5	5950	5953
P95,5	5954	5959
P35,6	5960	5963
P185,1	5964	5979
P94,5	5980	5980
P96,5	5981	5985
P7,8	5986	5988
P97,5	5989	5991
P16,7	5992	5997
P43,1	5998	6013
P39,6	6014	6018
P37,6	6019	6019
P98,5	6020	6023
P18,7	6024	6025
P186,1	6026	6041
P17,7	6042	6042
P40,6	6043	6046
P103,1	6047	6062
P41,6	6063	6067
P100,5	6068	6072
P20,7	6073	6076
P187,1	6077	6092
P99,5	6093	6095
P101,5	6096	6100
P105,1	6101	6116
P188,1	6117	6132
P189,1	6133	6148
P102,5	6149	6152
P104,5	6153	6153
P24,1	6154	6169
P108,5	6170	6172
P19,7	6173	6175
P106,5	6176	6177
P47,6	6178	6181
P107,5	6182	6183
P190,1	6184	6199
P111,5	6200	6205
P109,5	6206	6209
P115,1	6210	6225
P51,2	6226	6241
P45,6	6242	6243
P46,6	6244	6247
P44,6	6248	6249
P112,5	6250	6252
P113,5	6253	6256
P110,5	6257	6258
P116,5	6259	6260
P191,1	6261	6276
P6,8	6277	6278
P114,5	6279	6279
P117,5	6280	6280
P192,1	6281	6296
P118,5	6297	6298
P48,6	6299	6302
P52,1	6303	6318
P193,1	6319	6334
P49,6	6335	6335
P125,1	6336	6351
P119,5	6352	6353
P50,6	6354	6354
P120,5	6355	6356
P194,1	6357	6372
P121,5	6373	6377
P27,1	6378	6382
P122,5	6383	6387
P53,6	6388	6393
P195,1	6394	6409
P22,7	6410	6412
P123,5	6413	6417
P124,5	6418	6419
P54,6	6420	6424
P127,5	6425	6426
P126,5	6427	6430
P137,1	6431	6446
P131,5	6447	6447
P23,7	6448	6451
P128,5	6452	6456
P129,5	6457	6459
P196,1	6460	6475
P133,5	6476	6478
P9,8	6479	6480
P132,5	6481	6485
P136,5	6486	6490
P197,1	6491	6506
P135,5	6507	6508
P130,5	6509	6512
P56,6	6513	6515
P134,5	6516	6520
P57,6	6521	6525
P26,7	6526	6528
P1,2	6529	6544
P55,6	6545	6546
P198,1	6547	6562
P140,5	6563	6563
P139,5	6564	6569
P58,6	6570	6570
P143,1	6571	6579
P138,5	6580	6580
P199,1	6581	6596
P60,6	6597	6597
P141,5	6598	6598
P200,1	6599	6614
P146,1	6615	6630
P8,8	6631	6632
P142,5	6633	6635
P59,6	6636	6640
P63,1	6641	6645
P144,5	6646	6648
P145,5	6649	6650
P152,1	6651	6666
P147,5	6667	6669
P155,1	6670	6685
P148,5	6686	6691
P61,6	6692	6693
P69,1	6694	6709
P149,5	6710	6711
P150,5	6712	6712
P65,6	6713	6715
P153,5	6716	6721
P156,5	6722	6723
P151,5	6724	6729
P73,1	6730	6745
P154,5	6746	6747
P62,6	6748	6748
P12,8	6749	6751
P162,1	6752	6767
P68,6	6768	6770
P64,6	6771	6773
P159,5	6774	6779
P66,6	6780	6780
P28,7	6781	6786
P161,5	6787	6790
P70,6	6791	6795
P157,5	6796	6797
P32,1	6798	6801
P158,5	6802	6806
P160,5	6807	6812
P168,1	6813	6827
P164,5	6828	6828
P71,6	6829	6830
P175,1	6831	6844
P2,9	6845	6846
P163,5	6847	6851
P166,5	6852	6854
P165,5	6855	6859
P171,5	6860	6864
P167,5	6865	6866
P169,5	6867	6871
P75,6	6872	6872
P174,5	6873	6873
P180,1	6874	6889
P170,5	6890	6893
P172,5	6894	6894
P77,6	6895	6896
P173,5	6897	6902
P10,8	6903	6905
P11,8	6906	6908
P81,1	6909	6924
P76,6	6925	6929
P177,5	6930	6932
P176,5	6933	6937
P29,7	6938	6942
P15,2	6943	6958
P179,5	6959	6960
P178,5	6961	6963
P78,6	6964	6964
P30,7	6965	6969
P181,1	6970	6985
P31,7	6986	6991
P182,1	6992	7007
P82,6	7008	7011
P79,6	7012	7016
P183,1	7017	7032
P14,8	7033	7037
P92,1	7038	7052
P84,6	7053	7054
P87,6	7055	7055
P34,7	7056	7056
P184,2	7057	7072
P86,6	7073	7073
P85,6	7074	7078
P38,1	7079	7094
P91,6	7095	7098
P3,2	7099	7114
P89,6	7115	7115
P90,6	7116	7118
P93,6	7119	7124
P185,1	7125	7140
P95,6	7141	7142
P35,7	7143	7146
P7,9	7147	7148
P43,1	7149	7164
P94,6	7165	7165
P16,8	7166	7171
P96,6	7172	7175
P97,6	7176	7179
P186,1	7180	7195
P18,8	7196	7197
P37,7	7198	7202
P98,6	7203	7204
P39,7	7205	7209
P103,1	7210	7225
P17,8	7226	7231
P40,7	7232	7237
P187,1	7238	7240
P41,7	7241	7245
P100,6	7246	7247
P20,8	7248	7248
P105,1	7249	7264
P101,6	7265	7268
P188,1	7269	7284
P189,1	7285	7300
P24,1	7301	7316
P104,6	7317	7322
P102,6	7323	7327
P19,8	7328	7329
P190,1	7330	7345
P47,7	7346	7350
P108,6	7351	7355
P107,6	7356	7360
P115,1	7361	7376
P109,6	7377	7379
P51,2	7380	7395
P111,6	7396	7398
P46,7	7399	7404
P45,7	7405	7405
P191,1	7406	7421
P112,6	7422	7427
P44,7	7428	7431
P110,6	7432	7437
P116,6	7438	7439
P192,1	7440	7455
P6,9	7456	7461
P114,6	7462	7462
P117,6	7463	7463
P118,6	7464	7469
P52,1	7470	7485
P48,7	7486	7491
P193,1	7492	7507
P125,1	7508	7523
P49,7	7524	7529
P194,1	7530	7545
P119,6	7546	7546
P120,6	7547	7550
P121,6	7551	7551
P195,1	7552	7567
P53,7	7568	7572
P54,7	7573	7575
P22,8	7576	7577
P137,1	7578	7593
P123,6	7594	7599
P124,6	7600	7601
P127,6	7602	7603
P23,8	7604	7604
P126,6	7605	7609
P196,1	7610	7625
P131,6	7626	7631
P129,6	7632	7633
P132,6	7634	7639
P133,6	7640	7642
P197,1	7643	7654
P9,9	7655	7660
P135,6	7661	7661
P1,2	7662	7677
P56,7	7678	7678
P134,6	7679	7681
P130,6	7682	7683
P57,7	7684	7689
P198,1	7690	7705
P26,8	7706	7710
P143,2	7711	7726
P55,7	7727	7728
P139,6	7729	7731
P58,7	7732	7737
P199,1	7738	7753
P140,6	7754	7758
P138,6	7759	7761
P200,1	7762	7777
P141,6	7778	7782
P60,7	7783	7783
P146,1	7784	7799
P142,6	7800	7801
P59,7	7802	7802
P8,9	7803	7807
P152,1	7808	7823
P145,6	7824	7827
P144,6	7828	7832
P155,1	7833	7848
P147,6	7849	7853
P61,7	7854	7856
P69,1	7857	7872
P148,6	7873	7874
P149,6	7875	7879
P73,1	7880	7895
P65,7	7896	7900
P150,6	7901	7906
P156,6	7907	7908
P151,6	7909	7913
P153,6	7914	7914
P62,7	7915	7918
P162,1	7919	7934
P12,9	7935	7940
P68,7	7941	7942
P64,7	7943	7944
P28,8	7945	7949
P66,7	7950	7952
P159,6	7953	7954
P70,7	7955	7958
P160,6	7959	7964
P158,6	7965	7969
P175,2	7970	7985
P71,7	7986	7987
P164,6	7988	7993
P163,6	7994	7999
P166,6	8000	8003
P167,6	8004	8006
P165,6	8007	8009
P2,10	8010	8012
P75,7	8013	8017
P180,1	8018	8033
P171,6	8034	8036
P174,6	8037	8039
P77,7	8040	8041
P81,1	8042	8057
P172,6	8058	8059
P10,9	8060	8060
P170,6	8061	8064
P173,6	8065	8065
P29,8	8066	8069
P15,2	8070	8076
P76,7	8077	8078
P176,6	8079	8080
P177,6	8081	8084
P179,6	8085	8090
P178,6	8091	8096
P181,1	8097	8112
P30,8	8113	8113
P78,7	8114	8118
P182,1	8119	8134
P82,7	8135	8136
P183,1	8137	8152
P79,7	8153	8156
P14,9	8157	8161
P92,2	8162	8177
P184,2	8178	8193
P34,8	8194	8195
P84,7	8196	8197
P87,7	8198	8203
P38,1	8204	8211
P85,7	8212	8213
P86,7	8214	8217
P3,2	8218	8233
P89,7	8234	8238
P91,7	8239	8241
P185,2	8242	8257
P90,7	8258	8259
P93,7	8260	8264
P35,8	8265	8268
P7,10	8269	8271
P95,7	8272	8273
P43,2	8274	8289
P186,1	8290	8305
P94,7	8306	8308
P16,9	8309	8310
P96,7	8311	8311
P97,7	8312	8315
P98,7	8316	8321
P18,9	8322	8322
P103,1	8323	8338
P37,8	8339	8342
P39,8	8343	8346
P187,2	8347	8362
P17,9	8363	8366
P41,8	8367	8368
P105,1	8369	8369
P100,7	8370	8371
P40,8	8372	8373
P188,1	8374	8389
P20,9	8390	8390
P101,7	8391	8392
P189,1	8393	8408
P24,1	8409	8424
P190,1	8425	8440
P102,7	8441	8445
P104,7	8446	8446
P19,9	8447	8451
P47,8	8452	8453
P115,1	8454	8469
P108,7	8470	8471
P51,2	8472	8487
P107,7	8488	8493
P191,1	8494	8509
P111,7	8510	8510
P45,8	8511	8512
P46,8	8513	8517
P112,7	8518	8520
P192,1	8521	8536
P110,7	8537	8541
P116,7	8542	8542
P6,10	8543	8544
P114,7	8545	8550
P117,7	8551	8555
P52,1	8556	8571
P118,7	8572	8575
P193,1	8576	8591
P125,1	8592	8607
P48,8	8608	8608
P194,1	8609	8624
P49,8	8625	8627
P195,1	8628	8643
P120,7	8644	8647
P119,7	8648	8648
P121,7	8649	8649
P53,8	8650	8650
P137,1	8651	8666
P22,9	8667	8667
P54,8	8668	8670
P124,7	8671	8675
P23,9	8676	8677
P126,7	8678	8682
P196,1	8683	8698
P123,7	8699	8700
P127,7	8701	8703
P131,7	8704	8704
P129,7	8705	8709
P197,2	8710	8725
P132,7	8726	8731
P133,7	8732	8733
P1,2	8734	8749
P9,10	8750	8752
P135,7	8753	8755
P198,1	8756	8757
P56,8	8758	8759
P130,7	8760	8761
P134,7	8762	8765
P57,8	8766	8766
P143,2	8767	8782
P26,9	8783	8783
P55,8	8784	8787
P199,1	8788	8803
P139,7	8804	8807
P58,8	8808	8812
P200,1	8813	8828
P140,7	8829	8829
P138,7	8830	8831
P146,1	8832	8847
P60,8	8848	8851
P141,7	8852	8852
P152,1	8853	8868
P142,7	8869	8869
P8,10	8870	8875
P59,8	8876	8877
P155,1	8878	8893
P145,7	8894	8899
P69,1	8900	8915
P147,7	8916	8921
P61,8	8922	8926
P73,1	8927	8942
P149,7	8943	8944
P65,8	8945	8945
P162,1	8946	8949
P156,7	8950	8950
P150,7	8951	8954
P153,7	8955	8957
P62,8	8958	8961
P64,8	8962	8966
P12,10	8967	8968
P68,8	8969	8973
P159,7	8974	8979
P175,2	8980	8995
P28,9	8996	8999
P66,8	9000	9004
P160,7	9005	9008
P158,7	9009	9012
P71,8	9013	9016
P166,7	9017	9020
P163,7	9021	9023
P165,7	9024	9027
P164,7	9028	9029
P180,1	9030	9045
P2,11	9046	9051
P167,7	9052	9054
P75,8	9055	9060
P171,7	9061	9065
P174,7	9066	9067
P77,8	9068	9068
P173,7	9069	9072
P172,7	9073	9078
P170,7	9079	9081
P10,10	9082	9085
P76,8	9086	9090
P181,1	9091	9106
P179,7	9107	9112
P176,7	9113	9115
P178,7	9116	9118
P30,9	9119	9122
P182,1	9123	9138
P78,8	9139	9142
P183,1	9143	9158
P82,8	9159	9161
P92,2	9162	9177
P79,8	9178	9178
P184,2	9179	9194
P14,10	9195	9198
P34,9	9199	9204
P84,8	9205	9205
P87,8	9206	9206
P3,2	9207	9222
P86,8	9223	9227
P85,8	9228	9229
P89,8	9230	9234
P185,2	9235	9250
P91,8	9251	9255
P90,8	9256	9260
P35,9	9261	9262
P43,2	9263	9278
P7,11	9279	9280
P93,8	9281	9281
P95,8	9282	9282
P186,1	9283	9298
P16,10	9299	9301
P103,1	9302	9317
P94,8	9318	9323
P96,8	9324	9326
P97,8	9327	9328
P98,8	9329	9331
P18,10	9332	9332
P187,2	9333	9348
P39,9	9349	9354
P37,9	9355	9357
P40,9	9358	9363
P188,1	9364	9379
P41,9	9380	9382
P20,10	9383	9386
P189,1	9387	9402
P101,8	9403	9403
P24,1	9404	9419
P190,1	9420	9435
P104,8	9436	9437
P115,1	9438	9453
P19,10	9454	9456
P102,8	9457	9457
P47,9	9458	9459
P51,2	9460	9475
P108,8	9476	9480
P191,1	9481	9496
P107,8	9497	9499
P111,8	9500	9501
P112,8	9502	9503
P45,9	9504	9506
P46,9	9507	9507
P6,11	9508	9512
P110,8	9513	9513
P114,8	9514	9514
P52,1	9515	9518
P116,8	9519	9522
P117,8	9523	9523
P193,1	9524	9539
P125,1	9540	9555
P118,8	9556	9557
P194,1	9558	9563
P48,9	9564	9568
P195,1	9569	9584
P49,9	9585	9585
P120,8	9586	9587
P137,1	9588	9603
P119,8	9604	9609
P53,9	9610	9613
P54,9	9614	9614
P196,1	9615	9630
P22,10	9631	9632
P126,8	9633	9638
P124,8	9639	9642
P131,8	9643	9643
P123,8	9644	9648
P197,2	9649	9664
P127,8	9665	9665
P129,8	9666	9666
P132,8	9667	9667
P1,2	9668	9683
P198,2	9684	9699
P133,8	9700	9701
P9,11	9702	9703
P143,2	9704	9719
P135,8	9720	9722
P130,8	9723	9725
P56,9	9726	9728
P57,9	9729	9734
P134,8	9735	9738
P199,1	9739	9754
P55,9	9755	9758
P58,9	9759	9760
P200,1	9761	9776
P139,8	9777	9780
P146,1	9781	9796
P140,8	9797	9799
P152,1	9800	9815
P138,8	9816	9816
P141,8	9817	9817
P60,9	9818	9821
P142,8	9822	9824
P155,1	9825	9840
P8,11	9841	9841
P59,9	9842	9842
P69,1	9843	9858
P145,8	9859	9860
P73,1	9861	9876
P61,9	9877	9877
P147,8	9878	9880
P162,2	9881	9896
P153,8	9897	9902
P65,9	9903	9908
P156,8	9909	9911
P149,8	9912	9917
P150,8	9918	9920
P12,11	9921	9922
P68,9	9923	9926
P175,2	9927	9942
P62,9	9943	9946
P159,8	9947	9949
P64,9	9950	9954
P158,8	9955	9955
P28,10	9956	9958
P160,8	9959	9961
P66,9	9962	9965
P71,9	9966	9968
P165,8	9969	9970
P180,1	9971	9986
P164,8	9987	9992
P166,8	9993	9995
P163,8	9996	9996
P167,8	9997	9997
P2,12	9998	9999
P171,8	10000	10003
P77,9	10004	10006
P75,9	10007	10012
P170,8	10013	10015
P10,11	10016	10016
P172,8	10017	10021
P76,9	10022	10024
P181,1	10025	10040
P176,8	10041	10042
P182,1	10043	10058
P179,8	10059	10062
P30,10	10063	10065
P178,8	10066	10067
P183,1	10068	10083
P78,9	10084	10085
P92,2	10086	10101
P184,2	10102	10117
P34,10	10118	10121
P3,2	10122	10137
P14,11	10138	10139
P84,9	10140	10143
P185,2	10144	10159
P86,9	10160	10160
P89,9	10161	10162
P85,9	10163	10168
P43,2	10169	10184
P90,9	10185	10189
P91,9	10190	10190
P35,10	10191	10193
P186,1	10194	10209
P93,9	10210	10213
P95,9	10214	10214
P103,1	10215	10230
P94,9	10231	10234
P18,11	10235	10237
P187,2	10238	10253
P96,9	10254	10254
P97,9	10255	10258
P98,9	10259	10259
P39,10	10260	10260
P188,1	10261	10276
P40,10	10277	10282
P37,10	10283	10288
P189,1	10289	10304
P20,11	10305	10305
P24,1	10306	10309
P41,10	10310	10315
P190,1	10316	10331
P115,1	10332	10347
P51,2	10348	10363
P102,9	10364	10365
P47,10	10366	10366
P191,1	10367	10382
P108,9	10383	10385
P52,2	10386	10401
P6,12	10402	10406
P110,9	10407	10409
P112,9	10410	10412
P45,10	10413	10413
P107,9	10414	10418
P116,9	10419	10422
P193,1	10423	10438
P111,9	10439	10439
P46,10	10440	10443
P117,9	10444	10447
P125,1	10448	10463
P195,1	10464	10479
P118,9	10480	10484
P137,1	10485	10500
P49,10	10501	10503
P120,9	10504	10506
P53,10	10507	10507
P196,1	10508	10515
P54,10	10516	10516
P124,9	10517	10520
P197,2	10521	10536
P131,9	10537	10538
P126,9	10539	10539
P1,2	10540	10544
P127,9	10545	10545
P198,2	10546	10561
P132,9	10562	10567
P129,9	10568	10573
P133,9	10574	10575
P143,2	10576	10591
P135,9	10592	10594
P130,9	10595	10596
P199,1	10597	10612
P56,10	10613	10613
P134,9	10614	10619
P57,10	10620	10625
P200,1	10626	10641
P58,10	10642	10646
P146,1	10647	10662
P55,10	10663	10668
P139,9	10669	10674
P152,1	10675	10690
P140,9	10691	10691
P155,1	10692	10707
P141,9	10708	10708
P138,9	10709	10713
P69,1	10714	10727
P142,9	10728	10733
P59,10	10734	10737
P8,12	10738	10740
P73,1	10741	10756
P145,9	10757	10760
P61,10	10761	10762
P162,2	10763	10778
P147,9	10779	10780
P65,10	10781	10781
P12,12	10782	10784
P175,2	10785	10800
P156,9	10801	10803
P150,9	10804	10805
P68,10	10806	10810
P160,9	10811	10816
P64,10	10817	10822
P180,1	10823	10837
P159,9	10838	10842
P158,9	10843	10848
P71,10	10849	10854
P66,10	10855	10857
P28,11	10858	10862
P165,9	10863	10866
P2,13	10867	10872
P166,9	10873	10877
P167,9	10878	10883
P164,9	10884	10888
P171,9	10889	10892
P77,10	10893	10893
P163,9	10894	10894
P181,1	10895	10910
P172,9	10911	10916
P76,10	10917	10919
P182,1	10920	10935
P176,9	10936	10939
P179,9	10940	10943
P183,1	10944	10959
P178,9	10960	10965
P30,11	10966	10969
P92,2	10970	10985
P78,10	10986	10988
P184,2	10989	11004
P3,2	11005	11010
P34,11	11011	11011
P185,2	11012	11027
P14,12	11028	11033
P86,10	11034	11038
P89,10	11039	11039
P84,10	11040	11041
P43,2	11042	11057
P85,10	11058	11063
P90,10	11064	11064
P186,1	11065	11080
P35,11	11081	11083
P91,10	11084	11089
P103,1	11090	11105
P93,10	11106	11108
P187,2	11109	11124
P94,10	11125	11126
P18,12	11127	11129
P188,1	11130	11145
P97,10	11146	11147
P96,10	11148	11149
P98,10	11150	11151
P39,11	11152	11157
P189,1	11158	11173
P40,11	11174	11176
P24,2	11177	11192
P37,11	11193	11193
P20,12	11194	11194
P190,1	11195	11202
P115,1	11203	11209
P41,11	11210	11210
P51,2	11211	11226
P191,1	11227	11242
P47,11	11243	11244
P102,10	11245	11248
P52,2	11249	11264
P108,10	11265	11266
P6,13	11267	11272
P107,10	11273	11274
P112,10	11275	11277
P193,1	11278	11293
P45,11	11294	11298
P110,10	11299	11304
P125,1	11305	11320
P111,10	11321	11324
P117,10	11325	11330
P195,1	11331	11335
P137,1	11336	11351
P118,10	11352	11355
P120,10	11356	11356
P49,11	11357	11360
P53,11	11361	11366
P197,2	11367	11382
P124,10	11383	11384
P54,11	11385	11386
P126,10	11387	11388
P198,2	11389	11404
P127,10	11405	11406
P131,10	11407	11412
P132,10	11413	11416
P143,2	11417	11432
P129,10	11433	11436
P133,10	11437	11441
P199,1	11442	11457
P135,10	11458	11458
P200,1	11459	11474
P146,1	11475	11490
P57,11	11491	11495
P58,11	11496	11499
P152,1	11500	11515
P55,11	11516	11516
P140,10	11517	11517
P155,1	11518	11533
P139,10	11534	11535
P141,10	11536	11539
P69,2	11540	11555
P138,10	11556	11556
P142,10	11557	11560
P73,1	11561	11576
P8,13	11577	11580
P59,11	11581	11582
P162,2	11583	11598
P61,11	11599	11604
P145,10	11605	11608
P12,13	11609	11610
P147,10	11611	11615
P175,2	11616	11631
P156,10	11632	11635
P160,10	11636	11636
P180,2	11637	11652
P150,10	11653	11658
P68,11	11659	11660
P64,11	11661	11666
P159,10	11667	11670
P158,10	11671	11675
P71,11	11676	11681
P165,10	11682	11682
P166,10	11683	11688
P2,14	11689	11691
P181,1	11692	11707
P167,10	11708	11712
P77,11	11713	11718
P171,10	11719	11719
P172,10	11720	11720
P163,10	11721	11726
P182,1	11727	11737
P76,11	11738	11743
P183,1	11744	11759
P176,10	11760	11760
P179,10	11761	11761
P30,12	11762	11762
P92,2	11763	11778
P178,10	11779	11780
P184,2	11781	11792
P78,11	11793	11796
P185,2	11797	11812
P34,12	11813	11816
P43,2	11817	11832
P89,11	11833	11834
P86,11	11835	11840
P14,13	11841	11844
P84,11	11845	11846
P85,11	11847	11852
P186,1	11853	11860
P103,1	11861	11876
P35,12	11877	11879
P187,2	11880	11895
P91,11	11896	11898
P188,1	11899	11902
P93,11	11903	11907
P18,13	11908	11912
P94,11	11913	11916
P189,1	11917	11922
P97,11	11923	11927
P98,11	11928	11932
P39,12	11933	11938
P96,11	11939	11943
P40,12	11944	11947
P24,2	11948	11963
P190,2	11964	11979
P20,13	11980	11982
P37,12	11983	11986
P51,2	11987	12002
P191,1	12003	12018
P52,2	12019	12034
P102,11	12035	12038
P193,1	12039	12054
P107,11	12055	12056
P108,11	12057	12061
P6,14	12062	12065
P112,11	12066	12070
P45,12	12071	12076
P125,1	12077	12082
P137,1	12083	12098
P111,11	12099	12101
P120,11	12102	12107
P197,2	12108	12120
P49,12	12121	12124
P118,11	12125	12125
P53,12	12126	12131
P198,2	12132	12147
P54,12	12148	12153
P124,11	12154	12155
P126,11	12156	12160
P127,11	12161	12164
P131,11	12165	12170
P143,2	12171	12186
P132,11	12187	12190
P199,1	12191	12206
P133,11	12207	12212
P129,11	12213	12214
P200,1	12215	12230
P135,11	12231	12236
P146,1	12237	12252
P58,12	12253	12254
P152,1	12255	12270
P57,12	12271	12272
P55,12	12273	12275
P155,1	12276	12291
P69,2	12292	12307
P140,11	12308	12311
P142,11	12312	12317
P73,1	12318	12319
P162,2	12320	12335
P8,14	12336	12340
P59,12	12341	12346
P61,12	12347	12351
P175,2	12352	12367
P147,11	12368	12368
P12,14	12369	12369
P145,11	12370	12375
P180,2	12376	12391
P160,11	12392	12394
P156,11	12395	12398
P150,11	12399	12399
P68,12	12400	12403
P159,11	12404	12408
P158,11	12409	12414
P181,1	12415	12430
P2,15	12431	12434
P165,11	12435	12438
P71,12	12439	12444
P77,12	12445	12446
P182,2	12447	12462
P163,11	12463	12463
P172,11	12464	12469
P171,11	12470	12470
P183,1	12471	12486
P92,2	12487	12502
P76,12	12503	12506
P176,11	12507	12509
P179,11	12510	12515
P178,11	12516	12519
P185,2	12520	12535
P78,12	12536	12536
P43,2	12537	12552
P89,12	12553	12553
P86,12	12554	12557
P84,12	12558	12563
P85,12	12564	12565
P103,1	12566	12579
P14,14	12580	12582
P187,2	12583	12598
P35,13	12599	12604
P91,12	12605	12609
P18,14	12610	12613
P94,12	12614	12616
P97,12	12617	12617
P24,2	12618	12633
P98,12	12634	12638
P96,12	12639	12640
P190,2	12641	12656
P40,13	12657	12662
P51,2	12663	12678
P37,13	12679	12679
P191,1	12680	12695
P20,14	12696	12697
P52,2	12698	12713
P193,1	12714	12729
P102,12	12730	12735
P108,12	12736	12738
P125,2	12739	12754
P107,12	12755	12756
P45,13	12757	12757
P137,1	12758	12773
P112,12	12774	12778
P111,12	12779	12784
P198,2	12785	12800
P49,13	12801	12803
P118,12	12804	12807
P53,13	12808	12808
P124,12	12809	12813
P126,12	12814	12817
P143,2	12818	12833
P131,12	12834	12835
P54,13	12836	12839
P127,12	12840	12841
P199,1	12842	12857
P132,12	12858	12860
P200,1	12861	12876
P129,12	12877	12877
P133,12	12878	12881
P146,1	12882	12886
P135,12	12887	12892
P152,1	12893	12907
P58,13	12908	12910
P155,1	12911	12926
P55,13	12927	12929
P69,2	12930	12945
P162,2	12946	12961
P140,12	12962	12962
P59,13	12963	12964
P175,2	12965	12980
P8,15	12981	12984
P61,13	12985	12990
P147,12	12991	12994
P180,2	12995	13010
P145,12	13011	13016
P160,12	13017	13020
P181,1	13021	13028
P68,13	13029	13032
P158,12	13033	13033
P71,13	13034	13038
P182,2	13039	13054
P77,13	13055	13055
P163,12	13056	13058
P183,1	13059	13074
P172,12	13075	13077
P92,2	13078	13093
P176,12	13094	13099
P185,2	13100	13115
P76,13	13116	13119
P43,2	13120	13135
P179,12	13136	13140
P86,13	13141	13142
P103,2	13143	13158
P85,13	13159	13160
P89,13	13161	13164
P187,2	13165	13180
P84,13	13181	13185
P35,14	13186	13186
P24,2	13187	13202
P91,13	13203	13204
P94,13	13205	13205
P190,2	13206	13221
P98,13	13222	13225
P96,13	13226	13227
P51,2	13228	13243
P191,1	13244	13259
P52,2	13260	13275
P193,1	13276	13279
P125,2	13280	13295
P108,13	13296	13300
P102,13	13301	13301
P45,14	13302	13302
P137,1	13303	13306
P107,13	13307	13307
P198,2	13308	13323
P112,13	13324	13327
P111,13	13328	13333
P143,2	13334	13349
P53,14	13350	13350
P49,14	13351	13354
P118,13	13355	13355
P199,1	13356	13369
P200,1	13370	13378
P129,13	13379	13382
P152,2	13383	13398
P133,13	13399	13400
P155,1	13401	13401
P58,14	13402	13407
P69,2	13408	13423
P162,2	13424	13428
P175,2	13429	13444
P140,13	13445	13449
P180,2	13450	13465
P147,13	13466	13466
P145,13	13467	13472
P160,13	13473	13478
P158,13	13479	13480
P182,2	13481	13496
P77,14	13497	13501
P71,14	13502	13502
P163,13	13503	13508
P92,2	13509	13524
P172,13	13525	13525
P185,2	13526	13541
P43,2	13542	13557
P176,13	13558	13563
P76,14	13564	13565
P103,2	13566	13581
P86,14	13582	13585
P179,13	13586	13586
P187,2	13587	13602
P89,14	13603	13608
P24,2	13609	13624
P35,15	13625	13625
P190,2	13626	13641
P51,2	13642	13657
P98,14	13658	13661
P191,2	13662	13677
P96,14	13678	13683
P52,2	13684	13699
P193,2	13700	13715
P125,2	13716	13731
P137,2	13732	13747
P198,2	13748	13763
P102,14	13764	13767
P107,14	13768	13769
P143,2	13770	13785
P199,2	13786	13801
P53,15	13802	13803
P118,14	13804	13808
P200,2	13809	13824
P152,2	13825	13840
P155,2	13841	13856
P69,2	13857	13872
P175,2	13873	13888
P180,2	13889	13904
P140,14	13905	13910
P182,2	13911	13926
P147,14	13927	13930
P158,14	13931	13934
P160,14	13935	13937
P71,15	13938	13940
P92,2	13941	13956
P163,14	13957	13957
P185,2	13958	13967
P43,2	13968	13983
P103,2	13984	13999
P176,14	14000	14004
P179,14	14005	14010
P187,2	14011	14014
P86,15	14015	14017
P24,2	14018	14033
P190,2	14034	14034
P51,2	14035	14050
P191,2	14051	14066
P98,15	14067	14070
P52,2	14071	14071
P193,2	14072	14087
P96,15	14088	14092
P125,2	14093	14108
P137,2	14109	14124
P198,2	14125	14140
P143,2	14141	14156
P107,15	14157	14158
P199,2	14159	14174
P102,15	14175	14180
P200,2	14181	14196
P152,2	14197	14212
P155,2	14213	14228
P69,2	14229	14244
P175,2	14245	14260
P180,2	14261	14276
P182,2	14277	14292
P92,2	14293	14308
P163,15	14309	14312
P43,2	14313	14328
P103,2	14329	14344
P176,15	14345	14347
P24,2	14348	14363
P179,15	14364	14366
P191,2	14367	14382
P193,2	14383	14398
P125,2	14399	14414
P137,2	14415	14430
P198,2	14431	14446
P143,2	14447	14462
P199,2	14463	14478
P200,2	14479	14494
P152,2	14495	14510
P155,2	14511	14526
P69,2	14527	14542
P175,2	14543	14553
P180,2	14554	14569
P182,2	14570	14585
P92,2	14586	14600
P43,2	14601	14613
P103,2	14614	14629
P24,2	14630	14645
P191,2	14646	14661
P193,2	14662	14677
P125,2	14678	14693
P137,2	14694	14709
P198,2	14710	14725
P143,2	14726	14741
P199,2	14742	14757
P200,2	14758	14773
P152,2	14774	14776
P155,2	14777	14792
P69,2	14793	14808
P180,2	14809	14824
P182,2	14825	14840
P103,2	14841	14856
P24,2	14857	14872
P191,2	14873	14888
P193,2	14889	14889
P125,2	14890	14905
P137,2	14906	14921
P198,2	14922	14935
P199,2	14936	14951
P200,2	14952	14967
P155,2	14968	14983
P69,2	14984	14999
P180,2	15000	15011
P182,2	15012	15017
P103,2	15018	15033
P24,2	15034	15049
P191,2	15050	15065
P125,2	15066	15081
P137,2	15082	15097
P199,2	15098	15113
P200,2	15114	15129
P155,2	15130	15145
P69,2	15146	15154
P103,2	15155	15157
P191,2	15158	15173
P125,2	15174	15188
P137,2	15189	15196
P199,2	15197	15212
P200,2	15213	15228
P155,2	15229	15244
P191,2	15245	15260
P199,2	15261	15276
P200,2	15277	15277
P155,2	15278	15293
P191,2	15294	15297
P199,2	15298	15313
P155,2	15314	15329
P199,2	15330	15345
P155,2	15346	15385
