CPU0
P1,1	2	33
P2,1	34	34
P3,1	35	66
P4,1	67	67
P5,1	68	71
P6,1	72	73
P7,1	74	76
P8,1	77	80
P9,1	81	86
P1,1	87	118
P10,1	119	120
P11,1	121	125
P12,1	126	128
P2,2	129	130
P13,1	131	134
P14,1	135	137
P15,1	138	169
P16,1	170	175
P3,1	176	207
P17,1	208	209
P18,1	210	212
P19,1	213	216
P20,1	217	221
P21,1	222	226
P22,1	227	229
P5,2	230	233
P7,2	234	234
P4,2	235	239
P23,1	240	243
P24,1	244	275
P25,1	276	279
P6,2	280	280
P9,2	281	283
P26,1	284	284
P27,1	285	316
P8,2	317	317
P1,1	318	349
P28,1	350	355
P29,1	356	359
P30,1	360	360
P31,1	361	363
P32,1	364	395
P12,2	396	398
P33,1	399	430
P34,1	431	432
P2,3	433	433
P10,2	434	436
P14,2	437	441
P35,1	442	446
P11,2	447	449
P36,1	450	453
P15,1	454	483
P37,1	484	487
P13,2	488	488
P38,1	489	520
P39,1	521	526
P40,1	527	528
P41,1	529	532
P42,1	533	536
P16,2	537	540
P43,1	541	572
P44,1	573	573
P45,1	574	579
P46,1	580	580
P47,1	581	585
P3,1	586	617
P48,1	618	623
P49,1	624	629
P50,1	630	635
P51,1	636	667
P52,1	668	699
P53,1	700	703
P54,1	704	708
P17,2	709	710
P18,2	711	712
P55,1	713	718
P20,2	719	721
P56,1	722	722
P57,1	723	725
P58,1	726	728
P59,1	729	731
P60,1	732	736
P21,2	737	738
P7,3	739	739
P61,1	740	740
P19,2	741	741
P5,3	742	747
P62,1	748	752
P63,1	753	784
P64,1	785	789
P22,2	790	794
P4,3	795	797
P65,1	798	800
P66,1	801	805
P24,1	806	837
P67,1	838	838
P68,1	839	842
P69,1	843	874
P70,1	875	877
P23,2	878	883
P71,1	884	888
P72,1	889	893
P73,1	894	925
P74,1	926	928
P6,3	929	933
P75,1	934	934
P76,1	935	937
P77,1	938	938
P25,2	939	941
P26,2	942	945
P78,1	946	948
P27,1	949	980
P79,1	981	981
P80,1	982	986
P9,3	987	991
P81,1	992	1023
P82,1	1024	1026
P83,1	1027	1058
P84,1	1059	1061
P85,1	1062	1065
P86,1	1066	1070
P1,1	1071	1102
P8,3	1103	1106
P87,1	1107	1107
P88,1	1108	1108
P89,1	1109	1111
P90,1	1112	1114
P28,2	1115	1117
P91,1	1118	1123
P92,1	1124	1155
P93,1	1156	1157
P94,1	1158	1160
P95,1	1161	1162
P29,2	1163	1168
P96,1	1169	1174
P32,1	1175	1206
P30,2	1207	1212
P31,2	1213	1214
P97,1	1215	1216
P98,1	1217	1219
P99,1	1220	1225
P100,1	1226	1230
P101,1	1231	1231
P102,1	1232	1237
P12,3	1238	1242
P33,1	1243	1274
P103,1	1275	1306
P104,1	1307	1312
P105,1	1313	1344
P106,1	1345	1348
P107,1	1349	1353
P14,3	1354	1357
P34,2	1358	1361
P108,1	1362	1366
P109,1	1367	1369
P10,3	1370	1375
P2,4	1376	1380
P110,1	1381	1381
P36,2	1382	1382
P35,2	1383	1388
P111,1	1389	1390
P112,1	1391	1391
P11,3	1392	1397
P113,1	1398	1398
P114,1	1399	1404
P15,2	1405	1436
P115,1	1437	1468
P116,1	1469	1474
P117,1	1475	1477
P118,1	1478	1481
P119,1	1482	1485
P120,1	1486	1488
P38,1	1489	1520
P121,1	1521	1522
P37,2	1523	1527
P13,3	1528	1530
P122,1	1531	1536
P123,1	1537	1541
P39,2	1542	1544
P124,1	1545	1549
P125,1	1550	1581
P126,1	1582	1583
P127,1	1584	1587
P40,2	1588	1590
P128,1	1591	1595
P41,2	1596	1598
P42,2	1599	1603
P129,1	1604	1605
P130,1	1606	1607
P131,1	1608	1609
P132,1	1610	1614
P43,1	1615	1646
P16,3	1647	1650
P133,1	1651	1654
P134,1	1655	1655
P135,1	1656	1659
P136,1	1660	1665
P137,1	1666	1697
P138,1	1698	1702
P139,1	1703	1705
P140,1	1706	1710
P141,1	1711	1711
P47,2	1712	1714
P44,2	1715	1720
P142,1	1721	1726
P143,1	1727	1758
P45,2	1759	1759
P46,2	1760	1760
P144,1	1761	1764
P3,1	1765	1786
P145,1	1787	1791
P146,1	1792	1823
P147,1	1824	1828
P148,1	1829	1829
P149,1	1830	1834
P150,1	1835	1835
P151,1	1836	1836
P50,2	1837	1840
P152,1	1841	1872
P153,1	1873	1873
P154,1	1874	1876
P48,2	1877	1878
P155,1	1879	1910
P51,1	1911	1942
P156,1	1943	1946
P49,2	1947	1947
P157,1	1948	1952
P158,1	1953	1954
P159,1	1955	1956
P160,1	1957	1957
P161,1	1958	1958
P52,1	1959	1990
P162,1	1991	2022
P163,1	2023	2026
P164,1	2027	2030
P165,1	2031	2031
P166,1	2032	2036
P53,2	2037	2042
P54,2	2043	2047
P167,1	2048	2050
P17,3	2051	2055
P56,2	2056	2059
P55,2	2060	2064
P168,1	2065	2096
P58,2	2097	2102
P169,1	2103	2104
P170,1	2105	2105
P171,1	2106	2107
P18,3	2108	2110
P20,3	2111	2111
P172,1	2112	2117
P60,2	2118	2123
P57,2	2124	2126
P19,3	2127	2127
P173,1	2128	2133
P59,2	2134	2137
P174,1	2138	2143
P21,3	2144	2144
P7,4	2145	2148
P61,2	2149	2153
P5,4	2154	2157
P175,1	2158	2189
P62,2	2190	2194
P176,1	2195	2200
P177,1	2201	2205
P63,1	2206	2237
P178,1	2238	2243
P179,1	2244	2249
P180,1	2250	2281
P4,4	2282	2284
P65,2	2285	2287
P22,3	2288	2290
P64,2	2291	2294
P66,2	2295	2298
P24,1	2299	2330
P181,1	2331	2362
P68,2	2363	2366
P67,2	2367	2367
P69,1	2368	2399
P182,1	2400	2431
P183,1	2432	2463
P70,2	2464	2465
P23,3	2466	2471
P184,1	2472	2503
P71,2	2504	2509
P72,2	2510	2510
P73,1	2511	2542
P74,2	2543	2543
P77,2	2544	2544
P75,2	2545	2545
P26,3	2546	2549
P185,1	2550	2581
P76,2	2582	2585
P6,4	2586	2588
P27,1	2589	2620
P25,3	2621	2623
P78,2	2624	2625
P80,2	2626	2627
P186,1	2628	2659
P79,2	2660	2665
P81,1	2666	2697
P9,4	2698	2699
P187,1	2700	2731
P82,2	2732	2735
P188,1	2736	2767
P83,1	2768	2795
P84,2	2796	2801
P85,2	2802	2806
P86,2	2807	2811
P1,2	2812	2843
P189,1	2844	2875
P8,4	2876	2880
P190,1	2881	2912
P87,2	2913	2915
P88,2	2916	2917
P28,3	2918	2919
P89,2	2920	2924
P91,2	2925	2928
P90,2	2929	2929
P92,1	2930	2961
P191,1	2962	2993
P192,1	2994	3025
P93,2	3026	3029
P94,2	3030	3035
P95,2	3036	3040
P29,3	3041	3043
P96,2	3044	3046
P32,1	3047	3078
P193,1	3079	3110
P30,3	3111	3112
P97,2	3113	3114
P194,1	3115	3146
P98,2	3147	3148
P100,2	3149	3152
P31,3	3153	3153
P99,2	3154	3158
P101,2	3159	3159
P12,4	3160	3162
P33,1	3163	3168
P102,2	3169	3174
P195,1	3175	3206
P103,1	3207	3238
P104,2	3239	3239
P196,1	3240	3271
P105,1	3272	3303
P197,1	3304	3335
P106,2	3336	3341
P198,1	3342	3373
P107,2	3374	3376
P108,2	3377	3379
P34,3	3380	3383
P109,2	3384	3385
P14,4	3386	3388
P36,3	3389	3392
P2,5	3393	3397
P10,4	3398	3399
P110,2	3400	3402
P111,2	3403	3404
P199,1	3405	3436
P11,4	3437	3439
P35,3	3440	3445
P113,2	3446	3450
P112,2	3451	3453
P200,1	3454	3485
P15,2	3486	3517
P114,2	3518	3523
P115,1	3524	3555
P119,2	3556	3560
P116,2	3561	3563
P118,2	3564	3565
P117,2	3566	3569
P38,1	3570	3601
P120,2	3602	3605
P121,2	3606	3609
P13,4	3610	3615
P37,3	3616	3618
P122,2	3619	3624
P39,3	3625	3626
P123,2	3627	3627
P124,2	3628	3633
P125,1	3634	3665
P126,2	3666	3667
P128,2	3668	3670
P127,2	3671	3672
P40,3	3673	3676
P42,3	3677	3682
P129,2	3683	3688
P131,2	3689	3693
P41,3	3694	3698
P130,2	3699	3703
P132,2	3704	3707
P43,1	3708	3739
P16,4	3740	3745
P133,2	3746	3746
P136,2	3747	3751
P135,2	3752	3757
P134,2	3758	3761
P137,1	3762	3793
P140,2	3794	3797
P139,2	3798	3801
P47,3	3802	3802
P138,2	3803	3808
P141,2	3809	3809
P142,2	3810	3813
P44,3	3814	3818
P143,1	3819	3850
P46,3	3851	3852
P45,3	3853	3857
P144,2	3858	3862
P3,2	3863	3894
P145,2	3895	3897
P146,1	3898	3929
P148,2	3930	3935
P150,2	3936	3938
P149,2	3939	3940
P50,3	3941	3945
P147,2	3946	3948
P151,2	3949	3953
P152,1	3954	3985
P154,2	3986	3991
P153,2	3992	3992
P155,1	3993	4024
P48,3	4025	4029
P51,1	4030	4031
P156,2	4032	4034
P157,2	4035	4035
P49,3	4036	4041
P161,2	4042	4047
P159,2	4048	4052
P160,2	4053	4056
P52,1	4057	4088
P158,2	4089	4094
P162,1	4095	4126
P164,2	4127	4128
P165,2	4129	4131
P163,2	4132	4132
P53,3	4133	4137
P167,2	4138	4141
P166,2	4142	4144
P54,3	4145	4148
P56,3	4149	4151
P17,4	4152	4154
P55,3	4155	4156
P168,1	4157	4188
P58,3	4189	4190
P169,2	4191	4193
P171,2	4194	4194
P18,4	4195	4199
P172,2	4200	4205
P60,3	4206	4208
P20,4	4209	4210
P170,2	4211	4212
P57,3	4213	4218
P19,4	4219	4223
P59,3	4224	4228
P173,2	4229	4232
P21,4	4233	4234
P7,5	4235	4239
P174,2	4240	4245
P61,3	4246	4251
P175,1	4252	4283
P5,5	4284	4286
P176,2	4287	4291
P177,2	4292	4296
P62,3	4297	4297
P63,1	4298	4318
P179,2	4319	4321
P178,2	4322	4323
P180,1	4324	4355
P22,4	4356	4359
P65,3	4360	4361
P64,3	4362	4365
P66,3	4366	4368
P4,5	4369	4372
P24,1	4373	4404
P181,1	4405	4436
P68,3	4437	4441
P69,1	4442	4473
P67,3	4474	4474
P182,1	4475	4506
P183,1	4507	4538
P70,3	4539	4544
P23,4	4545	4547
P184,1	4548	4578
P71,3	4579	4580
P73,1	4581	4612
P72,3	4613	4618
P75,3	4619	4621
P77,3	4622	4627
P185,1	4628	4659
P74,3	4660	4664
P26,4	4665	4667
P6,5	4668	4669
P76,3	4670	4673
P27,1	4674	4678
P80,3	4679	4684
P25,4	4685	4688
P78,3	4689	4692
P186,1	4693	4724
P79,3	4725	4729
P81,1	4730	4761
P187,1	4762	4793
P9,5	4794	4794
P188,1	4795	4826
P82,3	4827	4831
P86,3	4832	4834
P85,3	4835	4837
P84,3	4838	4840
P1,2	4841	4872
P189,1	4873	4904
P8,5	4905	4909
P190,1	4910	4941
P88,3	4942	4947
P28,4	4948	4948
P89,3	4949	4953
P91,3	4954	4958
P87,3	4959	4960
P90,3	4961	4965
P92,1	4966	4996
P191,1	4997	5028
P192,1	5029	5060
P93,3	5061	5063
P95,3	5064	5069
P94,3	5070	5074
P29,4	5075	5080
P96,3	5081	5084
P32,1	5085	5088
P193,1	5089	5120
P194,1	5121	5152
P97,3	5153	5153
P30,4	5154	5156
P98,3	5157	5162
P99,3	5163	5165
P31,4	5166	5171
P12,5	5172	5174
P102,3	5175	5175
P101,3	5176	5177
P100,3	5178	5180
P195,1	5181	5212
P103,1	5213	5244
P196,1	5245	5276
P104,3	5277	5282
P105,1	5283	5314
P197,1	5315	5346
P106,3	5347	5349
P198,1	5350	5381
P108,3	5382	5382
P34,4	5383	5383
P107,3	5384	5384
P2,6	5385	5388
P14,5	5389	5392
P109,3	5393	5395
P36,4	5396	5396
P111,3	5397	5402
P10,5	5403	5406
P199,1	5407	5438
P110,3	5439	5442
P113,3	5443	5444
P11,5	5445	5449
P35,4	5450	5453
P200,1	5454	5485
P112,3	5486	5490
P15,2	5491	5497
P115,1	5498	5529
P114,3	5530	5535
P118,3	5536	5541
P117,3	5542	5545
P116,3	5546	5547
P119,3	5548	5549
P38,1	5550	5573
P120,3	5574	5577
P121,3	5578	5583
P37,4	5584	5586
P122,3	5587	5592
P13,5	5593	5598
P123,3	5599	5601
P39,4	5602	5606
P124,3	5607	5610
P125,1	5611	5642
P126,3	5643	5647
P128,3	5648	5649
P42,4	5650	5651
P127,3	5652	5656
P40,4	5657	5661
P129,3	5662	5662
P131,3	5663	5666
P41,4	5667	5667
P132,3	5668	5672
P43,1	5673	5688
P130,3	5689	5694
P136,3	5695	5697
P133,3	5698	5703
P135,3	5704	5704
P16,5	5705	5707
P134,3	5708	5711
P137,1	5712	5743
P140,3	5744	5747
P47,4	5748	5752
P141,3	5753	5753
P139,3	5754	5757
P44,4	5758	5761
P142,3	5762	5763
P138,3	5764	5768
P143,1	5769	5777
P46,4	5778	5780
P144,3	5781	5785
P45,4	5786	5787
P3,2	5788	5819
P145,3	5820	5822
P146,1	5823	5854
P148,3	5855	5858
P149,3	5859	5864
P150,3	5865	5868
P147,3	5869	5869
P50,4	5870	5872
P152,1	5873	5904
P151,3	5905	5905
P154,3	5906	5907
P153,3	5908	5910
P155,1	5911	5942
P51,2	5943	5974
P48,4	5975	5976
P156,3	5977	5982
P49,4	5983	5983
P157,3	5984	5985
P159,3	5986	5987
P161,3	5988	5989
P52,1	5990	6021
P160,3	6022	6024
P158,3	6025	6029
P162,1	6030	6061
P164,3	6062	6065
P163,3	6066	6066
P165,3	6067	6071
P166,3	6072	6072
P53,4	6073	6076
P167,3	6077	6079
P54,4	6080	6083
P17,5	6084	6087
P56,4	6088	6093
P168,1	6094	6108
P55,4	6109	6111
P171,3	6112	6116
P18,5	6117	6121
P172,3	6122	6123
P169,3	6124	6125
P58,4	6126	6131
P20,5	6132	6134
P57,4	6135	6135
P60,4	6136	6141
P170,3	6142	6147
P19,5	6148	6153
P21,5	6154	6154
P174,3	6155	6155
P59,4	6156	6161
P173,3	6162	6163
P7,6	6164	6165
P175,1	6166	6179
P61,4	6180	6182
P5,6	6183	6184
P177,3	6185	6189
P176,3	6190	6195
P62,4	6196	6197
P179,3	6198	6201
P178,3	6202	6203
P180,1	6204	6235
P22,5	6236	6240
P4,6	6241	6245
P65,4	6246	6246
P64,4	6247	6251
P24,1	6252	6283
P66,4	6284	6284
P181,1	6285	6316
P68,4	6317	6317
P69,1	6318	6349
P182,1	6350	6381
P67,4	6382	6384
P183,1	6385	6416
P23,5	6417	6420
P70,4	6421	6424
P184,2	6425	6456
P71,4	6457	6458
P73,1	6459	6490
P72,4	6491	6492
P75,4	6493	6497
P77,4	6498	6502
P185,1	6503	6518
P74,4	6519	6520
P6,6	6521	6523
P76,4	6524	6528
P26,5	6529	6534
P80,4	6535	6539
P25,5	6540	6540
P78,4	6541	6541
P186,1	6542	6573
P79,4	6574	6578
P81,1	6579	6594
P187,1	6595	6597
P9,6	6598	6603
P188,1	6604	6635
P82,4	6636	6636
P86,4	6637	6640
P85,4	6641	6641
P1,2	6642	6662
P84,4	6663	6666
P189,1	6667	6698
P190,1	6699	6730
P8,6	6731	6731
P91,4	6732	6732
P28,5	6733	6734
P87,4	6735	6739
P88,4	6740	6741
P89,4	6742	6743
P90,4	6744	6749
P92,2	6750	6781
P191,1	6782	6813
P192,1	6814	6845
P93,4	6846	6851
P95,4	6852	6856
P94,4	6857	6858
P96,4	6859	6862
P29,5	6863	6865
P193,1	6866	6897
P194,1	6898	6929
P97,4	6930	6930
P99,4	6931	6936
P98,4	6937	6940
P30,5	6941	6945
P101,4	6946	6950
P12,6	6951	6953
P31,5	6954	6957
P102,4	6958	6959
P195,1	6960	6991
P100,4	6992	6993
P103,1	6994	7025
P196,1	7026	7057
P104,4	7058	7063
P105,1	7064	7064
P197,1	7065	7076
P106,4	7077	7078
P198,1	7079	7096
P107,4	7097	7097
P108,4	7098	7098
P14,6	7099	7104
P34,5	7105	7106
P36,5	7107	7107
P111,4	7108	7112
P2,7	7113	7113
P109,4	7114	7119
P10,6	7120	7122
P199,1	7123	7154
P11,6	7155	7160
P113,4	7161	7165
P110,4	7166	7166
P200,1	7167	7198
P35,5	7199	7204
P112,4	7205	7208
P115,1	7209	7240
P114,4	7241	7241
P117,4	7242	7246
P116,4	7247	7251
P118,4	7252	7257
P119,4	7258	7262
P120,4	7263	7266
P121,4	7267	7267
P13,6	7268	7273
P37,5	7274	7274
P122,4	7275	7280
P123,4	7281	7281
P124,4	7282	7282
P39,5	7283	7288
P125,1	7289	7320
P126,4	7321	7324
P42,5	7325	7326
P127,4	7327	7330
P128,4	7331	7331
P131,4	7332	7336
P129,4	7337	7340
P43,2	7341	7372
P40,5	7373	7375
P41,5	7376	7379
P132,4	7380	7381
P135,4	7382	7386
P133,4	7387	7392
P130,4	7393	7396
P136,4	7397	7402
P16,6	7403	7408
P137,1	7409	7440
P134,4	7441	7441
P141,4	7442	7443
P143,2	7444	7475
P140,4	7476	7476
P47,5	7477	7482
P139,4	7483	7487
P142,4	7488	7488
P44,5	7489	7494
P138,4	7495	7500
P46,5	7501	7505
P45,5	7506	7508
P144,4	7509	7511
P3,2	7512	7533
P145,4	7534	7537
P146,1	7538	7569
P148,4	7570	7575
P147,4	7576	7577
P149,4	7578	7582
P150,4	7583	7587
P152,1	7588	7619
P50,5	7620	7624
P151,4	7625	7630
P153,4	7631	7633
P154,4	7634	7637
P155,1	7638	7669
P51,2	7670	7701
P156,4	7702	7702
P48,5	7703	7706
P159,4	7707	7709
P49,5	7710	7710
P161,4	7711	7716
P52,1	7717	7720
P157,4	7721	7725
P158,4	7726	7729
P162,1	7730	7733
P160,4	7734	7735
P166,4	7736	7738
P53,5	7739	7740
P164,4	7741	7741
P163,4	7742	7747
P54,5	7748	7753
P165,4	7754	7754
P17,6	7755	7760
P167,4	7761	7761
P56,5	7762	7767
P55,5	7768	7773
P171,4	7774	7776
P18,6	7777	7779
P169,4	7780	7785
P58,5	7786	7788
P172,4	7789	7794
P20,6	7795	7796
P57,5	7797	7799
P170,4	7800	7800
P60,5	7801	7805
P174,4	7806	7810
P59,5	7811	7812
P7,7	7813	7817
P175,2	7818	7849
P19,6	7850	7855
P173,4	7856	7857
P177,4	7858	7861
P61,5	7862	7864
P179,4	7865	7869
P176,4	7870	7870
P62,5	7871	7873
P180,1	7874	7905
P178,4	7906	7907
P22,6	7908	7912
P4,7	7913	7914
P64,5	7915	7919
P65,5	7920	7921
P24,1	7922	7925
P66,5	7926	7927
P181,1	7928	7959
P68,5	7960	7961
P69,1	7962	7991
P182,1	7992	8023
P183,1	8024	8055
P67,5	8056	8059
P23,6	8060	8061
P70,5	8062	8064
P184,2	8065	8096
P71,5	8097	8100
P73,1	8101	8132
P75,5	8133	8137
P185,2	8138	8169
P77,5	8170	8170
P72,5	8171	8176
P74,5	8177	8177
P26,6	8178	8183
P6,7	8184	8189
P78,5	8190	8195
P80,5	8196	8199
P76,5	8200	8203
P25,6	8204	8207
P186,1	8208	8239
P187,2	8240	8271
P79,5	8272	8274
P188,1	8275	8306
P9,7	8307	8308
P86,5	8309	8309
P82,5	8310	8310
P85,5	8311	8313
P189,1	8314	8345
P84,5	8346	8349
P190,1	8350	8381
P91,5	8382	8386
P87,5	8387	8391
P8,7	8392	8397
P90,5	8398	8402
P88,5	8403	8403
P89,5	8404	8408
P28,6	8409	8414
P92,2	8415	8446
P191,1	8447	8478
P94,5	8479	8479
P93,5	8480	8483
P96,5	8484	8488
P95,5	8489	8494
P29,6	8495	8500
P193,1	8501	8532
P194,1	8533	8538
P99,5	8539	8541
P97,5	8542	8544
P101,5	8545	8549
P98,5	8550	8553
P12,7	8554	8557
P30,6	8558	8558
P31,6	8559	8559
P195,1	8560	8591
P102,5	8592	8595
P103,1	8596	8627
P100,5	8628	8632
P196,1	8633	8656
P197,2	8657	8688
P106,5	8689	8690
P198,2	8691	8722
P104,5	8723	8723
P107,5	8724	8725
P108,5	8726	8728
P34,6	8729	8734
P36,6	8735	8740
P109,5	8741	8744
P14,7	8745	8750
P2,8	8751	8751
P111,5	8752	8757
P199,1	8758	8789
P10,7	8790	8790
P113,5	8791	8794
P11,7	8795	8799
P110,5	8800	8801
P200,1	8802	8833
P35,6	8834	8837
P112,5	8838	8840
P115,1	8841	8863
P114,5	8864	8864
P116,5	8865	8866
P117,5	8867	8867
P13,7	8868	8870
P118,5	8871	8872
P121,5	8873	8877
P119,5	8878	8879
P37,6	8880	8880
P122,5	8881	8885
P120,5	8886	8887
P123,5	8888	8892
P124,5	8893	8894
P39,6	8895	8899
P125,1	8900	8931
P127,5	8932	8933
P126,5	8934	8937
P128,5	8938	8942
P131,5	8943	8943
P43,2	8944	8975
P129,5	8976	8978
P40,6	8979	8982
P41,6	8983	8987
P135,5	8988	8989
P133,5	8990	8992
P132,5	8993	8997
P130,5	8998	9001
P137,1	9002	9033
P136,5	9034	9038
P16,7	9039	9044
P134,5	9045	9049
P143,2	9050	9081
P141,5	9082	9082
P47,6	9083	9086
P140,5	9087	9087
P44,6	9088	9089
P45,6	9090	9091
P142,5	9092	9094
P139,5	9095	9100
P138,5	9101	9101
P46,6	9102	9105
P144,5	9106	9108
P145,5	9109	9110
P146,1	9111	9142
P147,5	9143	9145
P148,5	9146	9151
P149,5	9152	9153
P152,1	9154	9185
P150,5	9186	9186
P50,6	9187	9187
P153,5	9188	9193
P151,5	9194	9199
P154,5	9200	9201
P155,1	9202	9233
P51,2	9234	9265
P156,5	9266	9267
P48,6	9268	9271
P52,2	9272	9303
P159,5	9304	9309
P161,5	9310	9313
P162,2	9314	9345
P49,6	9346	9346
P160,5	9347	9352
P158,5	9353	9357
P157,5	9358	9359
P164,5	9360	9360
P53,6	9361	9366
P54,6	9367	9371
P166,5	9372	9374
P163,5	9375	9379
P165,5	9380	9384
P17,7	9385	9385
P167,5	9386	9387
P56,6	9388	9390
P55,6	9391	9392
P171,5	9393	9397
P20,7	9398	9401
P18,7	9402	9403
P57,6	9404	9408
P169,5	9409	9413
P172,5	9414	9414
P174,5	9415	9415
P58,6	9416	9416
P170,5	9417	9420
P7,8	9421	9423
P59,6	9424	9428
P60,6	9429	9429
P175,2	9430	9461
P19,7	9462	9464
P176,5	9465	9469
P177,5	9470	9472
P173,5	9473	9478
P61,6	9479	9480
P179,5	9481	9482
P180,1	9483	9497
P62,6	9498	9498
P24,2	9499	9530
P22,7	9531	9533
P178,5	9534	9536
P65,6	9537	9539
P66,6	9540	9540
P64,6	9541	9543
P181,1	9544	9575
P68,6	9576	9578
P69,2	9579	9610
P182,1	9611	9637
P183,1	9638	9669
P70,6	9670	9674
P23,7	9675	9678
P184,2	9679	9706
P71,6	9707	9708
P73,1	9709	9726
P75,6	9727	9727
P185,2	9728	9759
P77,6	9760	9761
P26,7	9762	9764
P6,8	9765	9766
P78,6	9767	9767
P76,6	9768	9772
P186,1	9773	9796
P187,2	9797	9828
P188,1	9829	9848
P79,6	9849	9853
P82,6	9854	9857
P9,8	9858	9859
P189,1	9860	9881
P86,6	9882	9882
P85,6	9883	9887
P84,6	9888	9889
P190,1	9890	9897
P87,6	9898	9898
P91,6	9899	9902
P90,6	9903	9905
P8,8	9906	9907
P28,7	9908	9913
P89,6	9914	9914
P92,2	9915	9946
P191,1	9947	9978
P93,6	9979	9984
P94,6	9985	9985
P29,7	9986	9990
P96,6	9991	9994
P95,6	9995	9996
P193,1	9997	10028
P101,6	10029	10032
P12,8	10033	10035
P31,7	10036	10041
P30,7	10042	10046
P97,6	10047	10050
P98,6	10051	10052
P195,1	10053	10057
P103,1	10058	10087
P102,6	10088	10092
P100,6	10093	10094
P197,2	10095	10126
P198,2	10127	10158
P104,6	10159	10164
P34,7	10165	10165
P109,6	10166	10168
P107,6	10169	10173
P108,6	10174	10178
P2,9	10179	10180
P14,8	10181	10185
P199,1	10186	10217
P111,6	10218	10220
P10,8	10221	10223
P11,8	10224	10226
P110,6	10227	10232
P200,1	10233	10264
P112,6	10265	10270
P35,7	10271	10274
P118,6	10275	10280
P116,6	10281	10282
P114,6	10283	10283
P117,6	10284	10284
P119,6	10285	10285
P121,6	10286	10286
P120,6	10287	10290
P37,7	10291	10295
P123,6	10296	10301
P124,6	10302	10303
P125,1	10304	10309
P39,7	10310	10314
P127,6	10315	10316
P126,6	10317	10321
P43,2	10322	10353
P131,6	10354	10359
P129,6	10360	10361
P135,6	10362	10362
P41,7	10363	10367
P132,6	10368	10373
P40,7	10374	10379
P133,6	10380	10382
P137,1	10383	10414
P130,6	10415	10416
P16,8	10417	10422
P134,6	10423	10425
P143,2	10426	10457
P141,6	10458	10462
P47,7	10463	10467
P142,6	10468	10469
P139,6	10470	10472
P140,6	10473	10477
P44,7	10478	10481
P45,7	10482	10482
P145,6	10483	10486
P46,7	10487	10492
P138,6	10493	10495
P144,6	10496	10500
P146,1	10501	10521
P147,6	10522	10526
P149,6	10527	10531
P148,6	10532	10533
P152,1	10534	10564
P150,6	10565	10570
P151,6	10571	10575
P153,6	10576	10576
P155,1	10577	10608
P51,2	10609	10640
P48,7	10641	10646
P156,6	10647	10648
P52,2	10649	10680
P162,2	10681	10712
P159,6	10713	10714
P49,7	10715	10720
P160,6	10721	10726
P54,7	10727	10729
P158,6	10730	10734
P53,7	10735	10739
P163,6	10740	10745
P164,6	10746	10751
P166,6	10752	10755
P167,6	10756	10758
P17,8	10759	10764
P165,6	10765	10767
P56,7	10768	10768
P18,8	10769	10770
P171,6	10771	10773
P55,7	10774	10775
P20,8	10776	10776
P58,7	10777	10782
P57,7	10783	10788
P174,6	10789	10791
P7,9	10792	10793
P59,7	10794	10794
P172,6	10795	10796
P60,7	10797	10797
P170,6	10798	10801
P175,2	10802	10833
P19,8	10834	10835
P176,6	10836	10837
P61,7	10838	10840
P179,6	10841	10846
P180,2	10847	10878
P173,6	10879	10879
P177,6	10880	10883
P62,7	10884	10887
P24,2	10888	10919
P178,6	10920	10925
P22,8	10926	10927
P65,7	10928	10932
P64,7	10933	10934
P66,7	10935	10937
P181,1	10938	10961
P68,7	10962	10963
P69,2	10964	10995
P182,2	10996	11027
P183,1	11028	11059
P23,8	11060	11060
P70,7	11061	11064
P71,7	11065	11066
P75,7	11067	11071
P185,2	11072	11103
P77,7	11104	11105
P6,9	11106	11111
P26,8	11112	11116
P76,7	11117	11118
P78,7	11119	11123
P187,2	11124	11155
P82,7	11156	11157
P79,7	11158	11161
P9,9	11162	11167
P190,2	11168	11199
P85,7	11200	11201
P86,7	11202	11205
P84,7	11206	11207
P89,7	11208	11212
P87,7	11213	11218
P8,9	11219	11223
P28,8	11224	11228
P90,7	11229	11230
P91,7	11231	11233
P92,2	11234	11265
P191,1	11266	11297
P29,8	11298	11301
P93,7	11302	11306
P94,7	11307	11309
P95,7	11310	11311
P96,7	11312	11312
P193,1	11313	11332
P101,7	11333	11334
P98,7	11335	11340
P12,9	11341	11346
P30,8	11347	11347
P97,7	11348	11351
P103,2	11352	11383
P102,7	11384	11388
P100,7	11389	11390
P197,2	11391	11403
P198,2	11404	11435
P34,8	11436	11437
P104,7	11438	11438
P108,7	11439	11440
P14,9	11441	11445
P107,7	11446	11451
P199,1	11452	11481
P2,10	11482	11484
P10,9	11485	11485
P111,7	11486	11486
P110,7	11487	11491
P200,1	11492	11516
P35,8	11517	11520
P112,7	11521	11523
P118,7	11524	11527
P114,7	11528	11533
P117,7	11534	11538
P120,7	11539	11542
P125,2	11543	11574
P121,7	11575	11575
P116,7	11576	11576
P119,7	11577	11577
P124,7	11578	11582
P37,8	11583	11586
P123,7	11587	11588
P126,7	11589	11593
P39,8	11594	11597
P43,2	11598	11629
P127,7	11630	11632
P131,7	11633	11633
P41,8	11634	11635
P135,7	11636	11638
P129,7	11639	11643
P132,7	11644	11649
P137,1	11650	11653
P133,7	11654	11655
P40,8	11656	11657
P130,7	11658	11659
P16,9	11660	11661
P143,2	11662	11693
P134,7	11694	11697
P47,8	11698	11699
P142,7	11700	11700
P141,7	11701	11701
P45,8	11702	11703
P140,7	11704	11704
P139,7	11705	11708
P145,7	11709	11714
P46,8	11715	11719
P138,7	11720	11721
P147,7	11722	11727
P149,7	11728	11729
P152,2	11730	11761
P150,7	11762	11765
P153,7	11766	11768
P155,1	11769	11769
P51,2	11770	11801
P156,7	11802	11802
P52,2	11803	11834
P48,8	11835	11835
P162,2	11836	11856
P159,7	11857	11862
P49,8	11863	11865
P53,8	11866	11866
P160,7	11867	11870
P158,7	11871	11874
P54,8	11875	11877
P166,7	11878	11881
P163,7	11882	11884
P17,9	11885	11888
P165,7	11889	11892
P164,7	11893	11894
P171,7	11895	11899
P167,7	11900	11902
P18,9	11903	11903
P55,8	11904	11907
P56,8	11908	11909
P7,10	11910	11912
P174,7	11913	11914
P20,9	11915	11915
P57,8	11916	11916
P172,7	11917	11922
P58,8	11923	11927
P170,7	11928	11930
P59,8	11931	11932
P60,8	11933	11936
P175,2	11937	11968
P61,8	11969	11973
P179,7	11974	11979
P19,9	11980	11984
P176,7	11985	11987
P180,2	11988	12019
P173,7	12020	12023
P62,8	12024	12027
P24,2	12028	12059
P65,8	12060	12060
P22,9	12061	12061
P64,8	12062	12066
P178,7	12067	12069
P66,8	12070	12074
P68,8	12075	12079
P69,2	12080	12111
P182,2	12112	12143
P23,9	12144	12145
P71,8	12146	12149
P75,8	12150	12155
P185,2	12156	12187
P6,10	12188	12189
P77,8	12190	12190
P26,9	12191	12191
P76,8	12192	12196
P78,8	12197	12200
P187,2	12201	12232
P9,10	12233	12235
P82,8	12236	12238
P79,8	12239	12239
P190,2	12240	12271
P86,8	12272	12276
P89,8	12277	12281
P85,8	12282	12283
P84,8	12284	12284
P87,8	12285	12285
P90,8	12286	12290
P8,10	12291	12296
P91,8	12297	12301
P28,9	12302	12305
P92,2	12306	12337
P191,2	12338	12369
P193,2	12370	12401
P95,8	12402	12402
P93,8	12403	12403
P94,8	12404	12409
P96,8	12410	12412
P101,8	12413	12413
P30,9	12414	12417
P98,8	12418	12420
P12,10	12421	12422
P97,8	12423	12424
P103,2	12425	12456
P102,8	12457	12457
P198,2	12458	12489
P34,9	12490	12495
P104,8	12496	12497
P108,8	12498	12502
P14,10	12503	12506
P107,8	12507	12509
P199,2	12510	12541
P111,8	12542	12543
P2,11	12544	12549
P10,10	12550	12553
P110,8	12554	12554
P200,2	12555	12586
P35,9	12587	12588
P112,8	12589	12590
P114,8	12591	12591
P120,8	12592	12593
P118,8	12594	12595
P117,8	12596	12596
P125,2	12597	12628
P119,8	12629	12634
P124,8	12635	12638
P123,8	12639	12643
P126,8	12644	12649
P116,8	12650	12653
P39,9	12654	12659
P37,9	12660	12662
P43,2	12663	12694
P131,8	12695	12695
P137,2	12696	12727
P41,9	12728	12730
P127,8	12731	12731
P132,8	12732	12732
P129,8	12733	12733
P135,8	12734	12736
P40,9	12737	12742
P16,10	12743	12745
P133,8	12746	12747
P130,8	12748	12750
P143,2	12751	12782
P142,8	12783	12785
P140,8	12786	12788
P141,8	12789	12789
P134,8	12790	12793
P47,9	12794	12795
P45,9	12796	12798
P139,8	12799	12802
P145,8	12803	12804
P46,9	12805	12805
P147,8	12806	12808
P138,8	12809	12809
P152,2	12810	12841
P149,8	12842	12847
P155,2	12848	12879
P153,8	12880	12885
P150,8	12886	12888
P51,2	12889	12904
P156,8	12905	12907
P52,2	12908	12908
P48,9	12909	12913
P159,8	12914	12916
P49,9	12917	12917
P158,8	12918	12918
P53,9	12919	12922
P160,8	12923	12925
P54,9	12926	12926
P165,8	12927	12928
P171,8	12929	12932
P166,8	12933	12935
P164,8	12936	12941
P163,8	12942	12942
P55,9	12943	12946
P167,8	12947	12947
P20,10	12948	12951
P7,11	12952	12953
P18,10	12954	12954
P58,9	12955	12956
P56,9	12957	12959
P172,8	12960	12964
P57,9	12965	12970
P170,8	12971	12973
P59,9	12974	12974
P175,2	12975	13006
P60,9	13007	13010
P61,9	13011	13011
P176,8	13012	13013
P19,10	13014	13016
P179,8	13017	13020
P180,2	13021	13052
P24,2	13053	13084
P62,9	13085	13088
P65,9	13089	13094
P22,10	13095	13096
P68,9	13097	13100
P64,9	13101	13105
P178,8	13106	13107
P66,9	13108	13111
P69,2	13112	13143
P182,2	13144	13175
P71,9	13176	13178
P185,2	13179	13188
P75,9	13189	13194
P6,11	13195	13199
P77,9	13200	13202
P76,9	13203	13205
P78,9	13206	13207
P187,2	13208	13211
P9,11	13212	13213
P190,2	13214	13214
P86,9	13215	13215
P89,9	13216	13217
P90,9	13218	13222
P84,9	13223	13226
P8,11	13227	13227
P85,9	13228	13233
P91,9	13234	13234
P92,2	13235	13249
P28,10	13250	13252
P191,2	13253	13284
P193,2	13285	13316
P94,9	13317	13320
P93,9	13321	13324
P95,9	13325	13325
P96,9	13326	13326
P12,11	13327	13328
P30,10	13329	13331
P98,9	13332	13332
P97,9	13333	13336
P103,2	13337	13368
P102,9	13369	13370
P198,2	13371	13402
P34,10	13403	13406
P14,11	13407	13408
P199,2	13409	13440
P108,9	13441	13443
P107,9	13444	13448
P110,9	13449	13451
P10,11	13452	13452
P2,12	13453	13454
P111,9	13455	13455
P200,2	13456	13487
P112,9	13488	13490
P35,10	13491	13493
P120,9	13494	13496
P117,9	13497	13500
P125,2	13501	13532
P118,9	13533	13537
P124,9	13538	13541
P116,9	13542	13545
P39,10	13546	13546
P126,9	13547	13547
P43,2	13548	13560
P37,10	13561	13566
P137,2	13567	13598
P131,9	13599	13600
P40,10	13601	13606
P127,9	13607	13607
P135,9	13608	13610
P133,9	13611	13612
P41,10	13613	13618
P132,9	13619	13624
P129,9	13625	13630
P130,9	13631	13632
P143,2	13633	13664
P141,9	13665	13665
P134,9	13666	13671
P140,9	13672	13672
P142,9	13673	13678
P45,10	13679	13679
P139,9	13680	13685
P47,10	13686	13686
P145,9	13687	13690
P46,10	13691	13694
P138,9	13695	13699
P152,2	13700	13702
P147,9	13703	13704
P155,2	13705	13736
P150,9	13737	13738
P53,10	13739	13739
P156,9	13740	13742
P49,10	13743	13745
P160,9	13746	13751
P54,10	13752	13752
P159,9	13753	13757
P158,9	13758	13763
P171,9	13764	13767
P166,9	13768	13772
P165,9	13773	13776
P18,11	13777	13779
P167,9	13780	13785
P58,10	13786	13790
P164,9	13791	13795
P20,11	13796	13796
P163,9	13797	13797
P55,10	13798	13803
P172,9	13804	13809
P56,10	13810	13810
P59,10	13811	13814
P57,10	13815	13820
P175,2	13821	13831
P61,10	13832	13833
P179,9	13834	13837
P176,9	13838	13841
P180,2	13842	13873
P24,2	13874	13905
P65,10	13906	13906
P178,9	13907	13912
P68,10	13913	13917
P64,10	13918	13923
P66,10	13924	13926
P69,2	13927	13951
P182,2	13952	13973
P71,10	13974	13979
P6,12	13980	13984
P78,10	13985	13987
P77,10	13988	13988
P86,10	13989	13993
P89,10	13994	13994
P76,10	13995	13997
P90,10	13998	13998
P8,12	13999	14001
P91,10	14002	14007
P85,10	14008	14013
P84,10	14014	14015
P191,2	14016	14047
P28,11	14048	14052
P193,2	14053	14053
P94,10	14054	14055
P93,10	14056	14058
P12,12	14059	14061
P96,10	14062	14063
P98,10	14064	14065
P97,10	14066	14067
P30,11	14068	14071
P103,2	14072	14090
P198,2	14091	14104
P102,10	14105	14108
P34,11	14109	14109
P199,2	14110	14141
P14,12	14142	14147
P107,10	14148	14149
P108,10	14150	14151
P2,13	14152	14157
P111,10	14158	14161
P200,2	14162	14193
P110,10	14194	14199
P35,11	14200	14202
P112,10	14203	14205
P120,10	14206	14206
P117,10	14207	14212
P125,2	14213	14244
P126,10	14245	14246
P124,10	14247	14248
P118,10	14249	14252
P39,11	14253	14258
P37,11	14259	14259
P137,2	14260	14291
P127,10	14292	14293
P40,11	14294	14296
P131,10	14297	14302
P132,10	14303	14306
P135,10	14307	14307
P133,10	14308	14312
P41,11	14313	14313
P129,10	14314	14317
P140,10	14318	14318
P141,10	14319	14322
P142,10	14323	14326
P45,11	14327	14331
P47,11	14332	14333
P139,10	14334	14335
P145,10	14336	14339
P147,10	14340	14344
P138,10	14345	14345
P155,2	14346	14377
P53,11	14378	14383
P156,10	14384	14387
P49,11	14388	14391
P160,10	14392	14392
P150,10	14393	14398
P54,11	14399	14400
P159,10	14401	14404
P158,10	14405	14409
P171,10	14410	14410
P166,10	14411	14416
P18,12	14417	14419
P165,10	14420	14420
P167,10	14421	14425
P20,12	14426	14426
P58,11	14427	14430
P172,10	14431	14431
P55,11	14432	14432
P163,10	14433	14438
P59,11	14439	14440
P57,11	14441	14445
P61,11	14446	14451
P176,10	14452	14452
P179,10	14453	14453
P180,2	14454	14465
P178,10	14466	14467
P64,11	14468	14473
P68,11	14474	14475
P71,11	14476	14481
P6,13	14482	14487
P77,11	14488	14493
P89,11	14494	14495
P86,11	14496	14501
P78,11	14502	14505
P8,13	14506	14509
P85,11	14510	14515
P76,11	14516	14521
P91,11	14522	14524
P191,2	14525	14556
P84,11	14557	14558
P12,13	14559	14560
P30,12	14561	14561
P98,11	14562	14566
P97,11	14567	14571
P94,11	14572	14575
P96,11	14576	14580
P93,11	14581	14585
P199,2	14586	14617
P102,11	14618	14621
P34,12	14622	14625
P107,11	14626	14627
P14,13	14628	14631
P108,11	14632	14636
P2,14	14637	14639
P200,2	14640	14656
P111,11	14657	14659
P35,12	14660	14662
P120,11	14663	14668
P112,11	14669	14673
P125,2	14674	14688
P126,11	14689	14693
P39,12	14694	14699
P124,11	14700	14701
P118,11	14702	14702
P137,2	14703	14710
P37,12	14711	14714
P127,11	14715	14718
P40,12	14719	14722
P131,11	14723	14728
P135,11	14729	14734
P133,11	14735	14740
P142,11	14741	14746
P132,11	14747	14750
P45,12	14751	14756
P129,11	14757	14758
P140,11	14759	14762
P147,11	14763	14763
P145,11	14764	14769
P155,2	14770	14801
P150,11	14802	14802
P160,11	14803	14805
P53,12	14806	14811
P156,11	14812	14815
P49,12	14816	14819
P159,11	14820	14824
P54,12	14825	14830
P158,11	14831	14836
P18,13	14837	14841
P171,11	14842	14842
P20,13	14843	14845
P58,12	14846	14847
P55,12	14848	14850
P165,11	14851	14854
P172,11	14855	14860
P163,11	14861	14861
P57,12	14862	14863
P61,12	14864	14868
P59,12	14869	14874
P176,11	14875	14877
P179,11	14878	14883
P68,12	14884	14887
P178,11	14888	14891
P77,12	14892	14893
P89,12	14894	14894
P71,12	14895	14900
P6,14	14901	14904
P86,12	14905	14908
P78,12	14909	14909
P85,12	14910	14911
P91,12	14912	14916
P8,14	14917	14921
P191,2	14922	14925
P76,12	14926	14929
P84,12	14930	14935
P12,14	14936	14936
P98,12	14937	14941
P97,12	14942	14942
P96,12	14943	14944
P94,12	14945	14947
P199,2	14948	14979
P102,12	14980	14985
P108,12	14986	14988
P2,15	14989	14992
P107,12	14993	14994
P14,14	14995	14997
P35,13	14998	15003
P111,12	15004	15009
P112,12	15010	15014
P126,12	15015	15018
P124,12	15019	15023
P118,12	15024	15027
P37,13	15028	15028
P131,12	15029	15030
P127,12	15031	15032
P40,13	15033	15038
P135,12	15039	15044
P133,12	15045	15048
P132,12	15049	15051
P45,13	15052	15052
P147,12	15053	15056
P129,12	15057	15057
P145,12	15058	15063
P140,12	15064	15064
P155,2	15065	15096
P160,12	15097	15100
P53,13	15101	15101
P49,13	15102	15104
P158,12	15105	15105
P54,13	15106	15109
P18,14	15110	15113
P55,13	15114	15116
P163,12	15117	15119
P58,13	15120	15122
P20,14	15123	15124
P172,12	15125	15127
P59,13	15128	15129
P61,13	15130	15135
P176,12	15136	15141
P77,13	15142	15142
P68,13	15143	15146
P71,13	15147	15151
P179,12	15152	15156
P86,13	15157	15158
P89,13	15159	15162
P85,13	15163	15164
P8,15	15165	15168
P91,13	15169	15170
P76,13	15171	15174
P84,13	15175	15179
P98,13	15180	15183
P96,13	15184	15185
P94,13	15186	15186
P107,13	15187	15187
P108,13	15188	15192
P35,14	15193	15193
P102,13	15194	15194
P111,13	15195	15200
P112,13	15201	15204
P118,13	15205	15205
P45,14	15206	15206
P140,13	15207	15211
P133,13	15212	15213
P147,13	15214	15214
P145,13	15215	15220
P129,13	15221	15224
P155,2	15225	15248
P158,13	15249	15250
P160,13	15251	15256
P53,14	15257	15257
P49,14	15258	15261
P58,14	15262	15267
P172,13	15268	15268
P163,13	15269	15274
P77,14	15275	15279
P86,14	15280	15283
P176,13	15284	15289
P89,14	15290	15295
P71,14	15296	15296
P179,13	15297	15297
P76,14	15298	15299
P98,14	15300	15303
P102,14	15304	15307
P107,14	15308	15309
P96,14	15310	15315
P35,15	15316	15316
P118,14	15317	15321
P140,14	15322	15327
P147,14	15328	15331
P158,14	15332	15335
P53,15	15336	15337
P160,14	15338	15340
P163,14	15341	15341
P86,15	15342	15344
P179,14	15345	15350
P176,14	15351	15355
P71,15	15356	15358
P98,15	15359	15362
P107,15	15363	15364
P102,15	15365	15370
P96,15	15371	15375
P163,15	15376	15379
P176,15	15380	15382
P179,15	15385	15387
