10 38 -1
17 81 8 105 -1
24 30 -1
31 71 8 108 7 119 -1
31 38 -1
32 64 -1
44 80 5 73 -1
54 70 -1
64 70 -1
75 34 3 83 -1
79 116 -1
85 34 6 54 8 36 -1
85 108 3 56 -1
87 95 -1
97 77 2 37 4 58 -1
104 72 2 78 -1
104 70 2 118 3 70 -1
104 69 6 37 -1
113 53 2 46 2 111 -1
116 34 -1
126 111 4 35 -1
126 70 2 70 -1
127 43 4 75 -1
136 48 3 60 3 46 -1
146 120 8 111 7 50 -1
150 85 2 114 -1
161 42 -1
165 43 3 88 7 62 -1
166 67 2 55 2 31 -1
176 92 2 65 8 52 -1
182 97 4 61 4 55 -1
187 45 6 59 -1
189 66 6 55 8 118 -1
193 75 8 73 2 82 -1
197 101 4 82 -1
197 42 7 116 -1
199 65 -1
201 110 3 35 8 120 -1
213 52 -1
219 40 7 77 8 91 -1
219 61 6 51 3 64 -1
223 41 -1
226 54 8 104 7 63 -1
229 52 2 109 -1
229 116 -1
233 32 4 65 6 54 -1
239 102 -1
250 77 7 95 -1
254 36 8 96 6 67 -1
263 55 5 94 7 30 -1
266 78 -1
270 31 -1
271 34 7 50 3 84 -1
276 69 5 70 -1
286 108 8 61 -1
292 75 7 30 -1
301 84 -1
305 86 8 54 3 35 -1
307 85 -1
314 45 7 115 -1
324 104 5 90 3 70 -1
335 99 -1
339 30 3 89 -1
351 95 4 114 5 57 -1
363 88 3 61 2 66 -1
364 66 7 101 8 86 -1
374 82 4 34 6 82 -1
383 42 5 60 -1
388 108 5 93 -1
396 42 8 65 -1
403 37 -1
414 73 -1
426 64 -1
434 31 -1
440 43 6 96 3 37 -1
445 100 3 72 -1
454 50 6 47 -1
462 65 2 85 2 61 -1
463 81 -1
474 46 5 93 7 44 -1
482 109 5 94 4 53 -1
487 57 -1
488 40 6 68 5 97 -1
495 90 2 39 -1
500 113 5 66 -1
502 55 6 41 5 31 -1
509 57 -1
513 51 3 109 -1
524 97 -1
532 49 7 44 -1
541 55 7 77 2 41 -1
553 118 8 57 -1
555 46 -1
563 98 -1
567 101 2 50 2 63 -1
579 87 4 90 6 97 -1
586 63 7 111 6 69 -1
591 120 3 42 -1
603 96 4 101 3 39 -1
606 85 3 109 7 79 -1
609 71 6 48 -1
611 69 5 70 8 108 -1
616 39 3 31 7 56 -1
618 102 -1
628 65 -1
629 113 8 58 -1
641 80 2 107 5 116 -1
641 61 5 88 -1
648 72 3 103 -1
657 107 -1
658 107 8 71 7 92 -1
661 62 5 88 5 39 -1
663 79 4 74 -1
668 88 -1
680 99 2 69 -1
683 47 2 32 6 81 -1
690 65 -1
702 104 5 115 -1
705 68 5 47 -1
716 118 3 80 8 46 -1
726 64 -1
731 56 7 94 2 99 -1
739 31 3 101 4 81 -1
743 44 5 79 -1
743 107 6 58 -1
747 66 4 114 -1
757 105 8 116 3 104 -1
762 101 -1
762 74 3 54 -1
772 102 7 105 -1
774 67 7 35 2 65 -1
781 103 6 52 7 37 -1
790 35 8 119 4 71 -1
802 94 2 60 -1
805 44 5 59 -1
809 62 -1
818 110 2 49 7 45 -1
822 50 4 59 -1
831 87 8 43 8 85 -1
837 92 -1
845 41 5 53 4 42 -1
855 68 -1
859 106 2 74 7 88 -1
870 59 3 52 4 54 -1
872 34 -1
876 30 3 112 8 66 -1
887 33 -1
896 119 -1
907 80 8 64 3 114 -1
918 93 -1
926 51 8 100 -1
928 118 6 72 -1
937 88 3 95 -1
939 112 4 47 -1
944 94 -1
950 106 3 96 -1
961 115 -1
965 39 5 32 6 30 -1
970 48 7 31 5 68 -1
975 109 -1
980 68 2 31 6 99 -1
982 78 8 118 6 117 -1
994 37 -1
995 99 -1
996 87 -1
1008 78 -1
1010 96 -1
1021 57 -1
1027 52 4 50 3 34 -1
1027 45 -1
1037 107 5 43 -1
1041 57 -1
1053 117 6 97 2 39 -1
1061 53 -1
1067 65 -1
1069 73 2 109 -1
1069 104 7 37 4 51 -1
1070 80 -1
1078 75 -1
1083 116 -1
1084 82 8 112 3 104 -1
1091 55 2 68 -1
1092 48 6 65 -1
1095 119 8 67 4 43 -1
1104 67 2 83 -1
1106 67 -1
1118 102 -1
1128 112 6 94 -1
1137 61 2 57 2 85 -1
1140 33 3 85 -1
1145 62 -1
1153 76 2 71 -1
1161 104 -1
1171 58 5 35 4 38 -1
1171 70 6 47 3 108 -1
1183 67 -1
1194 46 -1
1197 61 -1
1206 114 -1
1211 96 2 98 8 109 -1
