0 3 27 2 27 2 49 5 46 6 49 6 42 7 -1
3 7 28 4 53 3 51 8 51 5 36 3 24 7 23 4 56 2 -1
3 6 56 5 20 8 27 4 59 4 45 7 60 2 32 8 32 8 60 6 40 1 -1
5 6 27 2 53 4 49 6 57 7 31 8 49 2 -1
8 7 42 2 49 2 44 3 58 2 24 1 48 4 41 3 44 3 37 2 29 6 -1
14 7 55 1 25 8 21 4 58 3 -1
19 1 31 3 52 4 47 1 33 1 29 2 26 3 42 1 -1
23 2 21 3 44 4 49 7 32 2 37 6 26 2 51 5 42 6 43 8 50 3 -1
24 1 54 8 38 6 51 5 29 1 53 1 34 6 35 2 50 2 27 7 -1
27 2 42 4 33 1 52 7 49 5 41 4 23 4 23 3 55 3 -1
31 3 54 1 24 5 20 5 31 4 28 8 43 2 34 3 -1
33 8 36 5 21 7 29 7 20 3 56 7 58 7 24 2 48 2 36 4 -1
36 5 22 4 49 5 54 3 46 2 60 8 48 1 -1
39 1 29 1 60 5 60 1 32 8 40 2 25 7 29 5 23 8 27 2 59 3 -1
40 2 35 6 53 4 43 6 43 2 32 2 25 8 -1
41 1 34 5 36 3 52 7 52 1 37 2 48 2 33 7 -1
41 7 24 7 41 4 51 4 60 5 52 5 -1
47 3 31 6 51 4 37 8 42 5 33 7 54 3 47 6 -1
47 1 57 2 56 8 56 4 47 4 41 5 55 6 29 7 59 2 -1
52 4 52 2 25 8 44 4 30 1 60 3 32 1 52 1 25 8 34 4 -1
57 8 53 1 56 1 20 1 42 4 55 6 -1
60 4 34 6 53 5 46 3 26 1 -1
64 4 38 6 55 3 57 4 44 7 31 3 30 2 38 1 36 5 32 8 -1
69 6 59 2 45 8 42 3 58 1 49 4 33 4 39 7 30 3 44 3 -1
75 4 39 4 56 3 46 6 34 7 50 2 48 3 46 8 60 2 23 1 -1
80 6 53 4 51 5 33 8 45 1 46 8 46 8 57 6 24 2 52 6 39 5 31 8 -1
81 6 49 6 36 4 29 7 44 5 -1
84 2 26 8 25 4 27 6 38 5 52 5 21 6 35 7 26 3 40 5 58 1 28 3 -1
88 4 37 8 57 2 45 8 40 1 37 1 57 8 -1
88 3 28 3 45 2 59 3 43 7 31 8 45 3 33 3 23 8 57 3 -1
88 4 45 7 32 3 47 5 36 7 50 4 22 6 58 6 57 4 36 5 60 1 42 3 -1
94 6 38 8 46 8 34 7 44 1 -1
100 7 53 2 29 3 49 8 23 1 33 3 42 7 60 3 -1
101 8 52 4 32 7 37 2 59 2 -1
107 8 52 4 30 7 49 1 24 3 24 6 39 8 24 3 54 6 45 2 35 4 -1
110 1 38 6 56 5 58 2 -1
115 3 20 2 49 5 49 1 34 2 38 6 47 5 57 4 41 3 55 6 20 6 -1
119 1 28 1 24 7 32 6 21 3 -1
122 6 46 2 34 1 50 4 35 1 41 8 57 1 25 8 21 5 -1
124 4 28 4 28 4 53 8 51 3 60 2 39 6 43 5 55 8 -1
124 8 36 7 42 2 54 2 -1
127 7 26 2 35 6 23 1 42 2 -1
128 5 38 2 33 2 60 8 -1
131 2 37 8 51 4 21 8 34 3 -1
132 8 29 7 46 2 24 8 27 6 49 7 49 8 41 3 55 7 30 2 -1
134 6 33 5 35 8 21 7 32 5 43 6 -1
138 4 56 4 37 4 36 4 51 5 53 2 30 7 38 8 30 2 24 7 44 7 40 8 -1
142 2 41 4 41 7 57 4 21 4 28 6 32 2 34 7 52 3 42 7 38 4 46 4 -1
147 2 29 7 46 7 28 4 38 1 56 5 30 6 58 8 38 5 -1
148 1 52 1 35 3 23 7 39 1 38 7 54 2 32 3 -1
152 5 32 3 30 7 28 2 48 7 41 8 53 6 52 2 39 3 27 8 24 7 -1
156 3 44 1 57 6 50 6 49 2 48 5 -1
161 1 37 5 47 3 40 8 55 5 56 2 58 2 46 7 60 3 25 5 55 4 55 8 -1
166 6 50 1 45 4 21 8 56 6 -1
168 6 49 1 21 8 59 5 43 4 45 5 60 6 49 1 50 5 27 3 -1
170 7 38 4 50 5 28 1 60 6 -1
175 3 40 1 51 3 39 3 39 8 24 2 32 3 40 1 25 4 41 4 25 5 47 7 -1
181 1 36 3 30 1 25 7 31 7 46 5 59 8 29 5 -1
184 4 52 2 45 4 47 4 49 6 35 6 37 8 -1
185 2 60 7 40 6 60 7 59 3 47 4 -1
190 7 44 5 51 3 30 4 42 3 50 7 23 7 -1
191 6 21 8 48 1 26 7 46 2 29 1 49 4 31 6 -1
194 2 29 1 21 1 45 4 45 2 31 8 59 6 20 4 -1
199 2 37 2 45 3 55 7 60 4 33 2 58 4 45 3 52 4 21 2 -1
199 5 23 2 58 4 45 2 42 4 51 4 -1
201 3 56 1 29 8 36 1 42 6 45 2 30 5 40 1 30 1 24 2 -1
203 4 38 4 20 2 49 2 41 6 52 2 -1
206 8 39 5 47 1 30 8 54 2 43 4 59 6 37 8 55 5 59 7 -1
211 2 50 7 31 5 45 4 53 7 22 7 37 2 20 2 21 2 30 3 -1
216 6 48 2 28 8 36 5 22 2 50 4 37 5 36 7 53 2 -1
222 7 41 3 20 4 35 7 49 4 -1
226 7 60 2 30 3 39 7 20 8 23 8 43 7 36 1 59 5 33 2 -1
231 5 30 5 30 3 56 6 32 5 54 2 59 4 27 7 23 6 45 5 35 5 48 5 -1
232 5 43 2 41 8 28 3 25 3 20 2 -1
232 7 28 3 40 1 22 6 42 6 33 2 48 5 -1
232 4 58 7 32 2 48 4 42 1 -1
233 5 45 4 57 7 23 5 42 7 58 3 48 6 37 1 51 3 41 2 21 4 33 1 -1
238 7 22 1 20 6 40 8 43 1 24 5 32 3 57 6 -1
241 4 39 6 36 7 21 2 55 8 30 8 51 7 30 7 32 7 23 1 38 2 44 5 -1
247 3 50 5 48 4 58 6 31 8 27 6 28 1 40 3 -1
253 4 42 6 53 4 35 4 31 1 45 4 36 2 21 7 60 7 29 4 59 1 24 3 -1
257 2 39 6 26 1 56 4 60 5 57 8 -1
259 3 35 6 56 5 40 2 51 7 -1
260 5 44 8 24 5 55 1 43 1 56 1 26 8 50 6 46 6 33 5 58 1 59 7 -1
264 2 33 4 48 4 45 2 58 2 31 2 56 2 21 4 39 8 34 1 -1
269 4 30 3 49 3 40 4 56 4 56 5 30 8 48 2 29 7 45 4 41 3 -1
273 2 43 4 30 8 26 6 25 5 -1
277 4 27 1 35 8 45 4 30 7 27 8 27 8 20 3 43 3 35 2 45 5 24 6 -1
282 1 25 4 48 4 48 8 28 1 -1
287 1 22 8 51 3 35 7 26 6 52 6 30 4 -1
293 7 25 4 32 2 20 6 46 4 31 8 20 4 45 2 26 3 -1
295 6 27 2 27 7 54 3 59 3 -1
301 7 39 3 51 6 26 7 49 7 41 1 47 7 30 6 33 1 -1
301 1 54 6 42 7 49 5 25 3 30 5 -1
302 8 56 8 54 5 20 4 56 7 37 5 39 3 28 6 27 4 38 1 27 6 -1
302 7 33 6 21 6 44 6 56 3 27 6 34 8 20 6 21 6 31 6 38 7 48 4 -1
306 2 56 1 59 1 49 6 40 7 -1
306 5 51 5 38 3 59 6 20 3 36 2 30 8 40 6 44 4 57 4 30 5 -1
308 8 35 4 55 3 53 8 28 1 -1
310 1 47 8 27 7 56 8 49 5 38 2 35 3 45 4 26 2 37 2 -1
314 2 44 4 54 3 49 7 29 8 40 4 42 6 44 3 24 2 21 1 39 4 -1
318 1 47 6 49 8 34 2 45 2 40 5 27 6 -1
321 3 33 4 51 4 46 4 57 6 24 1 26 4 27 5 55 3 24 5 -1
323 8 20 2 23 5 45 4 31 7 -1
323 4 40 5 31 1 54 4 43 8 25 1 45 6 43 1 -1
323 6 43 4 60 3 42 6 44 6 32 3 58 1 -1
329 5 24 4 28 8 29 8 57 7 49 6 36 2 42 7 47 1 20 3 -1
330 4 43 5 26 1 27 7 54 7 33 5 34 7 32 5 48 8 45 1 55 1 23 4 -1
334 8 22 5 35 7 42 4 56 4 36 1 41 1 39 8 58 8 48 7 29 2 54 7 -1
338 4 34 4 48 6 41 8 43 2 55 3 -1
341 7 48 4 27 2 60 2 20 7 46 1 28 3 28 1 40 1 32 1 51 1 -1
345 4 33 4 44 4 26 8 37 1 52 6 55 3 54 5 43 8 30 5 35 3 -1
348 3 45 5 39 2 50 2 20 8 22 5 43 7 -1
350 8 32 8 42 7 39 8 40 4 23 2 -1
355 6 46 5 58 7 39 7 36 5 -1
360 1 28 7 26 4 48 4 37 8 43 2 31 2 28 3 46 2 38 5 -1
366 3 22 8 49 5 23 3 59 3 43 3 39 2 57 8 -1
371 1 57 8 43 7 21 5 34 1 37 1 60 7 30 4 58 2 58 8 48 2 21 6 -1
374 4 46 4 21 7 34 1 24 4 46 3 32 4 40 4 20 4 49 5 37 8 25 8 -1
374 1 29 7 29 7 48 4 20 6 30 5 23 6 48 7 48 7 -1
380 5 37 2 40 1 35 1 43 1 51 5 37 2 60 2 -1
383 2 30 5 43 7 45 2 21 2 34 6 -1
389 6 20 5 37 3 47 4 46 7 57 2 25 8 41 7 -1
389 1 55 7 45 4 31 5 47 4 33 1 52 6 31 8 45 6 42 5 -1
390 5 20 8 22 4 20 6 28 1 -1
392 8 27 2 28 7 42 1 43 7 -1
395 3 29 8 32 5 52 3 31 4 38 5 24 8 30 7 29 8 45 3 -1
401 8 51 3 38 7 32 6 28 2 46 8 41 7 21 4 38 6 32 7 31 6 -1
402 5 37 5 52 7 26 3 25 7 57 2 50 1 53 1 -1
407 7 59 8 45 1 41 7 57 3 34 3 59 1 35 8 21 1 -1
408 1 31 4 33 5 32 6 45 6 41 8 -1
410 5 20 7 60 2 23 5 30 3 48 1 33 5 53 8 54 3 -1
410 2 42 8 51 1 34 7 22 2 50 1 26 5 35 1 56 3 57 8 -1
410 5 32 2 43 2 49 2 25 6 31 6 53 1 -1
415 5 39 2 32 2 50 8 52 7 20 2 53 3 26 7 23 7 26 8 35 5 59 5 -1
416 7 57 2 41 1 54 2 34 2 44 6 26 6 42 4 52 7 -1
418 8 35 1 36 4 28 8 42 2 60 8 57 5 33 2 -1
418 3 42 4 38 5 39 6 59 5 29 4 -1
421 2 26 7 60 2 48 5 46 2 -1
425 4 25 3 48 7 37 1 49 3 45 3 48 7 49 1 26 2 25 2 -1
429 7 30 2 28 2 39 7 26 1 30 1 38 1 30 3 -1
429 5 37 1 34 3 43 3 49 1 55 8 31 8 50 1 -1
430 7 52 8 23 8 38 7 37 2 53 2 -1
433 7 59 3 39 7 39 5 33 1 39 5 -1
434 7 41 3 32 8 56 8 43 1 36 8 41 4 44 1 48 1 -1
436 1 33 3 57 5 41 8 57 2 37 5 45 2 47 8 56 2 47 2 38 1 60 1 -1
442 1 50 8 35 7 46 7 30 4 58 8 26 8 35 7 -1
447 8 37 5 39 3 52 8 56 2 41 6 45 1 56 5 54 8 -1
449 6 35 7 53 5 32 1 38 6 25 3 47 6 48 5 -1
453 6 41 1 56 7 50 1 44 6 22 5 52 2 -1
453 4 38 8 43 4 55 6 30 6 26 7 -1
453 7 28 8 30 6 53 7 54 7 48 8 -1
458 2 58 3 54 3 57 4 37 5 39 2 -1
462 6 27 7 53 5 25 4 35 8 21 6 41 8 43 2 34 2 39 2 59 6 55 1 -1
466 3 34 6 28 7 28 1 49 8 -1
471 7 45 4 33 4 49 7 22 1 41 1 60 4 -1
471 1 39 6 31 5 29 4 30 1 -1
472 1 53 6 33 7 42 8 49 2 20 4 39 6 34 7 28 5 60 5 57 2 57 3 -1
473 8 56 7 21 3 45 3 26 1 46 8 50 3 20 6 -1
473 1 34 2 59 6 37 7 20 5 -1
473 4 39 3 26 7 39 3 54 5 20 5 51 8 -1
476 7 26 8 29 6 23 6 56 7 20 4 35 7 39 2 51 6 53 7 39 5 -1
482 7 48 4 56 3 57 5 50 6 34 4 23 1 53 6 39 6 56 4 -1
486 5 40 5 48 5 47 6 28 1 48 1 -1
487 4 35 2 36 3 58 2 21 1 53 7 55 7 -1
493 1 28 6 38 2 51 7 55 6 52 5 53 5 54 1 44 1 -1
493 8 55 2 43 5 59 3 51 6 44 2 24 5 24 8 49 4 39 5 39 5 -1
493 7 47 2 35 2 21 6 30 3 51 3 32 5 37 5 51 8 59 5 35 4 -1
494 8 32 2 28 6 54 1 -1
496 1 33 4 47 6 38 2 45 4 49 6 -1
496 3 59 4 54 4 24 5 57 8 34 1 60 2 46 1 33 4 -1
496 6 20 7 60 1 51 4 56 5 47 4 50 3 52 6 24 2 43 1 21 7 52 5 -1
501 4 41 3 33 1 20 5 22 5 29 5 -1
507 4 31 3 25 7 27 5 39 1 22 4 42 5 -1
511 2 46 6 44 2 31 1 47 3 45 5 59 5 21 1 48 1 37 1 55 7 -1
514 6 41 1 31 4 53 4 54 5 22 2 35 4 47 3 24 8 48 6 58 5 43 5 -1
519 4 23 4 25 5 23 4 59 2 36 6 26 4 41 7 54 4 23 2 57 7 -1
523 6 55 7 36 6 28 6 49 8 58 6 23 4 53 7 -1
527 1 28 8 50 2 60 1 -1
527 8 38 6 29 4 35 4 31 3 -1
528 8 34 7 48 3 56 7 39 4 42 7 -1
528 6 41 8 32 3 47 1 52 5 26 4 35 2 22 7 49 3 30 3 38 8 57 1 -1
530 7 20 8 38 3 41 8 36 1 26 1 -1
530 7 24 6 55 5 36 4 40 5 54 8 53 4 51 6 -1
534 1 55 8 23 3 29 5 31 8 37 2 53 5 48 7 -1
536 2 35 4 41 5 22 6 30 5 20 2 -1
541 7 20 6 42 8 35 8 53 6 34 6 -1
546 6 32 8 22 1 56 8 22 2 56 5 29 8 -1
549 7 32 1 21 4 22 8 -1
549 8 29 8 39 2 23 4 41 1 27 4 46 5 38 6 -1
554 4 25 8 50 2 51 6 24 2 29 3 44 7 -1
556 2 41 1 27 3 59 7 24 8 52 4 37 5 53 2 56 1 27 1 -1
561 7 52 5 49 6 58 7 28 1 51 4 22 4 55 5 45 5 37 7 37 4 -1
562 8 33 2 30 4 57 5 -1
562 7 55 5 37 1 46 1 23 2 34 6 30 4 46 1 31 7 33 1 -1
565 2 38 2 41 8 27 5 -1
567 4 34 7 25 2 39 4 51 1 -1
569 5 50 3 20 4 20 3 50 5 46 1 -1
569 4 31 6 57 8 29 6 54 8 32 5 44 8 51 1 56 6 42 4 42 1 26 5 -1
570 5 22 6 23 5 48 5 29 7 33 7 46 5 57 6 -1
