2 128 2 85 -1
4 1 26 2 26 1 36 5 29 5 16 4 35 1 30 1 18 2 40 3 25 6 30 2 19 6 34 3 21 4 -1
8 118 4 86 -1
12 1 29 5 31 3 20 3 37 4 26 5 20 2 -1
17 4 23 4 20 6 22 4 39 3 33 2 -1
23 2 37 1 15 5 34 3 17 2 27 3 32 6 33 2 20 6 19 2 16 5 15 5 18 6 36 4 -1
23 3 18 1 16 1 30 4 24 5 31 2 18 5 15 3 22 2 15 3 24 2 -1
27 4 37 1 33 4 18 5 22 5 38 1 35 6 36 2 26 5 32 6 23 1 32 3 29 4 40 5 31 4 -1
32 6 24 3 40 5 34 2 34 1 22 6 38 2 29 2 35 6 18 3 25 2 -1
41 2 37 3 28 6 37 2 37 4 26 3 40 1 16 3 21 1 25 4 18 1 -1
50 5 39 3 32 6 21 3 31 5 17 6 35 5 17 3 -1
52 3 15 3 32 5 29 3 26 3 28 3 25 4 16 3 34 6 24 2 19 2 17 3 15 2 30 1 -1
62 4 36 1 37 3 16 6 33 6 15 6 16 3 -1
64 3 21 5 16 4 40 3 26 4 16 6 39 6 39 5 18 5 35 4 34 2 37 6 37 4 35 3 -1
66 62 6 71 -1
67 6 17 4 35 4 28 6 37 3 36 6 34 6 21 6 34 2 16 3 -1
72 2 25 2 27 5 32 3 28 4 22 6 31 1 22 6 18 4 -1
80 3 23 2 38 3 21 5 15 5 20 3 36 2 17 2 28 1 38 1 16 3 21 3 20 5 32 4 -1
80 4 36 1 17 1 31 5 20 6 32 6 23 3 24 2 39 5 24 3 -1
82 5 19 3 30 1 29 2 20 3 29 2 16 4 31 1 37 1 16 4 24 1 22 1 20 3 38 2 -1
86 5 24 2 30 1 24 2 20 1 -1
92 3 38 5 27 3 15 4 28 5 20 5 22 3 30 2 23 1 32 2 -1
101 4 38 6 21 6 21 3 29 4 31 2 30 4 15 1 19 2 -1
101 164 4 160 -1
111 4 22 3 40 3 23 4 26 1 29 4 -1
114 1 20 4 15 4 37 3 34 6 17 6 25 3 37 5 24 1 -1
114 101 -1
121 6 18 3 22 2 15 1 26 2 40 6 21 6 23 5 37 4 40 3 40 5 -1
128 4 27 6 34 3 24 6 35 3 29 6 17 5 16 4 -1
134 1 36 6 30 2 40 3 33 5 37 1 17 5 28 1 19 4 31 3 36 4 16 1 -1
143 3 39 2 39 1 34 6 38 4 28 1 15 6 -1
143 100 -1
145 70 -1
151 2 29 4 32 4 21 1 29 2 16 6 24 1 27 2 21 6 18 4 19 1 37 4 -1
161 5 27 6 31 6 39 4 39 6 21 4 37 4 16 4 21 2 31 3 20 3 24 3 31 6 15 1 35 1 -1
167 4 18 1 24 4 33 1 16 1 15 6 -1
171 4 37 5 33 3 19 3 33 1 26 1 38 5 29 4 34 3 37 6 29 1 33 4 29 1 -1
172 120 -1
177 6 21 3 24 2 35 5 30 6 30 5 40 5 32 4 17 6 15 1 35 6 20 6 -1
179 2 31 3 26 4 35 5 37 3 15 4 37 6 40 2 15 6 17 6 27 3 15 4 37 6 -1
185 4 29 3 38 5 30 1 40 4 17 5 27 5 18 2 22 3 40 6 34 1 -1
193 4 28 5 22 6 16 2 26 2 -1
194 112 5 173 -1
199 1 36 6 31 5 24 4 29 6 22 2 33 4 -1
200 6 32 1 26 5 31 2 29 3 15 2 33 1 22 2 34 3 24 1 29 5 16 6 20 1 16 1 -1
205 1 35 1 20 2 21 3 36 5 36 4 26 6 37 5 33 1 34 4 -1
208 5 20 3 20 1 23 5 30 6 21 4 23 5 21 2 34 2 34 1 22 2 -1
213 6 40 2 36 5 23 2 29 4 15 4 24 6 38 1 23 5 -1
216 6 40 1 22 6 18 1 30 1 34 1 31 6 34 3 21 1 24 3 26 4 30 4 32 3 36 4 -1
218 6 24 4 27 5 36 3 38 5 15 1 -1
225 66 4 176 -1
227 132 4 97 -1
228 4 26 6 24 5 28 4 17 2 28 6 29 5 15 1 32 4 17 1 23 6 33 6 40 1 26 1 27 2 -1
231 5 23 5 29 4 22 4 24 6 16 5 15 3 39 3 28 1 21 1 33 2 24 6 40 4 -1
241 6 22 5 27 2 36 3 22 6 34 2 40 2 23 4 19 4 39 6 32 1 16 3 23 3 -1
242 1 17 4 17 3 33 6 40 6 31 3 30 1 37 2 36 3 33 1 -1
242 3 30 3 16 6 17 1 30 3 18 5 30 6 31 1 33 6 34 6 38 5 29 2 -1
246 3 15 6 19 2 35 6 23 3 40 1 20 6 39 5 16 2 18 5 33 4 16 2 35 3 23 6 -1
246 3 33 4 22 5 39 6 21 2 23 5 17 1 39 2 35 1 20 4 33 2 40 6 17 2 -1
251 5 16 6 15 3 31 6 34 5 40 1 23 1 36 4 34 4 -1
252 1 29 5 29 6 38 3 37 3 37 2 16 3 28 5 23 1 15 2 29 6 24 5 24 6 -1
261 5 19 5 35 1 34 2 36 3 37 1 19 4 28 4 38 4 -1
266 85 -1
268 5 37 4 23 4 35 5 17 5 35 3 29 2 16 5 37 5 32 6 28 6 -1
273 3 18 3 28 2 38 1 31 2 16 3 31 5 17 1 28 6 19 1 -1
274 5 31 4 21 3 38 1 24 2 26 1 35 3 34 5 37 4 32 3 -1
277 1 31 1 40 1 33 3 38 4 -1
279 4 18 4 16 5 16 1 25 2 32 3 22 2 24 5 20 4 36 5 38 2 22 4 28 4 -1
279 158 6 153 -1
280 3 22 2 26 6 36 4 27 3 19 5 40 4 -1
283 5 35 6 20 2 30 2 25 4 28 2 30 2 35 4 27 3 27 6 22 6 36 6 18 5 38 1 20 3 -1
289 5 32 1 36 6 19 2 34 6 -1
293 178 -1
294 3 15 1 40 5 16 2 17 1 -1
297 1 26 1 33 3 21 5 17 5 30 1 17 5 30 6 38 6 -1
297 3 28 4 29 4 27 5 37 4 31 5 30 2 23 5 16 3 34 3 37 6 36 4 33 4 37 2 -1
301 1 16 1 37 6 21 5 23 1 35 2 25 2 27 1 18 3 27 1 19 6 16 2 18 1 19 5 -1
308 3 39 2 30 4 30 1 19 6 33 1 39 5 19 4 29 2 19 3 35 4 29 1 -1
318 1 39 6 24 5 26 5 34 3 35 5 32 4 30 1 -1
322 5 23 2 16 6 21 5 22 4 -1
325 112 -1
331 3 19 4 34 5 19 1 33 1 15 4 18 2 31 3 -1
332 60 -1
335 3 25 6 40 3 38 4 33 4 17 2 34 2 26 1 27 4 37 2 36 2 25 6 36 5 -1
340 4 23 5 34 3 35 1 36 3 40 5 20 2 28 2 39 6 29 6 17 6 19 2 23 2 -1
350 5 22 5 26 3 32 4 27 1 38 1 40 4 17 5 31 1 16 5 26 6 27 4 15 2 18 4 23 3 -1
357 1 20 3 39 2 15 5 22 5 22 1 34 6 22 1 -1
361 1 28 2 17 6 33 2 28 1 -1
369 3 30 5 26 5 31 2 27 5 28 1 17 5 16 5 27 2 16 1 22 2 17 1 38 4 24 6 -1
373 3 40 1 31 5 26 6 19 5 24 3 32 2 21 5 19 5 17 1 -1
376 6 23 4 23 5 15 1 15 5 28 4 40 3 25 5 34 1 25 6 40 3 24 5 37 2 -1
376 95 6 175 -1
379 2 32 4 26 3 21 6 36 4 19 6 27 5 35 1 26 4 21 3 40 5 -1
379 3 31 6 26 5 25 2 23 1 35 1 35 3 32 6 16 4 24 2 40 4 38 3 37 1 -1
387 2 29 5 16 6 15 5 33 6 34 2 27 2 28 1 35 1 -1
396 6 28 3 32 4 22 4 26 5 35 4 32 1 33 3 25 1 30 2 34 5 27 2 36 2 40 6 36 5 -1
405 2 26 2 36 1 17 1 31 3 32 4 33 4 30 2 28 4 22 2 27 5 29 1 -1
414 3 25 2 16 6 21 4 38 4 34 2 16 6 27 3 29 1 25 2 23 5 34 5 35 4 34 4 19 4 -1
423 6 40 5 26 3 15 6 22 3 -1
424 5 15 4 40 3 34 2 38 5 32 2 27 2 -1
427 1 40 1 32 2 15 5 27 5 22 4 31 2 30 1 -1
429 6 40 6 16 1 37 2 40 4 39 5 19 5 39 1 26 2 33 4 34 4 25 6 37 1 23 4 35 6 -1
435 190 6 115 -1
439 6 15 1 38 6 25 6 37 1 29 6 33 1 20 2 -1
439 97 -1
446 4 37 6 29 3 22 2 21 2 -1
455 5 39 3 36 1 18 1 21 2 37 5 37 6 31 3 34 5 16 2 25 2 37 2 19 1 36 2 32 2 -1
463 5 26 3 15 1 26 1 23 3 38 5 24 2 36 5 40 3 28 2 34 5 15 3 28 5 -1
465 3 25 2 37 3 35 6 17 4 17 3 -1
472 1 32 3 37 4 37 1 30 2 28 6 27 5 24 1 15 3 39 6 -1
477 2 24 2 21 6 15 5 34 6 39 3 29 1 19 2 40 1 29 4 36 3 40 6 35 6 -1
481 1 37 3 36 5 25 4 21 3 27 6 21 3 25 2 26 3 25 3 34 5 29 5 36 4 -1
487 1 29 5 18 2 29 5 17 4 -1
487 6 36 6 38 6 28 1 24 1 37 1 19 6 17 1 -1
491 151 -1
496 6 36 3 24 2 20 5 20 2 32 2 34 1 38 4 16 4 -1
499 3 39 4 16 4 19 5 37 1 36 1 20 5 33 1 24 4 25 6 -1
500 4 34 2 15 6 28 6 34 2 20 6 17 4 35 2 36 5 37 4 38 1 38 4 36 1 28 5 -1
508 4 18 5 29 2 26 5 33 2 24 1 34 1 20 6 -1
518 3 34 4 29 4 22 4 38 2 23 4 23 4 16 2 26 3 22 1 22 6 -1
524 2 19 4 26 6 24 1 26 5 32 1 29 1 -1
534 6 26 6 21 6 32 6 23 5 -1
540 5 36 1 29 3 29 1 29 5 31 6 31 2 22 5 -1
550 5 30 6 29 4 21 1 35 2 31 2 17 5 28 4 18 4 26 2 32 2 23 5 -1
551 166 4 143 -1
552 2 31 2 18 5 19 4 30 4 38 5 16 5 17 6 40 1 17 2 29 5 23 4 -1
556 4 29 2 27 5 23 4 18 2 24 2 39 3 27 1 30 1 24 2 15 4 33 2 -1
561 5 19 3 21 2 36 1 30 5 -1
570 2 21 6 37 1 31 4 35 3 28 2 27 5 27 1 40 6 38 4 32 2 28 1 28 4 -1
570 2 35 5 37 6 31 4 38 4 38 2 35 2 32 3 27 2 -1
572 2 22 5 32 4 23 5 25 1 35 6 24 1 16 1 33 2 38 6 20 6 17 2 -1
572 5 29 4 28 5 37 2 32 5 19 6 25 6 18 1 38 6 16 4 40 4 25 3 -1
579 4 25 1 34 6 20 6 19 3 27 3 33 2 29 2 18 2 37 5 25 6 33 4 36 2 -1
580 1 36 4 28 4 38 1 33 5 29 3 38 4 36 4 26 6 -1
583 4 26 6 24 1 18 5 18 2 24 1 25 3 33 3 26 3 37 1 20 6 25 6 -1
586 6 15 5 15 3 39 6 39 5 -1
586 196 2 104 -1
590 5 39 6 40 5 24 6 35 1 33 3 37 2 38 1 32 5 28 1 -1
591 3 27 4 31 4 26 5 39 6 20 3 38 4 34 4 26 6 35 2 -1
595 5 19 4 28 4 34 1 37 1 35 5 29 1 27 3 33 1 15 1 40 4 35 1 19 5 22 6 -1
605 1 33 1 19 1 21 2 36 1 18 5 39 1 31 1 27 1 23 4 -1
612 6 24 4 30 2 25 1 36 3 17 2 24 1 23 3 37 6 22 4 16 6 -1
612 73 3 192 -1
617 4 23 5 25 5 33 3 33 3 33 5 -1
624 5 28 3 30 3 20 4 15 2 18 4 40 6 28 2 29 4 34 4 36 6 24 6 21 6 -1
624 181 -1
629 5 40 3 23 1 17 2 22 3 23 5 29 6 31 3 38 2 20 5 19 1 20 4 28 1 34 4 -1
635 1 21 6 18 4 20 6 26 6 29 2 -1
641 5 21 2 25 6 29 5 33 2 21 5 30 2 39 6 -1
649 1 17 3 29 4 33 5 34 1 37 6 32 4 29 3 31 2 38 6 15 1 -1
654 1 34 5 37 1 22 6 29 6 27 5 -1
661 191 4 67 -1
662 1 36 1 26 3 20 3 15 6 37 1 26 3 15 6 -1
663 3 15 6 25 2 29 4 31 2 -1
668 193 3 184 -1
669 4 19 3 20 6 16 1 15 2 29 2 27 1 27 3 34 3 20 4 30 4 -1
679 5 16 1 27 2 38 5 35 2 -1
687 2 38 6 27 5 19 4 26 5 35 5 28 4 20 1 38 6 24 5 27 6 23 1 16 2 24 4 -1
693 2 27 5 22 2 20 3 19 6 39 2 19 6 23 3 40 5 29 4 19 5 -1
694 1 33 4 37 3 39 2 15 6 28 6 33 4 32 3 20 6 24 1 23 3 16 4 25 6 35 3 -1
696 1 24 6 31 2 30 6 17 4 -1
703 100 3 85 -1
706 4 31 1 19 1 34 6 39 5 19 6 31 3 39 1 38 1 39 6 19 1 15 3 32 6 31 1 25 4 -1
712 4 15 2 19 4 29 1 23 1 39 6 40 2 28 6 34 5 -1
720 1 16 3 29 5 38 1 36 5 26 3 21 4 18 2 37 4 35 1 32 4 -1
730 5 36 3 17 1 21 3 32 3 27 4 20 4 39 3 28 5 25 6 -1
736 3 18 4 29 3 31 1 35 2 15 3 34 3 26 1 26 6 29 5 -1
744 79 -1
745 2 20 3 30 2 22 6 35 5 -1
745 1 37 2 31 6 21 1 28 4 37 4 20 3 19 3 -1
748 2 20 1 18 5 22 3 33 5 33 3 18 5 20 4 26 4 21 1 33 1 -1
753 6 21 6 16 2 35 6 30 1 32 2 23 6 26 5 25 6 16 1 26 6 23 3 21 1 -1
762 6 27 4 37 2 26 2 38 6 30 1 16 4 -1
769 6 31 6 19 1 24 5 16 1 26 3 18 2 -1
772 78 5 171 -1
774 6 22 5 38 6 27 1 18 5 24 2 38 3 18 2 32 4 22 1 35 3 22 6 37 6 25 5 22 3 -1
784 5 23 5 25 5 22 4 30 3 38 4 -1
790 6 25 2 22 2 36 2 28 3 21 6 30 3 40 2 26 6 30 2 31 4 -1
792 6 18 3 21 4 19 5 32 2 17 6 27 6 40 4 16 4 29 1 36 6 40 5 38 1 16 6 34 3 -1
793 143 4 140 -1
849 184 -1
879 155 3 118 -1
887 192 -1
906 63 6 92 -1
966 80 5 138 -1
1019 152 -1
1035 67 6 132 -1
1058 148 -1
1106 150 -1
1128 136 3 65 -1
1183 192 5 132 -1
1184 96 -1
1221 180 6 65 -1
1245 102 -1
1285 133 -1
1341 120 -1
1354 76 6 77 -1
1390 82 3 174 -1
1416 190 4 160 -1
1437 185 6 113 -1
